Conc1	1E-07	
Start1	180	
Stop1	299.8	
Kobs	0.0581717488893242	
Error Kobs	0.000486965419822274	
Koff	0	
Error Koff	0	
Time1	Data1	Fit1	
180	0.00227934	0	
180.2	0.00235384	0.00067097	
180.4	0.00247727	0.00133205	
180.6	0.00214288	0.00198338	
180.8	0.00212296	0.0026251	
181	0.00217965	0.00325737	
181.2	0.00243008	0.00388032	
181.4	0.00301138	0.00449408	
181.6	0.00377968	0.00509879	
181.8	0.00416534	0.00569459	
182	0.00513238	0.0062816	
182.2	0.00579754	0.00685996	
182.4	0.00695924	0.00742979	
182.6	0.00712456	0.00799122	
182.8	0.00771458	0.00854437	
183	0.00882795	0.00908937	
183.2	0.00997322	0.00962633	
183.4	0.01112869	0.01015538	
183.6	0.01207949	0.01067663	
183.8	0.01357976	0.01119019	
184	0.01442305	0.01169618	
184.2	0.01532997	0.01219471	
184.4	0.01590806	0.01268589	
184.6	0.01632361	0.01316983	
184.8	0.01662084	0.01364663	
185	0.01643965	0.01411641	
185.2	0.01653308	0.01457926	
185.4	0.01694603	0.01503528	
185.6	0.01684262	0.01548458	
185.8	0.01662368	0.01592726	
186	0.01675945	0.01636341	
186.2	0.01656268	0.01679313	
186.4	0.01673486	0.01721652	
186.6	0.0172779	0.01763366	
186.8	0.0178835	0.01804465	
187	0.0185376	0.01844959	
187.2	0.01943232	0.01884855	
187.4	0.02009116	0.01924163	
187.6	0.02086715	0.01962892	
187.8	0.02207541	0.0200105	
188	0.02248701	0.02038645	
188.2	0.02291518	0.02075686	
188.4	0.02346468	0.0211218	
188.6	0.02388804	0.02148137	
188.8	0.02391875	0.02183564	
189	0.02383656	0.02218468	
189.2	0.02458735	0.02252858	
189.4	0.02398061	0.0228674	
189.6	0.02362049	0.02320123	
189.8	0.02374246	0.02353014	
190	0.02378661	0.0238542	
190.2	0.02402217	0.02417349	
190.4	0.02412979	0.02448806	
190.6	0.02425219	0.024798	
190.8	0.0245724	0.02510337	
191	0.02555299	0.02540423	
191.2	0.02647178	0.02570066	
191.4	0.02700126	0.02599272	
191.6	0.02766458	0.02628048	
191.8	0.02808933	0.02656399	
192	0.02862447	0.02684332	
192.2	0.02922162	0.02711853	
192.4	0.02929496	0.02738969	
192.6	0.02992095	0.02765685	
192.8	0.03005435	0.02792007	
193	0.03023255	0.02817941	
193.2	0.03039747	0.02843492	
193.4	0.02943455	0.02868667	
193.6	0.02988878	0.02893471	
193.8	0.03026669	0.02917909	
194	0.03023893	0.02941986	
194.2	0.02987326	0.02965709	
194.4	0.02957401	0.02989082	
194.6	0.02965713	0.0301211	
194.8	0.0305637	0.03034799	
195	0.03097325	0.03057154	
195.2	0.03069743	0.03079178	
195.4	0.03110427	0.03100879	
195.6	0.0311431	0.03122259	
195.8	0.03099258	0.03143324	
196	0.03157188	0.03164078	
196.2	0.03168424	0.03184526	
196.4	0.03122909	0.03204673	
196.6	0.03170658	0.03224523	
196.8	0.03166706	0.0324408	
197	0.03187519	0.03263349	
197.2	0.03220665	0.03282334	
197.4	0.03274825	0.03301039	
197.6	0.03332217	0.03319468	
197.8	0.03356419	0.03337626	
198	0.03318676	0.03355515	
198.2	0.03339967	0.03373141	
198.4	0.03358953	0.03390507	
198.6	0.0338725	0.03407618	
198.8	0.0338359	0.03424475	
199	0.03435746	0.03441085	
199.2	0.03461815	0.03457449	
199.4	0.0351817	0.03473572	
199.6	0.03507265	0.03489458	
199.8	0.03536485	0.03505109	
200	0.0359506	0.03520529	
200.2	0.03556471	0.03535723	
200.4	0.03553855	0.03550692	
200.6	0.03560549	0.0356544	
200.8	0.03569874	0.03579971	
201	0.03590798	0.03594288	
201.2	0.03602265	0.03608394	
201.4	0.03653961	0.03622292	
201.6	0.03633515	0.03635984	
201.8	0.03627685	0.03649475	
202	0.03618371	0.03662768	
202.2	0.03649786	0.03675864	
202.4	0.03633718	0.03688767	
202.6	0.03633586	0.03701479	
202.8	0.03651826	0.03714005	
203	0.03761746	0.03726346	
203.2	0.03750071	0.03738504	
203.4	0.03756679	0.03750484	
203.6	0.03805612	0.03762287	
203.8	0.03886705	0.03773916	
204	0.03936576	0.03785373	
204.2	0.03926836	0.03796662	
204.4	0.0395849	0.03807784	
204.6	0.03911367	0.03818742	
204.8	0.03909725	0.03829538	
205	0.03934473	0.03840176	
205.2	0.03931902	0.03850656	
205.4	0.03943224	0.03860982	
205.6	0.03913654	0.03871156	
205.8	0.03941646	0.0388118	
206	0.0390381	0.03891056	
206.2	0.03883429	0.03900786	
206.4	0.03868033	0.03910373	
206.6	0.03822974	0.03919819	
206.8	0.03847937	0.03929125	
207	0.03803691	0.03938295	
207.2	0.03743923	0.03947329	
207.4	0.03756577	0.03956229	
207.6	0.03833788	0.03964999	
207.8	0.0388078	0.03973639	
208	0.03904559	0.03982152	
208.2	0.03927392	0.03990539	
208.4	0.03938981	0.03998803	
208.6	0.03967988	0.04006945	
208.8	0.04020953	0.04014967	
209	0.04100566	0.0402287	
209.2	0.04090552	0.04030658	
209.4	0.04126084	0.0403833	
209.6	0.04168357	0.04045889	
209.8	0.04176134	0.04053337	
210	0.04151559	0.04060675	
210.2	0.04210004	0.04067904	
210.4	0.04225802	0.04075027	
210.6	0.04213925	0.04082045	
210.8	0.04204929	0.0408896	
211	0.0410681	0.04095773	
211.2	0.04117791	0.04102485	
211.4	0.04118962	0.04109098	
211.6	0.04109117	0.04115614	
211.8	0.0407816	0.04122034	
212	0.04099155	0.04128359	
212.2	0.04094125	0.04134591	
212.4	0.04046651	0.04140731	
212.6	0.0402316	0.0414678	
212.8	0.04030539	0.0415274	
213	0.04050949	0.04158613	
213.2	0.04064693	0.04164398	
213.4	0.04120499	0.04170099	
213.6	0.04135504	0.04175715	
213.8	0.04129115	0.04181249	
214	0.04176077	0.04186701	
214.2	0.04272274	0.04192073	
214.4	0.04312563	0.04197365	
214.6	0.04333574	0.0420258	
214.8	0.04296191	0.04207717	
215	0.04328459	0.04212779	
215.2	0.04341123	0.04217766	
215.4	0.04317757	0.0422268	
215.6	0.04320129	0.04227521	
215.8	0.04354459	0.04232291	
216	0.04380797	0.04236991	
216.2	0.04356025	0.04241621	
216.4	0.04336387	0.04246183	
216.6	0.0435622	0.04250678	
216.8	0.04400851	0.04255106	
217	0.04399534	0.04259469	
217.2	0.04418695	0.04263768	
217.4	0.04438949	0.04268004	
217.6	0.04391885	0.04272177	
217.8	0.04331335	0.04276288	
218	0.04335316	0.04280339	
218.2	0.04319511	0.0428433	
218.4	0.04290951	0.04288262	
218.6	0.04253014	0.04292137	
218.8	0.04243989	0.04295954	
219	0.0430004	0.04299715	
219.2	0.04279388	0.0430342	
219.4	0.04269577	0.04307071	
219.6	0.04311538	0.04310668	
219.8	0.04310348	0.04314212	
220	0.04332996	0.04317704	
220.2	0.04335975	0.04321144	
220.4	0.0438856	0.04324534	
220.6	0.04431021	0.04327874	
220.8	0.04463867	0.04331164	
221	0.04437411	0.04334406	
221.2	0.04453428	0.043376	
221.4	0.04426261	0.04340747	
221.6	0.04306527	0.04343847	
221.8	0.04346933	0.04346902	
222	0.04337392	0.04349912	
222.2	0.04292177	0.04352877	
222.4	0.0429565	0.04355799	
222.6	0.04276447	0.04358678	
222.8	0.04281213	0.04361514	
223	0.04317915	0.04364308	
223.2	0.04320454	0.04367061	
223.4	0.04311942	0.04369774	
223.6	0.04359076	0.04372447	
223.8	0.04355662	0.0437508	
224	0.04369254	0.04377674	
224.2	0.04374177	0.0438023	
224.4	0.04434759	0.04382749	
224.6	0.04479688	0.0438523	
224.8	0.04512767	0.04387675	
225	0.04502227	0.04390084	
225.2	0.04575358	0.04392457	
225.4	0.0454015	0.04394795	
225.6	0.04527748	0.04397099	
225.8	0.04604665	0.04399368	
226	0.04568505	0.04401605	
226.2	0.04584628	0.04403808	
226.4	0.04578201	0.04405979	
226.6	0.04598851	0.04408118	
226.8	0.04662775	0.04410225	
227	0.04698754	0.04412301	
227.2	0.04671262	0.04414347	
227.4	0.04623947	0.04416362	
227.6	0.04651173	0.04418348	
227.8	0.04590036	0.04420304	
228	0.04481234	0.04422232	
228.2	0.04493225	0.04424131	
228.4	0.04518437	0.04426002	
228.6	0.045289	0.04427846	
228.8	0.04555528	0.04429663	
229	0.04558243	0.04431452	
229.2	0.04588303	0.04433215	
229.4	0.04523595	0.04434953	
229.6	0.04540981	0.04436664	
229.8	0.04537556	0.04438351	
230	0.04530243	0.04440012	
230.2	0.04500847	0.04441649	
230.4	0.04441725	0.04443262	
230.6	0.04494527	0.04444852	
230.8	0.04529552	0.04446417	
231	0.04535678	0.0444796	
231.2	0.04494822	0.0444948	
231.4	0.04507012	0.04450977	
231.6	0.04513952	0.04452453	
231.8	0.04442987	0.04453906	
232	0.04453953	0.04455339	
232.2	0.04477423	0.0445675	
232.4	0.04481561	0.0445814	
232.6	0.04522157	0.0445951	
232.8	0.04563873	0.04460859	
233	0.04540323	0.04462189	
233.2	0.04533076	0.04463499	
233.4	0.04542771	0.0446479	
233.6	0.04511218	0.04466062	
233.8	0.04453746	0.04467315	
234	0.04432403	0.04468549	
234.2	0.04387073	0.04469766	
234.4	0.04434935	0.04470964	
234.6	0.04487978	0.04472145	
234.8	0.0446903	0.04473308	
235	0.04460072	0.04474454	
235.2	0.04402652	0.04475584	
235.4	0.04443268	0.04476696	
235.6	0.04422412	0.04477792	
235.8	0.04446986	0.04478873	
236	0.0448675	0.04479937	
236.2	0.04454246	0.04480985	
236.4	0.04535324	0.04482018	
236.6	0.0458998	0.04483036	
236.8	0.04580747	0.04484039	
237	0.04567684	0.04485027	
237.2	0.04546077	0.04486	
237.4	0.04544116	0.04486959	
237.6	0.04491359	0.04487904	
237.8	0.0452078	0.04488835	
238	0.04552424	0.04489752	
238.2	0.04565991	0.04490656	
238.4	0.04585856	0.04491546	
238.6	0.04545484	0.04492424	
238.8	0.04510373	0.04493288	
239	0.04504184	0.0449414	
239.2	0.04474344	0.04494979	
239.4	0.04480037	0.04495805	
239.6	0.04464052	0.0449662	
239.8	0.04474871	0.04497422	
240	0.04474871	0.04498213	
240.2	0.04433837	0.04446183	
240.4	0.04381924	0.04394754	
240.6	0.04329922	0.0434392	
240.8	0.04281461	0.04293674	
241	0.0419633	0.0424401	
241.2	0.0416329	0.0419492	
241.4	0.04094636	0.04146397	
241.6	0.04012039	0.04098436	
241.8	0.03971517	0.0405103	
242	0.0389871	0.04004172	
242.2	0.03857501	0.03957856	
242.4	0.03768615	0.03912076	
242.6	0.03698192	0.03866825	
242.8	0.03607794	0.03822097	
243	0.03459396	0.03777888	
243.2	0.03399119	0.03734189	
243.4	0.03362041	0.03690996	
243.6	0.03343449	0.03648302	
243.8	0.03336298	0.03606103	
244	0.03334536	0.03564391	
244.2	0.03366777	0.03523162	
244.4	0.03376874	0.0348241	
244.6	0.03353393	0.03442129	
244.8	0.03338531	0.03402314	
245	0.03238612	0.0336296	
245.2	0.03215872	0.03324061	
245.4	0.03142423	0.03285612	
245.6	0.03088119	0.03247607	
245.8	0.03062968	0.03210042	
246	0.02929481	0.03172912	
246.2	0.02894982	0.03136211	
246.4	0.02796885	0.03099935	
246.6	0.02755369	0.03064078	
246.8	0.02738211	0.03028636	
247	0.02712788	0.02993604	
247.2	0.02772909	0.02958977	
247.4	0.02787029	0.02924751	
247.6	0.02783742	0.0289092	
247.8	0.02834152	0.02857481	
248	0.02818876	0.02824429	
248.2	0.02764031	0.02791759	
248.4	0.02747499	0.02759467	
248.6	0.02698623	0.02727548	
248.8	0.02614679	0.02695999	
249	0.02510419	0.02664815	
249.2	0.02542355	0.02633991	
249.4	0.02485701	0.02603524	
249.6	0.02422799	0.02573409	
249.8	0.02379019	0.02543643	
250	0.0231669	0.0251422	
250.2	0.02340576	0.02485139	
250.4	0.02312891	0.02456393	
250.6	0.02368169	0.0242798	
250.8	0.02381212	0.02399896	
251	0.02343538	0.02372136	
251.2	0.02377997	0.02344698	
251.4	0.02336021	0.02317577	
251.6	0.02292705	0.0229077	
251.8	0.0222845	0.02264273	
252	0.0212907	0.02238082	
252.2	0.02031366	0.02212194	
252.4	0.02024489	0.02186606	
252.6	0.01946781	0.02161314	
252.8	0.01902809	0.02136314	
253	0.01867784	0.02111603	
253.2	0.01877761	0.02087179	
253.4	0.01813421	0.02063036	
253.6	0.01770942	0.02039173	
253.8	0.01783215	0.02015586	
254	0.01730757	0.01992272	
254.2	0.01732084	0.01969228	
254.4	0.01741502	0.0194645	
254.6	0.01747837	0.01923935	
254.8	0.01750558	0.01901681	
255	0.01731458	0.01879685	
255.2	0.01738292	0.01857942	
255.4	0.01677891	0.01836452	
255.6	0.01659884	0.0181521	
255.8	0.01639407	0.01794213	
256	0.01585983	0.0177346	
256.2	0.01568982	0.01752946	
256.4	0.01545847	0.0173267	
256.6	0.01496907	0.01712628	
256.8	0.01503985	0.01692818	
257	0.0146022	0.01673238	
257.2	0.01475154	0.01653884	
257.4	0.01486236	0.01634753	
257.6	0.01435773	0.01615844	
257.8	0.01454002	0.01597154	
258	0.01422174	0.0157868	
258.2	0.01472173	0.01560419	
258.4	0.0151119	0.0154237	
258.6	0.01529322	0.01524529	
258.8	0.01595585	0.01506895	
259	0.0154647	0.01489465	
259.2	0.01550342	0.01472236	
259.4	0.01541512	0.01455207	
259.6	0.01511787	0.01438375	
259.8	0.0152839	0.01421737	
260	0.01469959	0.01405292	
260.2	0.01454151	0.01389037	
260.4	0.01408709	0.0137297	
260.6	0.01384469	0.01357089	
260.8	0.01376221	0.01341392	
261	0.01308728	0.01325876	
261.2	0.01302176	0.0131054	
261.4	0.01292346	0.01295381	
261.6	0.0120874	0.01280397	
261.8	0.0118248	0.01265587	
262	0.01108375	0.01250948	
262.2	0.01066402	0.01236479	
262.4	0.01074809	0.01222176	
262.6	0.01047151	0.01208039	
262.8	0.01035561	0.01194066	
263	0.00949427	0.01180254	
263.2	0.00945529	0.01166602	
263.4	0.00908422	0.01153108	
263.6	0.00914244	0.01139771	
263.8	0.00908911	0.01126587	
264	0.0081984	0.01113556	
264.2	0.00844145	0.01100675	
264.4	0.00848383	0.01087944	
264.6	0.00896299	0.0107536	
264.8	0.00933127	0.01062921	
265	0.0093857	0.01050626	
265.2	0.01011928	0.01038474	
265.4	0.01015289	0.01026462	
265.6	0.01021255	0.01014589	
265.8	0.01023398	0.01002853	
266	0.01002033	0.00991253	
266.2	0.00978903	0.00979787	
266.4	0.01019158	0.00968454	
266.6	0.01036708	0.00957252	
266.8	0.01052917	0.0094618	
267	0.01026671	0.00935235	
267.2	0.01013455	0.00924418	
267.4	0.01040422	0.00913725	
267.6	0.00991989	0.00903156	
267.8	0.00907021	0.00892709	
268	0.00882717	0.00882383	
268.2	0.00895836	0.00872177	
268.4	0.00869449	0.00862088	
268.6	0.00878888	0.00852117	
268.8	0.00845845	0.0084226	
269	0.00836437	0.00832518	
269.2	0.0082413	0.00822888	
269.4	0.00814878	0.0081337	
269.6	0.00806758	0.00803962	
269.8	0.00733679	0.00794662	
270	0.00687583	0.00785471	
270.2	0.00676206	0.00776385	
270.4	0.00723095	0.00767405	
270.6	0.00742044	0.00758528	
270.8	0.00736359	0.00749754	
271	0.00717804	0.00741082	
271.2	0.00716981	0.0073251	
271.4	0.0073673	0.00724037	
271.6	0.0066266	0.00715662	
271.8	0.00678572	0.00707384	
272	0.00631215	0.00699202	
272.2	0.00532177	0.00691114	
272.4	0.00518485	0.0068312	
272.6	0.00485612	0.00675219	
272.8	0.00516563	0.00667408	
273	0.00516364	0.00659689	
273.2	0.00497487	0.00652058	
273.4	0.0053778	0.00644516	
273.6	0.00515442	0.00637061	
273.8	0.00495597	0.00629692	
274	0.0049937	0.00622408	
274.2	0.00548206	0.00615209	
274.4	0.00598287	0.00608093	
274.6	0.00616338	0.00601059	
274.8	0.00645765	0.00594107	
275	0.00611398	0.00587235	
275.2	0.00611994	0.00580442	
275.4	0.00608503	0.00573728	
275.6	0.00574329	0.00567092	
275.8	0.005676	0.00560532	
276	0.00466307	0.00554049	
276.2	0.00424133	0.0054764	
276.4	0.00413219	0.00541306	
276.6	0.0035938	0.00535044	
276.8	0.00391249	0.00528855	
277	0.00337002	0.00522738	
277.2	0.00353417	0.00516692	
277.4	0.00378578	0.00510715	
277.6	0.00358419	0.00504808	
277.8	0.00379858	0.00498969	
278	0.0037301	0.00493197	
278.2	0.00376644	0.00487492	
278.4	0.00429286	0.00481854	
278.6	0.00451637	0.0047628	
278.8	0.00457957	0.00470771	
279	0.00413121	0.00465326	
279.2	0.00440643	0.00459943	
279.4	0.0041947	0.00454623	
279.6	0.00339801	0.00449364	
279.8	0.00315493	0.00444167	
280	0.00268973	0.00439029	
280.2	0.0028389	0.00433951	
280.4	0.00296454	0.00428931	
280.6	0.00281203	0.0042397	
280.8	0.002926	0.00419066	
281	0.00263982	0.00414219	
281.2	0.0029841	0.00409427	
281.4	0.00294924	0.00404692	
281.6	0.00308609	0.0040001	
281.8	0.00347538	0.00395384	
282	0.0034076	0.0039081	
282.2	0.00367012	0.0038629	
282.4	0.00415742	0.00381822	
282.6	0.00372751	0.00377405	
282.8	0.00337395	0.0037304	
283	0.00318896	0.00368725	
283.2	0.00333404	0.0036446	
283.4	0.00303756	0.00360244	
283.6	0.00244069	0.00356077	
283.8	0.00259065	0.00351958	
284	0.00278995	0.00347887	
284.2	0.00287494	0.00343863	
284.4	0.00239054	0.00339886	
284.6	0.00193819	0.00335954	
284.8	0.00193242	0.00332068	
285	0.00203887	0.00328227	
285.2	0.00179637	0.00324431	
285.4	0.00196353	0.00320678	
285.6	0.00185094	0.00316969	
285.8	0.00216993	0.00313303	
286	0.00171727	0.00309679	
286.2	0.0015802	0.00306097	
286.4	0.00149099	0.00302556	
286.6	0.00080303	0.00299056	
286.8	0.00121785	0.00295597	
287	0.00129925	0.00292178	
287.2	0.0021827	0.00288798	
287.4	0.0025854	0.00285458	
287.6	0.00228686	0.00282156	
287.8	0.00237494	0.00278892	
288	0.00285459	0.00275666	
288.2	0.00242977	0.00272478	
288.4	0.00272075	0.00269326	
288.6	0.00297196	0.00266211	
288.8	0.00338218	0.00263132	
289	0.00322408	0.00260088	
289.2	0.00252203	0.0025708	
289.4	0.00235321	0.00254106	
289.6	0.00143748	0.00251167	
289.8	0.00072914	0.00248261	
290	0.00021787	0.0024539	
290.2	0.00005824	0.00242551	
290.4	-0.00027059	0.00239746	
290.6	-0.00067902	0.00236973	
290.8	0.00002089	0.00234232	
291	-0.00012691	0.00231522	
291.2	0.00079947	0.00228844	
291.4	0.00125167	0.00226197	
291.6	0.00121426	0.00223581	
291.8	0.00216491	0.00220995	
292	0.00297477	0.00218439	
292.2	0.00354872	0.00215912	
292.4	0.00378141	0.00213414	
292.6	0.00356457	0.00210946	
292.8	0.00381254	0.00208506	
293	0.00342657	0.00206094	
293.2	0.002824	0.0020371	
293.4	0.0017043	0.00201354	
293.6	0.00060526	0.00199025	
293.8	0.00023759	0.00196723	
294	-0.00002573	0.00194447	
294.2	-0.00057358	0.00192198	
294.4	-0.00087361	0.00189975	
294.6	-0.0013716	0.00187778	
294.8	-0.00116351	0.00185606	
295	-0.00098912	0.00183459	
295.2	0.00006612	0.00181337	
295.4	0.00037146	0.00179239	
295.6	0.00077209	0.00177166	
295.8	0.00132346	0.00175117	
296	0.00168403	0.00173091	
296.2	0.00160437	0.00171089	
296.4	0.00094914	0.0016911	
296.6	0.00054572	0.00167154	
296.8	0.00017277	0.0016522	
297	-0.00032338	0.00163309	
297.2	-0.0006131	0.0016142	
297.4	-0.00168659	0.00159553	
297.6	-0.0017693	0.00157708	
297.8	-0.00137604	0.00155883	
298	-0.00160021	0.0015408	
298.2	-0.00132449	0.00152298	
298.4	-0.00109821	0.00150536	
298.6	-0.00080672	0.00148795	
298.8	0.00020087	0.00147074	
299	0.00077066	0.00145373	
299.2	0.00118818	0.00143691	
299.4	0.0013483	0.00142029	
299.6	0.00203386	0.00140386	
299.8	0.00226241	0.00138763	
