Conc1	2E-07	
Start1	180	
Stop1	299.8	
Kobs	0.0972439915747857	
Error Kobs	0.00132414856037619	
Koff	0	
Error Koff	0	
Time1	Data1	Fit1	
180	0.00705228	0	
180.2	0.00868685	0.00256513	
180.4	0.009569	0.00504887	
180.6	0.01135447	0.00745381	
180.8	0.01333771	0.00978244	
181	0.01518135	0.01203719	
181.2	0.01707684	0.0142204	
181.4	0.01880803	0.01633434	
181.6	0.0209744	0.01838121	
181.8	0.02272071	0.02036313	
182	0.02487942	0.02228218	
182.2	0.02657784	0.02414033	
182.4	0.02869991	0.02593953	
182.6	0.03024539	0.02768165	
182.8	0.03178387	0.02936849	
183	0.03324763	0.03100181	
183.2	0.03517357	0.0325833	
183.4	0.03674776	0.03411462	
183.6	0.03885732	0.03559736	
183.8	0.04011503	0.03703305	
184	0.04175174	0.03842318	
184.2	0.04313923	0.03976921	
184.4	0.04344042	0.04107254	
184.6	0.04486844	0.04233451	
184.8	0.04566533	0.04355644	
185	0.04619521	0.0447396	
185.2	0.04699512	0.04588523	
185.4	0.04743801	0.0469945	
185.6	0.04827266	0.04806858	
185.8	0.04918826	0.04910858	
186	0.0504124	0.05011558	
186.2	0.05132027	0.05109064	
186.4	0.05226457	0.05203475	
186.6	0.05240179	0.05294891	
186.8	0.05365465	0.05383407	
187	0.05420255	0.05469114	
187.2	0.05497896	0.05552102	
187.4	0.05577619	0.05632457	
187.6	0.05612285	0.05710262	
187.8	0.05693345	0.05785599	
188	0.0571592	0.05858545	
188.2	0.05748831	0.05929177	
188.4	0.05807313	0.05997568	
188.6	0.05850306	0.06063789	
188.8	0.05937243	0.06127909	
189	0.06006154	0.06189994	
189.2	0.06081427	0.0625011	
189.4	0.06153773	0.06308318	
189.6	0.06264977	0.0636468	
189.8	0.06387668	0.06419253	
190	0.06489626	0.06472095	
190.2	0.06553725	0.0652326	
190.4	0.06573669	0.06572801	
190.6	0.06605129	0.06620771	
190.8	0.06638504	0.06667219	
191	0.06670528	0.06712193	
191.2	0.06735272	0.06755741	
191.4	0.06771265	0.06797906	
191.6	0.06766508	0.06838734	
191.8	0.06866152	0.06878266	
192	0.06919405	0.06916544	
192.2	0.06919493	0.06953608	
192.4	0.06993465	0.06989495	
192.6	0.07021099	0.07024244	
192.8	0.07046555	0.07057891	
193	0.07047578	0.0709047	
193.2	0.07042683	0.07122015	
193.4	0.0710202	0.07152559	
193.6	0.07121715	0.07182135	
193.8	0.07121237	0.07210771	
194	0.07156863	0.072385	
194.2	0.07151895	0.07265348	
194.4	0.07170656	0.07291345	
194.6	0.07199301	0.07316517	
194.8	0.07262192	0.0734089	
195	0.07393708	0.0736449	
195.2	0.07388614	0.07387341	
195.4	0.07397932	0.07409467	
195.6	0.07450366	0.07430891	
195.8	0.07494647	0.07451635	
196	0.07503189	0.07471721	
196.2	0.07512781	0.0749117	
196.4	0.07589595	0.07510002	
196.6	0.07605688	0.07528236	
196.8	0.07549631	0.07545892	
197	0.07542335	0.07562987	
197.2	0.07528207	0.0757954	
197.4	0.07527536	0.07595568	
197.6	0.07507238	0.07611088	
197.8	0.07478932	0.07626115	
198	0.07474698	0.07640665	
198.2	0.0744735	0.07654753	
198.4	0.07432764	0.07668395	
198.6	0.0747714	0.07681604	
198.8	0.07524598	0.07694393	
199	0.07533441	0.07706777	
199.2	0.07499184	0.07718768	
199.4	0.07554214	0.07730378	
199.6	0.07581171	0.07741621	
199.8	0.07591937	0.07752506	
200	0.07647643	0.07763046	
200.2	0.07716761	0.07773252	
200.4	0.07758105	0.07783133	
200.6	0.07756256	0.07792702	
200.8	0.07659565	0.07801966	
201	0.07693911	0.07810937	
201.2	0.07704654	0.07819623	
201.4	0.07673264	0.07828034	
201.6	0.07713371	0.07836177	
201.8	0.07688953	0.07844063	
202	0.07688199	0.07851698	
202.2	0.07696226	0.07859091	
202.4	0.07700955	0.07866249	
202.6	0.0775122	0.0787318	
202.8	0.07781332	0.07879891	
203	0.07768081	0.0788639	
203.2	0.07839737	0.07892682	
203.4	0.07849147	0.07898774	
203.6	0.07869628	0.07904674	
203.8	0.0789726	0.07910386	
204	0.07889809	0.07915916	
204.2	0.07913122	0.07921272	
204.4	0.07865175	0.07926457	
204.6	0.07841912	0.07931478	
204.8	0.07815486	0.0793634	
205	0.078553	0.07941047	
205.2	0.07851829	0.07945605	
205.4	0.07833327	0.07950018	
205.6	0.07826664	0.07954292	
205.8	0.07835802	0.07958429	
206	0.07867766	0.07962436	
206.2	0.07826915	0.07966315	
206.4	0.07842402	0.07970071	
206.6	0.07858903	0.07973708	
206.8	0.07912666	0.0797723	
207	0.07834882	0.0798064	
207.2	0.07895868	0.07983942	
207.4	0.0788394	0.07987139	
207.6	0.07877528	0.07990234	
207.8	0.07903339	0.07993232	
208	0.07931623	0.07996134	
208.2	0.07958653	0.07998944	
208.4	0.07939672	0.08001665	
208.6	0.07933123	0.080043	
208.8	0.07949791	0.08006851	
209	0.07885327	0.08009321	
209.2	0.07860353	0.08011713	
209.4	0.077955	0.08014029	
209.6	0.07761646	0.08016271	
209.8	0.07807937	0.08018442	
210	0.07782334	0.08020545	
210.2	0.07733463	0.0802258	
210.4	0.07745756	0.08024551	
210.6	0.07696366	0.0802646	
210.8	0.0770779	0.08028308	
211	0.07681642	0.08030097	
211.2	0.07728409	0.0803183	
211.4	0.07760815	0.08033507	
211.6	0.07762396	0.08035132	
211.8	0.07880515	0.08036705	
212	0.07918155	0.08038227	
212.2	0.07926375	0.08039702	
212.4	0.07940791	0.0804113	
212.6	0.07985003	0.08042512	
212.8	0.08036954	0.08043851	
213	0.07957363	0.08045147	
213.2	0.07972931	0.08046402	
213.4	0.07985333	0.08047618	
213.6	0.08012217	0.08048794	
213.8	0.08073289	0.08049934	
214	0.08080329	0.08051037	
214.2	0.08110866	0.08052105	
214.4	0.08145659	0.08053139	
214.6	0.08169028	0.08054141	
214.8	0.082195	0.0805511	
215	0.08234039	0.08056049	
215.2	0.08256905	0.08056959	
215.4	0.08296591	0.08057839	
215.6	0.08286665	0.08058691	
215.8	0.08316694	0.08059517	
216	0.08329387	0.08060316	
216.2	0.08256419	0.0806109	
216.4	0.08245236	0.08061839	
216.6	0.08255458	0.08062564	
216.8	0.08210199	0.08063267	
217	0.08115244	0.08063947	
217.2	0.08112628	0.08064605	
217.4	0.08091527	0.08065243	
217.6	0.08086424	0.08065861	
217.8	0.08102592	0.08066458	
218	0.08083163	0.08067037	
218.2	0.08123171	0.08067598	
218.4	0.08136191	0.08068141	
218.6	0.08126129	0.08068666	
218.8	0.08131265	0.08069175	
219	0.08127116	0.08069668	
219.2	0.08146867	0.08070145	
219.4	0.08113497	0.08070607	
219.6	0.08100153	0.08071054	
219.8	0.0810501	0.08071487	
220	0.08119046	0.08071906	
220.2	0.08065211	0.08072312	
220.4	0.08135351	0.08072706	
220.6	0.08152685	0.08073086	
220.8	0.0812179	0.08073455	
221	0.08126601	0.08073812	
221.2	0.08165035	0.08074157	
221.4	0.08151658	0.08074492	
221.6	0.0815676	0.08074816	
221.8	0.08119286	0.0807513	
222	0.08146169	0.08075433	
222.2	0.08170702	0.08075728	
222.4	0.08173326	0.08076012	
222.6	0.08139437	0.08076288	
222.8	0.08118181	0.08076555	
223	0.0812669	0.08076814	
223.2	0.0806605	0.08077064	
223.4	0.0804465	0.08077306	
223.6	0.08041423	0.08077541	
223.8	0.0803214	0.08077768	
224	0.08025537	0.08077988	
224.2	0.08053059	0.08078202	
224.4	0.08073607	0.08078408	
224.6	0.08091221	0.08078608	
224.8	0.08046068	0.08078801	
225	0.08073097	0.08078988	
225.2	0.08067057	0.0807917	
225.4	0.08032675	0.08079345	
225.6	0.08009063	0.08079515	
225.8	0.07955004	0.0807968	
226	0.07983491	0.08079839	
226.2	0.07968769	0.08079994	
226.4	0.07958568	0.08080143	
226.6	0.07934501	0.08080288	
226.8	0.07877293	0.08080428	
227	0.07927137	0.08080564	
227.2	0.07883101	0.08080695	
227.4	0.07924806	0.08080822	
227.6	0.07953701	0.08080945	
227.8	0.08011253	0.08081065	
228	0.08090946	0.0808118	
228.2	0.08159036	0.08081292	
228.4	0.08159349	0.080814	
228.6	0.08179336	0.08081505	
228.8	0.08179178	0.08081606	
229	0.08202679	0.08081705	
229.2	0.08222566	0.080818	
229.4	0.08187118	0.08081892	
229.6	0.08168821	0.08081981	
229.8	0.0811353	0.08082068	
230	0.08128625	0.08082151	
230.2	0.08095231	0.08082232	
230.4	0.08043568	0.08082311	
230.6	0.08001963	0.08082387	
230.8	0.07990407	0.0808246	
231	0.08065734	0.08082531	
231.2	0.08078737	0.080826	
231.4	0.08091013	0.08082667	
231.6	0.08159102	0.08082732	
231.8	0.08160336	0.08082794	
232	0.08185531	0.08082855	
232.2	0.08198965	0.08082913	
232.4	0.0817854	0.0808297	
232.6	0.08192691	0.08083025	
232.8	0.08213341	0.08083078	
233	0.08202399	0.0808313	
233.2	0.08208311	0.0808318	
233.4	0.08177248	0.08083228	
233.6	0.0817762	0.08083275	
233.8	0.08133451	0.0808332	
234	0.08125384	0.08083364	
234.2	0.08104678	0.08083407	
234.4	0.08088811	0.08083448	
234.6	0.08117927	0.08083488	
234.8	0.08164097	0.08083526	
235	0.08162714	0.08083564	
235.2	0.08176301	0.080836	
235.4	0.08148931	0.08083635	
235.6	0.08211866	0.08083669	
235.8	0.08196066	0.08083702	
236	0.08225114	0.08083734	
236.2	0.08222388	0.08083764	
236.4	0.08163478	0.08083794	
236.6	0.08161403	0.08083823	
236.8	0.08162491	0.08083851	
237	0.08160424	0.08083878	
237.2	0.08190627	0.08083904	
237.4	0.08180736	0.0808393	
237.6	0.08154215	0.08083954	
237.8	0.08124274	0.08083978	
238	0.0811437	0.08084001	
238.2	0.08124857	0.08084023	
238.4	0.08115637	0.08084045	
238.6	0.08138409	0.08084066	
238.8	0.08143986	0.08084086	
239	0.08159538	0.08084106	
239.2	0.08188845	0.08084125	
239.4	0.08215327	0.08084143	
239.6	0.08268548	0.08084161	
239.8	0.08273173	0.08084178	
240	0.08273173	0.08084195	
240.2	0.08179215	0.07928486	
240.4	0.08044629	0.07775776	
240.6	0.07903472	0.07626008	
240.8	0.07725019	0.07479124	
241	0.07544995	0.0733507	
241.2	0.07363507	0.0719379	
241.4	0.07162982	0.07055231	
241.6	0.07027979	0.06919341	
241.8	0.06868852	0.06786068	
242	0.06740763	0.06655362	
242.2	0.0657037	0.06527174	
242.4	0.06453454	0.06401455	
242.6	0.06367128	0.06278157	
242.8	0.06242215	0.06157234	
243	0.06134617	0.06038641	
243.2	0.05973378	0.05922331	
243.4	0.05848465	0.05808262	
243.6	0.05732829	0.05696389	
243.8	0.05575737	0.05586672	
244	0.05420432	0.05479067	
244.2	0.05363849	0.05373536	
244.4	0.05292614	0.05270037	
244.6	0.05177058	0.05168531	
244.8	0.05091159	0.05068981	
245	0.0503258	0.04971347	
245.2	0.04927776	0.04875595	
245.4	0.04813104	0.04781687	
245.6	0.04739224	0.04689587	
245.8	0.0462686	0.04599261	
246	0.04541476	0.04510676	
246.2	0.04379998	0.04423796	
246.4	0.0440286	0.0433859	
246.6	0.04324073	0.04255025	
246.8	0.0423027	0.04173069	
247	0.0417165	0.04092692	
247.2	0.04050745	0.04013863	
247.4	0.04001979	0.03936553	
247.6	0.03905361	0.03860731	
247.8	0.03826829	0.0378637	
248	0.03764344	0.03713441	
248.2	0.03768565	0.03641917	
248.4	0.03801222	0.0357177	
248.6	0.03716893	0.03502975	
248.8	0.03670468	0.03435504	
249	0.03588353	0.03369334	
249.2	0.0346715	0.03304437	
249.4	0.03364937	0.03240791	
249.6	0.03274211	0.0317837	
249.8	0.03195159	0.03117152	
250	0.03073566	0.03057113	
250.2	0.02961795	0.0299823	
250.4	0.02925703	0.02940482	
250.6	0.02815543	0.02883845	
250.8	0.02706074	0.028283	
251	0.02640521	0.02773824	
251.2	0.02549691	0.02720398	
251.4	0.02512141	0.02668001	
251.6	0.02471264	0.02616613	
251.8	0.0238245	0.02566214	
252	0.02381753	0.02516787	
252.2	0.0237084	0.02468311	
252.4	0.02401692	0.02420769	
252.6	0.02331688	0.02374143	
252.8	0.02320921	0.02328415	
253	0.02273346	0.02283568	
253.2	0.02267152	0.02239584	
253.4	0.02245279	0.02196448	
253.6	0.0222664	0.02154142	
253.8	0.02211593	0.02112652	
254	0.02167861	0.0207196	
254.2	0.02151763	0.02032052	
254.4	0.02120267	0.01992913	
254.6	0.02064364	0.01954528	
254.8	0.01984442	0.01916882	
255	0.0190958	0.01879961	
255.2	0.01884706	0.01843751	
255.4	0.01821208	0.01808239	
255.6	0.01838782	0.01773411	
255.8	0.01773253	0.01739253	
256	0.01783409	0.01705754	
256.2	0.01666943	0.01672899	
256.4	0.01632668	0.01640678	
256.6	0.01571376	0.01609077	
256.8	0.01500075	0.01578085	
257	0.01454971	0.01547689	
257.2	0.01418841	0.01517879	
257.4	0.01392116	0.01488644	
257.6	0.01429389	0.01459971	
257.8	0.01421577	0.01431851	
258	0.01406589	0.01404272	
258.2	0.01385402	0.01377224	
258.4	0.01327059	0.01350698	
258.6	0.0130885	0.01324682	
258.8	0.01251383	0.01299168	
259	0.01244755	0.01274145	
259.2	0.01263975	0.01249603	
259.4	0.01290237	0.01225535	
259.6	0.01384028	0.0120193	
259.8	0.01332296	0.0117878	
260	0.01323828	0.01156075	
260.2	0.01270393	0.01133808	
260.4	0.01272186	0.0111197	
260.6	0.01280158	0.01090553	
260.8	0.01294688	0.01069548	
261	0.01333689	0.01048947	
261.2	0.01276134	0.01028744	
261.4	0.01301175	0.01008929	
261.6	0.013116	0.00989496	
261.8	0.01263904	0.00970438	
262	0.0122054	0.00951746	
262.2	0.01212915	0.00933415	
262.4	0.01157429	0.00915436	
262.6	0.01146542	0.00897804	
262.8	0.01081132	0.00880512	
263	0.01011122	0.00863552	
263.2	0.00941268	0.00846919	
263.4	0.0093483	0.00830607	
263.6	0.00862742	0.00814609	
263.8	0.00808108	0.00798919	
264	0.00803908	0.00783531	
264.2	0.00786654	0.00768439	
264.4	0.00760942	0.00753638	
264.6	0.00766173	0.00739123	
264.8	0.00818849	0.00724887	
265	0.00750671	0.00710925	
265.2	0.00693886	0.00697232	
265.4	0.0068144	0.00683802	
265.6	0.00689927	0.00670632	
265.8	0.00729275	0.00657715	
266	0.00724878	0.00645046	
266.2	0.00778057	0.00632622	
266.4	0.00795775	0.00620437	
266.6	0.0077652	0.00608487	
266.8	0.00729009	0.00596767	
267	0.00630308	0.00585273	
267.2	0.0063348	0.00574	
267.4	0.00539142	0.00562944	
267.6	0.00452559	0.00552102	
267.8	0.00438549	0.00541468	
268	0.0043417	0.00531038	
268.2	0.00405098	0.0052081	
268.4	0.00339883	0.00510779	
268.6	0.00323048	0.00500941	
268.8	0.00304733	0.00491292	
269	0.00249829	0.0048183	
269.2	0.00252484	0.00472549	
269.4	0.00286066	0.00463447	
269.6	0.00337668	0.00454521	
269.8	0.00407774	0.00445766	
270	0.00400384	0.00437181	
270.2	0.00415962	0.0042876	
270.4	0.00455494	0.00420502	
270.6	0.00427408	0.00412403	
270.8	0.00396318	0.00404459	
271	0.00378533	0.00396669	
271.2	0.00373053	0.00389029	
271.4	0.0031375	0.00381536	
271.6	0.00303442	0.00374187	
271.8	0.00315556	0.0036698	
272	0.00344251	0.00359912	
272.2	0.00310081	0.00352979	
272.4	0.00238438	0.00346181	
272.6	0.00269138	0.00339513	
272.8	0.00268885	0.00332974	
273	0.00283349	0.0032656	
273.2	0.00325779	0.0032027	
273.4	0.00345953	0.00314102	
273.6	0.00357146	0.00308052	
273.8	0.00349834	0.00302118	
274	0.00283579	0.00296299	
274.2	0.0024938	0.00290592	
274.4	0.0030904	0.00284995	
274.6	0.00218797	0.00279506	
274.8	0.00181136	0.00274123	
275	0.00188844	0.00268843	
275.2	0.00183023	0.00263665	
275.4	0.001756	0.00258586	
275.6	0.00121672	0.00253606	
275.8	0.00193067	0.00248721	
276	0.00223543	0.0024393	
276.2	0.00229876	0.00239232	
276.4	0.0024756	0.00234624	
276.6	0.00309803	0.00230105	
276.8	0.00347204	0.00225673	
277	0.00351779	0.00221326	
277.2	0.00386123	0.00217063	
277.4	0.00364672	0.00212883	
277.6	0.00347764	0.00208782	
277.8	0.00339393	0.00204761	
278	0.00301648	0.00200817	
278.2	0.0035516	0.00196949	
278.4	0.00333707	0.00193156	
278.6	0.00235733	0.00189435	
278.8	0.00246645	0.00185787	
279	0.00237626	0.00182208	
279.2	0.00232633	0.00178699	
279.4	0.0018687	0.00175257	
279.6	0.00127569	0.00171881	
279.8	0.00147049	0.00168571	
280	0.00098311	0.00165324	
280.2	0.00076186	0.0016214	
280.4	0.00051438	0.00159017	
280.6	0.00005355	0.00155954	
280.8	-0.00036851	0.0015295	
281	-0.00102469	0.00150004	
281.2	-0.00109097	0.00147115	
281.4	-0.00112391	0.00144281	
281.6	-0.0006833	0.00141502	
281.8	-0.00052198	0.00138777	
282	-0.00057281	0.00136104	
282.2	-0.0001284	0.00133482	
282.4	-0.00034689	0.00130911	
282.6	-0.00000179	0.0012839	
282.8	0.00059681	0.00125917	
283	0.00119443	0.00123492	
283.2	0.00108817	0.00121113	
283.4	0.00140274	0.0011878	
283.6	0.00134709	0.00116493	
283.8	0.00165653	0.00114249	
284	0.00222071	0.00112048	
284.2	0.00220588	0.0010989	
284.4	0.00202069	0.00107774	
284.6	0.00167124	0.00105698	
284.8	0.00160037	0.00103662	
285	0.00157015	0.00101665	
285.2	0.00176965	0.00099707	
285.4	0.00175192	0.00097787	
285.6	0.00157657	0.00095903	
285.8	0.00076092	0.00094056	
286	0.00008551	0.00092244	
286.2	0.00028983	0.00090468	
286.4	0.00015493	0.00088725	
286.6	-0.00056683	0.00087016	
286.8	-0.00047543	0.0008534	
287	-0.00062623	0.00083697	
287.2	-0.00067334	0.00082085	
287.4	-0.00026309	0.00080504	
287.6	-0.00065532	0.00078953	
287.8	-0.00020715	0.00077432	
288	0.0002766	0.00075941	
288.2	0.00007824	0.00074478	
288.4	-0.00011596	0.00073044	
288.6	0.00044718	0.00071637	
288.8	0.00060368	0.00070257	
289	0.00079708	0.00068904	
289.2	0.0009607	0.00067577	
289.4	0.00075141	0.00066275	
289.6	0.00056719	0.00064998	
289.8	0.00008028	0.00063747	
290	-0.00009817	0.00062519	
290.2	-0.00007861	0.00061315	
290.4	-0.00092635	0.00060134	
290.6	-0.00183474	0.00058975	
290.8	-0.00148884	0.00057839	
291	-0.00200794	0.00056725	
291.2	-0.00258045	0.00055633	
291.4	-0.00242966	0.00054561	
291.6	-0.00252482	0.0005351	
291.8	-0.00234678	0.0005248	
292	-0.00250657	0.00051469	
292.2	-0.00286509	0.00050478	
292.4	-0.00287449	0.00049505	
292.6	-0.00276011	0.00048552	
292.8	-0.00260792	0.00047617	
293	-0.00224713	0.000467	
293.2	-0.00222754	0.000458	
293.4	-0.00239462	0.00044918	
293.6	-0.00267687	0.00044053	
293.8	-0.003112	0.00043204	
294	-0.00333318	0.00042372	
294.2	-0.00371786	0.00041556	
294.4	-0.00360363	0.00040756	
294.6	-0.00342602	0.00039971	
294.8	-0.00256286	0.00039201	
295	-0.00283819	0.00038446	
295.2	-0.0025899	0.00037705	
295.4	-0.00215386	0.00036979	
295.6	-0.00222141	0.00036267	
295.8	-0.00233021	0.00035568	
296	-0.00249091	0.00034883	
296.2	-0.00181082	0.00034211	
296.4	-0.00149446	0.00033552	
296.6	-0.00112946	0.00032906	
296.8	-0.00063267	0.00032272	
297	-0.00033574	0.00031651	
297.2	-0.00031441	0.00031041	
297.4	-0.00063055	0.00030443	
297.6	-0.00108796	0.00029857	
297.8	-0.00144389	0.00029282	
298	-0.00161353	0.00028718	
298.2	-0.00152141	0.00028165	
298.4	-0.0012554	0.00027622	
298.6	-0.0011572	0.0002709	
298.8	-0.00111391	0.00026568	
299	-0.00159697	0.00026057	
299.2	-0.00168812	0.00025555	
299.4	-0.00194347	0.00025063	
299.6	-0.00179773	0.0002458	
299.8	-0.0019516	0.00024106	
