Conc1	1E-07	
Start1	180	
Stop1	299.8	
Kobs	0.0972439915747857	
Error Kobs	0.00132414856037619	
Koff	0	
Error Koff	0	
Time1	Data1	Fit1	
180	0.0013568	0	
180.2	0.00250819	0.0010882	
180.4	0.00281163	0.00214864	
180.6	0.00358333	0.00318203	
180.8	0.00458865	0.00418904	
181	0.00556308	0.00517036	
181.2	0.00675425	0.00612665	
181.4	0.0075209	0.00705853	
181.6	0.00839165	0.00796664	
181.8	0.00927617	0.00885158	
182	0.01002542	0.00971394	
182.2	0.0105984	0.0105543	
182.4	0.01144908	0.01137322	
182.6	0.01204658	0.01217124	
182.8	0.01257525	0.0129489	
183	0.01336101	0.01370672	
183.2	0.01488043	0.0144452	
183.4	0.01583186	0.01516485	
183.6	0.01749081	0.01586613	
183.8	0.0179757	0.01654952	
184	0.01868438	0.01721547	
184.2	0.01948004	0.01786443	
184.4	0.01923764	0.01849683	
184.6	0.02001674	0.0191131	
184.8	0.02079856	0.01971364	
185	0.02116343	0.02029886	
185.2	0.02177411	0.02086915	
185.4	0.02173955	0.02142489	
185.6	0.02196292	0.02196645	
185.8	0.02229713	0.02249419	
186	0.02257477	0.02300847	
186.2	0.02297471	0.02350962	
186.4	0.02333885	0.02399799	
186.6	0.02337471	0.0244739	
186.8	0.02414766	0.02493766	
187	0.02449475	0.0253896	
187.2	0.02523555	0.02583	
187.4	0.02565311	0.02625916	
187.6	0.02543315	0.02667738	
187.8	0.02615109	0.02708492	
188	0.02624169	0.02748207	
188.2	0.02639157	0.02786908	
188.4	0.0268265	0.02824622	
188.6	0.02724377	0.02861374	
188.8	0.02800967	0.02897188	
189	0.02842044	0.02932088	
189.2	0.02858392	0.02966098	
189.4	0.02870615	0.0299924	
189.6	0.02911442	0.03031536	
189.8	0.02968811	0.03063009	
190	0.03064093	0.03093678	
190.2	0.03100815	0.03123565	
190.4	0.03176732	0.03152689	
190.6	0.0318258	0.0318107	
190.8	0.03181717	0.03208727	
191	0.03205323	0.03235679	
191.2	0.03227719	0.03261943	
191.4	0.03282651	0.03287536	
191.6	0.03268472	0.03312477	
191.8	0.03376033	0.03336781	
192	0.0336525	0.03360465	
192.2	0.03387314	0.03383545	
192.4	0.0344721	0.03406036	
192.6	0.03438974	0.03427954	
192.8	0.03434414	0.03449311	
193	0.03431412	0.03470125	
193.2	0.03386512	0.03490407	
193.4	0.03457023	0.03510171	
193.6	0.03492973	0.03529431	
193.8	0.03528237	0.035482	
194	0.03588446	0.0356649	
194.2	0.03610924	0.03584313	
194.4	0.03656836	0.03601682	
194.6	0.03638353	0.03618607	
194.8	0.03668028	0.03635101	
195	0.03736752	0.03651174	
195.2	0.03707158	0.03666836	
195.4	0.03762578	0.03682099	
195.6	0.03776583	0.03696973	
195.8	0.03807127	0.03711467	
196	0.03798024	0.03725591	
196.2	0.03761629	0.03739355	
196.4	0.03740508	0.03752768	
196.6	0.03662103	0.03765838	
196.8	0.03599559	0.03778575	
197	0.03592489	0.03790988	
197.2	0.03608058	0.03803083	
197.4	0.03613159	0.0381487	
197.6	0.03617619	0.03826356	
197.8	0.03642619	0.03837549	
198	0.03655185	0.03848456	
198.2	0.03669931	0.03859085	
198.4	0.03638836	0.03869443	
198.6	0.03683341	0.03879537	
198.8	0.0365339	0.03889373	
199	0.0366657	0.03898958	
199.2	0.03706018	0.03908298	
199.4	0.03772826	0.03917401	
199.6	0.03840142	0.03926271	
199.8	0.03855257	0.03934914	
200	0.03897591	0.03943337	
200.2	0.03896459	0.03951546	
200.4	0.0386146	0.03959545	
200.6	0.03891656	0.03967339	
200.8	0.03815381	0.03974935	
201	0.0384716	0.03982337	
201.2	0.03904059	0.0398955	
201.4	0.03862059	0.03996579	
201.6	0.03916118	0.04003429	
201.8	0.03951755	0.04010104	
202	0.03950883	0.04016609	
202.2	0.03957477	0.04022948	
202.4	0.03962097	0.04029125	
202.6	0.04025841	0.04035144	
202.8	0.03988159	0.0404101	
203	0.03995283	0.04046726	
203.2	0.04035172	0.04052297	
203.4	0.04016629	0.04057725	
203.6	0.04053567	0.04063014	
203.8	0.04066398	0.04068169	
204	0.04103512	0.04073192	
204.2	0.04065947	0.04078088	
204.4	0.04012344	0.04082858	
204.6	0.04021913	0.04087506	
204.8	0.03969686	0.04092036	
205	0.0403611	0.0409645	
205.2	0.04025939	0.04100752	
205.4	0.0398668	0.04104944	
205.6	0.04001154	0.04109029	
205.8	0.04015139	0.04113009	
206	0.04011494	0.04116889	
206.2	0.03992413	0.04120669	
206.4	0.04030814	0.04124353	
206.6	0.04017237	0.04127942	
206.8	0.03992131	0.0413144	
207	0.03913812	0.04134849	
207.2	0.03991245	0.04138171	
207.4	0.04002366	0.04141408	
207.6	0.04048888	0.04144563	
207.8	0.04099981	0.04147637	
208	0.0416651	0.04150633	
208.2	0.04138072	0.04153552	
208.4	0.04151575	0.04156397	
208.6	0.0420794	0.04159169	
208.8	0.04249794	0.0416187	
209	0.04258601	0.04164503	
209.2	0.0423529	0.04167068	
209.4	0.04191359	0.04169568	
209.6	0.0416719	0.04172004	
209.8	0.04169509	0.04174378	
210	0.04124175	0.04176691	
210.2	0.04099897	0.04178946	
210.4	0.04120879	0.04181142	
210.6	0.04031899	0.04183283	
210.8	0.04020552	0.04185369	
211	0.03988275	0.04187402	
211.2	0.04077243	0.04189383	
211.4	0.04081972	0.04191314	
211.6	0.04095713	0.04193195	
211.8	0.04178444	0.04195028	
212	0.04199202	0.04196815	
212.2	0.04148197	0.04198556	
212.4	0.04177566	0.04200252	
212.6	0.04233796	0.04201905	
212.8	0.04247551	0.04203516	
213	0.04184927	0.04205086	
213.2	0.04152219	0.04206616	
213.4	0.04123757	0.04208107	
213.6	0.04163994	0.0420956	
213.8	0.04200395	0.04210976	
214	0.04188916	0.04212355	
214.2	0.04259218	0.042137	
214.4	0.04299787	0.0421501	
214.6	0.04288256	0.04216286	
214.8	0.0433051	0.0421753	
215	0.04347544	0.04218743	
215.2	0.04391754	0.04219924	
215.4	0.0441647	0.04221075	
215.6	0.04361668	0.04222197	
215.8	0.04384526	0.04223291	
216	0.04364993	0.04224356	
216.2	0.0429931	0.04225394	
216.4	0.04254334	0.04226406	
216.6	0.04236078	0.04227392	
216.8	0.04172383	0.04228353	
217	0.04116471	0.04229289	
217.2	0.04108072	0.04230201	
217.4	0.04143375	0.0423109	
217.6	0.04187659	0.04231957	
217.8	0.04206355	0.04232801	
218	0.04247056	0.04233624	
218.2	0.04282162	0.04234425	
218.4	0.04268013	0.04235207	
218.6	0.04250127	0.04235968	
218.8	0.04243282	0.0423671	
219	0.0421482	0.04237433	
219.2	0.04237557	0.04238137	
219.4	0.04254583	0.04238824	
219.6	0.04223517	0.04239493	
219.8	0.04260511	0.04240145	
220	0.04280392	0.0424078	
220.2	0.04213947	0.042414	
220.4	0.04218282	0.04242003	
220.6	0.04216923	0.04242591	
220.8	0.04198043	0.04243164	
221	0.04202466	0.04243722	
221.2	0.04198667	0.04244266	
221.4	0.04239159	0.04244796	
221.6	0.04238797	0.04245313	
221.8	0.04224947	0.04245817	
222	0.04269112	0.04246307	
222.2	0.04248282	0.04246785	
222.4	0.04248058	0.04247251	
222.6	0.04249139	0.04247705	
222.8	0.04246058	0.04248148	
223	0.04270175	0.04248579	
223.2	0.0428495	0.04248999	
223.4	0.04291157	0.04249409	
223.6	0.04297043	0.04249808	
223.8	0.04298632	0.04250196	
224	0.04320363	0.04250575	
224.2	0.04272719	0.04250945	
224.4	0.04255423	0.04251304	
224.6	0.04243198	0.04251655	
224.8	0.04222916	0.04251997	
225	0.04224142	0.0425233	
225.2	0.0423511	0.04252654	
225.4	0.04248598	0.0425297	
225.6	0.04243032	0.04253278	
225.8	0.04191182	0.04253579	
226	0.04240759	0.04253871	
226.2	0.04244035	0.04254156	
226.4	0.04222811	0.04254434	
226.6	0.0421797	0.04254705	
226.8	0.04215224	0.04254969	
227	0.0427418	0.04255226	
227.2	0.04290799	0.04255477	
227.4	0.0432006	0.04255721	
227.6	0.04409965	0.04255959	
227.8	0.04427948	0.04256191	
228	0.0445401	0.04256417	
228.2	0.04494528	0.04256637	
228.4	0.04527142	0.04256851	
228.6	0.04522349	0.0425706	
228.8	0.04499664	0.04257264	
229	0.0447352	0.04257463	
229.2	0.04510818	0.04257656	
229.4	0.04454672	0.04257845	
229.6	0.04398434	0.04258029	
229.8	0.04340246	0.04258208	
230	0.0434056	0.04258382	
230.2	0.04308405	0.04258552	
230.4	0.04268609	0.04258718	
230.6	0.04287042	0.04258879	
230.8	0.04287533	0.04259037	
231	0.04350734	0.0425919	
231.2	0.04361538	0.0425934	
231.4	0.04334463	0.04259485	
231.6	0.04391704	0.04259627	
231.8	0.04341885	0.04259765	
232	0.04397281	0.042599	
232.2	0.04443801	0.04260031	
232.4	0.04386506	0.04260159	
232.6	0.043593	0.04260284	
232.8	0.04354391	0.04260406	
233	0.0432778	0.04260524	
233.2	0.04383318	0.04260639	
233.4	0.04336445	0.04260752	
233.6	0.04314106	0.04260861	
233.8	0.0428735	0.04260968	
234	0.04271912	0.04261072	
234.2	0.0429518	0.04261174	
234.4	0.04270035	0.04261272	
234.6	0.04281189	0.04261369	
234.8	0.0427164	0.04261463	
235	0.04268477	0.04261554	
235.2	0.04261829	0.04261643	
235.4	0.04226714	0.0426173	
235.6	0.04261278	0.04261815	
235.8	0.04292535	0.04261897	
236	0.04360181	0.04261977	
236.2	0.04375828	0.04262056	
236.4	0.04385552	0.04262132	
236.6	0.04385386	0.04262206	
236.8	0.04401653	0.04262279	
237	0.04362719	0.0426235	
237.2	0.04386414	0.04262418	
237.4	0.04327814	0.04262485	
237.6	0.04268074	0.04262551	
237.8	0.04240142	0.04262614	
238	0.04218555	0.04262677	
238.2	0.04202073	0.04262737	
238.4	0.04160955	0.04262796	
238.6	0.04182195	0.04262853	
238.8	0.04184465	0.04262909	
239	0.04201285	0.04262964	
239.2	0.04236634	0.04263017	
239.4	0.04256123	0.04263069	
239.6	0.04322018	0.04263119	
239.8	0.04393806	0.04263168	
240	0.04393806	0.04263216	
240.2	0.04351308	0.04181103	
240.4	0.04273065	0.04100571	
240.6	0.04190086	0.04021591	
240.8	0.04093489	0.03944131	
241	0.04008099	0.03868164	
241.2	0.03878687	0.03793659	
241.4	0.03795989	0.0372059	
241.6	0.03743481	0.03648928	
241.8	0.0368091	0.03578647	
242	0.03657606	0.03509719	
242.2	0.03617331	0.03442118	
242.4	0.03568024	0.0337582	
242.6	0.03558102	0.03310799	
242.8	0.03482784	0.0324703	
243	0.03387725	0.03184489	
243.2	0.03296636	0.03123153	
243.4	0.03155569	0.03062998	
243.6	0.0310462	0.03004002	
243.8	0.02946767	0.02946143	
244	0.02883468	0.02889397	
244.2	0.02835919	0.02833745	
244.4	0.02803702	0.02779164	
244.6	0.02695524	0.02725635	
244.8	0.02656704	0.02673137	
245	0.0260046	0.0262165	
245.2	0.02525832	0.02571155	
245.4	0.02541161	0.02521632	
245.6	0.02506812	0.02473063	
245.8	0.02491113	0.0242543	
246	0.024742	0.02378714	
246.2	0.02415974	0.02332898	
246.4	0.02417066	0.02287964	
246.6	0.02355123	0.02243896	
246.8	0.02276214	0.02200676	
247	0.02242596	0.02158289	
247.2	0.02156208	0.02116719	
247.4	0.02129812	0.02075949	
247.6	0.02050439	0.02035964	
247.8	0.01976876	0.0199675	
248	0.01935493	0.01958291	
248.2	0.01878289	0.01920572	
248.4	0.01906866	0.0188358	
248.6	0.0181379	0.01847301	
248.8	0.01821215	0.0181172	
249	0.0175109	0.01776825	
249.2	0.01713056	0.01742602	
249.4	0.0168229	0.01709038	
249.6	0.0168437	0.0167612	
249.8	0.01656076	0.01643836	
250	0.01601725	0.01612175	
250.2	0.01553554	0.01581123	
250.4	0.01535859	0.01550669	
250.6	0.01473528	0.01520802	
250.8	0.01431349	0.0149151	
251	0.0146074	0.01462782	
251.2	0.01440874	0.01434607	
251.4	0.01415557	0.01406976	
251.6	0.0133089	0.01379876	
251.8	0.01276643	0.01353298	
252	0.01205771	0.01327233	
252.2	0.01166717	0.01301669	
252.4	0.01184103	0.01276598	
252.6	0.01119326	0.01252009	
252.8	0.0106665	0.01227894	
253	0.00996558	0.01204244	
253.2	0.01019539	0.01181049	
253.4	0.01027777	0.01158301	
253.6	0.01059688	0.01135991	
253.8	0.01034906	0.01114111	
254	0.0101882	0.01092652	
254.2	0.01026054	0.01071607	
254.4	0.01054353	0.01050967	
254.6	0.01045722	0.01030724	
254.8	0.01034782	0.01010871	
255	0.01067026	0.00991401	
255.2	0.01033896	0.00972306	
255.4	0.00990683	0.00953578	
255.6	0.00988813	0.00935212	
255.8	0.0095279	0.00917199	
256	0.00911381	0.00899533	
256.2	0.00860398	0.00882207	
256.4	0.00809029	0.00865215	
256.6	0.00750431	0.0084855	
256.8	0.00674402	0.00832206	
257	0.0068932	0.00816177	
257.2	0.00668519	0.00800457	
257.4	0.00593459	0.00785039	
257.6	0.00606042	0.00769919	
257.8	0.00568912	0.00755089	
258	0.00539697	0.00740546	
258.2	0.00531777	0.00726282	
258.4	0.0054295	0.00712293	
258.6	0.00534695	0.00698574	
258.8	0.00527467	0.00685119	
259	0.00538116	0.00671923	
259.2	0.00530494	0.00658981	
259.4	0.00599856	0.00646288	
259.6	0.00618457	0.0063384	
259.8	0.00570193	0.00621632	
260	0.005713	0.00609659	
260.2	0.00572741	0.00597916	
260.4	0.00623768	0.005864	
260.6	0.00661574	0.00575105	
260.8	0.00711882	0.00564028	
261	0.00765056	0.00553164	
261.2	0.00708329	0.0054251	
261.4	0.00727153	0.00532061	
261.6	0.00747714	0.00521813	
261.8	0.00683947	0.00511762	
262	0.00650015	0.00501905	
262.2	0.0057496	0.00492238	
262.4	0.00517033	0.00482757	
262.6	0.00450289	0.00473459	
262.8	0.00391125	0.0046434	
263	0.00319664	0.00455396	
263.2	0.00235663	0.00446625	
263.4	0.0022654	0.00438022	
263.6	0.0012172	0.00429586	
263.8	0.00083502	0.00421311	
264	0.00110196	0.00413197	
264.2	0.00147425	0.00405238	
264.4	0.00188105	0.00397433	
264.6	0.00217726	0.00389778	
264.8	0.00296883	0.0038227	
265	0.00254902	0.00374908	
265.2	0.00262814	0.00367686	
265.4	0.00305821	0.00360604	
265.6	0.00311537	0.00353659	
265.8	0.00348618	0.00346847	
266	0.00310774	0.00340167	
266.2	0.00300389	0.00333615	
266.4	0.0033932	0.00327189	
266.6	0.00341935	0.00320887	
266.8	0.00334217	0.00314706	
267	0.00279144	0.00308645	
267.2	0.0024401	0.003027	
267.4	0.00199855	0.0029687	
267.6	0.00148048	0.00291152	
267.8	0.0013281	0.00285544	
268	0.0011307	0.00280044	
268.2	0.00076482	0.0027465	
268.4	0.00044065	0.0026936	
268.6	0.00012359	0.00264172	
268.8	-0.0000297	0.00259084	
269	-0.00072883	0.00254094	
269.2	-0.00013535	0.002492	
269.4	0.00040259	0.002444	
269.6	0.0007529	0.00239693	
269.8	0.00162635	0.00235076	
270	0.00113118	0.00230548	
270.2	0.00154492	0.00226108	
270.4	0.00185592	0.00221752	
270.6	0.00197216	0.00217481	
270.8	0.00174474	0.00213292	
271	0.0015818	0.00209184	
271.2	0.00137677	0.00205155	
271.4	0.00071618	0.00201204	
271.6	0.00003118	0.00197328	
271.8	-0.0004644	0.00193528	
272	-0.00048794	0.001898	
272.2	-0.00072768	0.00186144	
272.4	-0.00093687	0.00182559	
272.6	-0.00084687	0.00179043	
272.8	-0.00076499	0.00175594	
273	-0.00046566	0.00172212	
273.2	0.00029468	0.00168895	
273.4	0.00068247	0.00165642	
273.6	0.00075459	0.00162452	
273.8	0.00096193	0.00159323	
274	0.00019623	0.00156254	
274.2	0.0002274	0.00153244	
274.4	0.00088892	0.00150293	
274.6	0.00057761	0.00147398	
274.8	0.00016457	0.00144559	
275	0.00040534	0.00141775	
275.2	0.00025984	0.00139044	
275.4	-0.00002209	0.00136366	
275.6	-0.0003998	0.00133739	
275.8	0.00030597	0.00131163	
276	0.00049391	0.00128637	
276.2	0.00099814	0.00126159	
276.4	0.0013095	0.0012373	
276.6	0.00162278	0.00121346	
276.8	0.00156642	0.00119009	
277	0.00143037	0.00116717	
277.2	0.00163996	0.00114469	
277.4	0.0010164	0.00112264	
277.6	0.00014034	0.00110102	
277.8	-0.00033304	0.00107981	
278	-0.00054543	0.00105901	
278.2	-0.00045486	0.00103862	
278.4	-0.00041295	0.00101861	
278.6	-0.00138306	0.00099899	
278.8	-0.00139919	0.00097975	
279	-0.00097143	0.00096088	
279.2	-0.00119741	0.00094237	
279.4	-0.00134541	0.00092422	
279.6	-0.0016293	0.00090642	
279.8	-0.00156556	0.00088896	
280	-0.00196474	0.00087184	
280.2	-0.00153687	0.00085505	
280.4	-0.00171785	0.00083858	
280.6	-0.00148814	0.00082243	
280.8	-0.00212802	0.00080659	
281	-0.00230514	0.00079105	
281.2	-0.00204625	0.00077581	
281.4	-0.00209397	0.00076087	
281.6	-0.00190871	0.00074622	
281.8	-0.00157957	0.00073184	
282	-0.00105417	0.00071775	
282.2	-0.00122733	0.00070392	
282.4	-0.00143011	0.00069036	
282.6	-0.0015299	0.00067707	
282.8	-0.00133698	0.00066403	
283	-0.00093598	0.00065124	
283.2	-0.00133697	0.00063869	
283.4	-0.00146544	0.00062639	
283.6	-0.00188543	0.00061433	
283.8	-0.00199476	0.00060249	
284	-0.00204178	0.00059089	
284.2	-0.00223063	0.00057951	
284.4	-0.00200282	0.00056835	
284.6	-0.00150487	0.0005574	
284.8	-0.00200012	0.00054666	
285	-0.00193353	0.00053613	
285.2	-0.00134589	0.00052581	
285.4	-0.00089229	0.00051568	
285.6	-0.00127198	0.00050575	
285.8	-0.00169729	0.00049601	
286	-0.0018262	0.00048645	
286.2	-0.00150189	0.00047708	
286.4	-0.00091506	0.00046789	
286.6	-0.00086494	0.00045888	
286.8	-0.00044242	0.00045004	
287	-0.0007465	0.00044138	
287.2	-0.00096822	0.00043287	
287.4	-0.00074424	0.00042454	
287.6	-0.00093916	0.00041636	
287.8	-0.00061501	0.00040834	
288	-0.00065353	0.00040048	
288.2	-0.00111107	0.00039276	
288.4	-0.00095985	0.0003852	
288.6	-0.00084563	0.00037778	
288.8	-0.00156311	0.0003705	
289	-0.00182809	0.00036337	
289.2	-0.00139424	0.00035637	
289.4	-0.00161547	0.0003495	
289.6	-0.00224452	0.00034277	
289.8	-0.00231407	0.00033617	
290	-0.00224681	0.00032969	
290.2	-0.00194808	0.00032334	
290.4	-0.00207143	0.00031712	
290.6	-0.0026651	0.00031101	
290.8	-0.00249427	0.00030502	
291	-0.00288721	0.00029914	
291.2	-0.00308605	0.00029338	
291.4	-0.00282336	0.00028773	
291.6	-0.00294327	0.00028219	
291.8	-0.00238084	0.00027675	
292	-0.00258079	0.00027142	
292.2	-0.00334742	0.00026619	
292.4	-0.00271059	0.00026107	
292.6	-0.00262976	0.00025604	
292.8	-0.0022074	0.00025111	
293	-0.00161733	0.00024627	
293.2	-0.00190034	0.00024153	
293.4	-0.00180282	0.00023688	
293.6	-0.00247341	0.00023231	
293.8	-0.00282101	0.00022784	
294	-0.00367138	0.00022345	
294.2	-0.00385161	0.00021915	
294.4	-0.00382093	0.00021493	
294.6	-0.00352572	0.00021079	
294.8	-0.00315807	0.00020673	
295	-0.00337735	0.00020274	
295.2	-0.00353234	0.00019884	
295.4	-0.00293741	0.00019501	
295.6	-0.00285423	0.00019125	
295.8	-0.00278345	0.00018757	
296	-0.00301455	0.00018396	
296.2	-0.00260869	0.00018041	
296.4	-0.0014945	0.00017694	
296.6	-0.00157407	0.00017353	
296.8	-0.00116604	0.00017019	
297	-0.00109484	0.00016691	
297.2	-0.00196832	0.0001637	
297.4	-0.00234262	0.00016054	
297.6	-0.00293404	0.00015745	
297.8	-0.00352328	0.00015442	
298	-0.00416762	0.00015144	
298.2	-0.00404795	0.00014853	
298.4	-0.00407179	0.00014567	
298.6	-0.00391758	0.00014286	
298.8	-0.00419409	0.00014011	
299	-0.00433154	0.00013741	
299.2	-0.00422353	0.00013476	
299.4	-0.00410432	0.00013217	
299.6	-0.00432572	0.00012962	
299.8	-0.00421717	0.00012713	
