Conc1	5E-07	
Start1	420	
Stop1	779.8	
Kobs	0.0023044491822067	
Error Kobs	1.95701090638712E-05	
Koff	0	
Error Koff	0	
Time1	Data1	Fit1	
420	0.00788796	0	
420.2	0.01259419	0.01073931	
420.4	0.01874855	0.02130343	
420.6	0.02621676	0.03169521	
420.8	0.03473828	0.04191745	
421	0.04410905	0.05197294	
421.2	0.05415922	0.06186438	
421.4	0.06485548	0.07159446	
421.6	0.07596699	0.0811658	
421.8	0.08714215	0.090581	
422	0.09832504	0.0998426	
422.2	0.10928243	0.10895311	
422.4	0.11947042	0.11791499	
422.6	0.12929592	0.12673067	
422.8	0.13878652	0.13540254	
423	0.14812752	0.14393293	
423.2	0.15711035	0.15232417	
423.4	0.16561339	0.16057851	
423.6	0.17426145	0.16869819	
423.8	0.1825074	0.17668541	
424	0.19007905	0.18454232	
424.2	0.19800838	0.19227107	
424.4	0.20575772	0.19987372	
424.6	0.21340823	0.20735235	
424.8	0.22059679	0.21470898	
425	0.22734236	0.22194559	
425.2	0.23396893	0.22906415	
425.4	0.24057334	0.23606657	
425.6	0.24710386	0.24295476	
425.8	0.25361724	0.24973058	
426	0.25968275	0.25639586	
426.2	0.26573364	0.2629524	
426.4	0.27140795	0.26940198	
426.6	0.27703676	0.27574635	
426.8	0.2824579	0.28198721	
427	0.28757995	0.28812627	
427.2	0.29273141	0.29416517	
427.4	0.29771721	0.30010555	
427.6	0.30260516	0.30594903	
427.8	0.30742346	0.31169718	
428	0.31209182	0.31735155	
428.2	0.31707043	0.32291368	
428.4	0.321851	0.32838507	
428.6	0.32661943	0.3337672	
428.8	0.33087851	0.33906153	
429	0.33562112	0.34426949	
429.2	0.34007436	0.34939249	
429.4	0.34456539	0.35443191	
429.6	0.34890471	0.35938912	
429.8	0.3530947	0.36426546	
430	0.35686677	0.36906225	
430.2	0.36075674	0.37378078	
430.4	0.36459903	0.37842234	
430.6	0.368295	0.38298818	
430.8	0.37143097	0.38747953	
431	0.37492649	0.39189761	
431.2	0.37834268	0.39624362	
431.4	0.38151821	0.40051872	
431.6	0.38476048	0.40472409	
431.8	0.38798322	0.40886084	
432	0.39100887	0.41293012	
432.2	0.39439379	0.416933	
432.4	0.39745844	0.42087059	
432.6	0.40031423	0.42474394	
432.8	0.40321244	0.4285541	
433	0.40623146	0.4323021	
433.2	0.4085385	0.43598896	
433.4	0.4115473	0.43961567	
433.6	0.4143088	0.44318322	
433.8	0.41668691	0.44669256	
434	0.41901674	0.45014466	
434.2	0.4215182	0.45354044	
434.4	0.4242161	0.45688082	
434.6	0.42697003	0.46016671	
434.8	0.429314	0.46339899	
435	0.43147766	0.46657854	
435.2	0.43365531	0.46970622	
435.4	0.43624878	0.47278288	
435.6	0.43868021	0.47580935	
435.8	0.44107267	0.47878644	
436	0.44334514	0.48171496	
436.2	0.44573305	0.48459571	
436.4	0.44797704	0.48742947	
436.6	0.45009695	0.49021699	
436.8	0.45205525	0.49295904	
437	0.453923	0.49565636	
437.2	0.45589562	0.49830968	
437.4	0.45836492	0.50091971	
437.6	0.46021088	0.50348715	
437.8	0.46197183	0.50601272	
438	0.46408182	0.50849708	
438.2	0.46630936	0.51094092	
438.4	0.46822758	0.51334488	
438.6	0.47009208	0.51570963	
438.8	0.47198193	0.5180358	
439	0.47382098	0.52032402	
439.2	0.47552841	0.52257492	
439.4	0.47710943	0.52478909	
439.6	0.47834634	0.52696714	
439.8	0.48006446	0.52910966	
440	0.48157659	0.53121723	
440.2	0.4829679	0.53329041	
440.4	0.48466764	0.53532977	
440.6	0.48601086	0.53733587	
440.8	0.48729951	0.53930923	
441	0.48883544	0.54125041	
441.2	0.49005604	0.54315991	
441.4	0.49151408	0.54503827	
441.6	0.4927417	0.54688598	
441.8	0.494203	0.54870355	
442	0.49577628	0.55049146	
442.2	0.4969152	0.55225021	
442.4	0.49850919	0.55398027	
442.6	0.50042729	0.5556821	
442.8	0.50241093	0.55735618	
443	0.50329702	0.55900294	
443.2	0.50420239	0.56062283	
443.4	0.50527817	0.5622163	
443.6	0.50665615	0.56378377	
443.8	0.50796591	0.56532568	
444	0.50915999	0.56684243	
444.2	0.51066557	0.56833443	
444.4	0.51199377	0.56980209	
444.6	0.51289514	0.57124582	
444.8	0.51425838	0.57266598	
445	0.51544284	0.57406299	
445.2	0.51625653	0.5754372	
445.4	0.51756957	0.57678899	
445.6	0.51858115	0.57811873	
445.8	0.51984666	0.57942677	
446	0.52102855	0.58071348	
446.2	0.52229365	0.5819792	
446.4	0.52419187	0.58322426	
446.6	0.5255422	0.58444902	
446.8	0.52661455	0.58565379	
447	0.52743678	0.58683892	
447.2	0.52844827	0.5880047	
447.4	0.52932805	0.58915147	
447.6	0.53039298	0.59027953	
447.8	0.53135433	0.59138919	
448	0.5322611	0.59248075	
448.2	0.53334375	0.59355449	
448.4	0.53427755	0.59461073	
448.6	0.53538513	0.59564973	
448.8	0.53638729	0.59667178	
449	0.53693332	0.59767715	
449.2	0.53777181	0.59866613	
449.4	0.53898529	0.59963897	
449.6	0.53972069	0.60059594	
449.8	0.54049594	0.6015373	
450	0.54146552	0.6024633	
450.2	0.54247081	0.6033742	
450.4	0.54329625	0.60427023	
450.6	0.54378789	0.60515165	
450.8	0.54481984	0.60601869	
451	0.54577996	0.60687158	
451.2	0.54614071	0.60771056	
451.4	0.54678659	0.60853586	
451.6	0.54778355	0.60934769	
451.8	0.54851063	0.61014627	
452	0.54904434	0.61093183	
452.2	0.55018356	0.61170457	
452.4	0.55131906	0.61246471	
452.6	0.55238803	0.61321244	
452.8	0.55325058	0.61394798	
453	0.55429581	0.61467152	
453.2	0.55540763	0.61538325	
453.4	0.55636822	0.61608337	
453.6	0.5567447	0.61677208	
453.8	0.55746824	0.61744954	
454	0.55826945	0.61811596	
454.2	0.55872488	0.6187715	
454.4	0.5591546	0.61941635	
454.6	0.55986363	0.62005067	
454.8	0.56058331	0.62067465	
455	0.56077387	0.62128845	
455.2	0.56103348	0.62189224	
455.4	0.5615561	0.62248618	
455.6	0.56243149	0.62307043	
455.8	0.56304226	0.62364514	
456	0.56353565	0.62421048	
456.2	0.56449649	0.6247666	
456.4	0.56550153	0.62531365	
456.6	0.56631246	0.62585177	
456.8	0.56743202	0.62638111	
457	0.56813535	0.62690182	
457.2	0.56892193	0.62741403	
457.4	0.56956954	0.62791789	
457.6	0.56994824	0.62841352	
457.8	0.5707898	0.62890107	
458	0.57106915	0.62938067	
458.2	0.57155607	0.62985244	
458.4	0.57164276	0.63031652	
458.6	0.57231259	0.63077303	
458.8	0.57262095	0.63122208	
459	0.5733123	0.63166382	
459.2	0.57376879	0.63209834	
459.4	0.57430033	0.63252578	
459.6	0.57499928	0.63294625	
459.8	0.5753523	0.63335985	
460	0.57544101	0.63376671	
460.2	0.5763153	0.63416693	
460.4	0.57689317	0.63456062	
460.6	0.57752585	0.63494789	
460.8	0.57832573	0.63532884	
461	0.57850667	0.63570358	
461.2	0.57929458	0.6360722	
461.4	0.57970446	0.63643481	
461.6	0.58003725	0.6367915	
461.8	0.58068527	0.63714238	
462	0.58123411	0.63748753	
462.2	0.58179161	0.63782705	
462.4	0.58236678	0.63816103	
462.6	0.58326685	0.63848956	
462.8	0.58389962	0.63881273	
463	0.5844901	0.63913064	
463.2	0.58452014	0.63944335	
463.4	0.58519988	0.63975096	
463.6	0.58549382	0.64005356	
463.8	0.58564465	0.64035122	
464	0.58605274	0.64064402	
464.2	0.58690651	0.64093205	
464.4	0.58723892	0.64121537	
464.6	0.58799881	0.64149408	
464.8	0.58876835	0.64176824	
465	0.58915569	0.64203792	
465.2	0.58984406	0.64230321	
465.4	0.59052803	0.64256417	
465.6	0.59129895	0.64282087	
465.8	0.5923331	0.64307338	
466	0.59273299	0.64332177	
466.2	0.59344301	0.64356612	
466.4	0.59423842	0.64380647	
466.6	0.59460251	0.64404291	
466.8	0.59493776	0.64427548	
467	0.59511369	0.64450427	
467.2	0.59522001	0.64472932	
467.4	0.59567691	0.6449507	
467.6	0.5959364	0.64516846	
467.8	0.59611848	0.64538268	
468	0.59638585	0.6455934	
468.2	0.59671426	0.64580068	
468.4	0.59678977	0.64600459	
468.6	0.59673535	0.64620516	
468.8	0.59689612	0.64640246	
469	0.59693892	0.64659655	
469.2	0.59716121	0.64678747	
469.4	0.59757725	0.64697527	
469.6	0.59814504	0.64716001	
469.8	0.5982273	0.64734173	
470	0.59817573	0.6475205	
470.2	0.59890846	0.64769634	
470.4	0.59925567	0.64786932	
470.6	0.59968808	0.64803947	
470.8	0.59980315	0.64820685	
471	0.60013661	0.6483715	
471.2	0.60073514	0.64853346	
471.4	0.60120042	0.64869278	
471.6	0.60158458	0.6488495	
471.8	0.60178329	0.64900366	
472	0.60239931	0.64915531	
472.2	0.60296577	0.64930449	
472.4	0.60332302	0.64945123	
472.6	0.60337173	0.64959558	
472.8	0.60396537	0.64973757	
473	0.60483766	0.64987725	
473.2	0.6051779	0.65001464	
473.4	0.60596976	0.6501498	
473.6	0.60641374	0.65028275	
473.8	0.60625641	0.65041353	
474	0.60688961	0.65054218	
474.2	0.60706787	0.65066873	
474.4	0.60741106	0.65079322	
474.6	0.60773422	0.65091567	
474.8	0.60796192	0.65103613	
475	0.60817527	0.65115462	
475.2	0.60861558	0.65127118	
475.4	0.60885172	0.65138584	
475.6	0.60907355	0.65149862	
475.8	0.60975662	0.65160957	
476	0.61034484	0.65171871	
476.2	0.61069517	0.65182606	
476.4	0.61078431	0.65193167	
476.6	0.6110304	0.65203555	
476.8	0.61169265	0.65213774	
477	0.61248708	0.65223826	
477.2	0.61276014	0.65233714	
477.4	0.61352947	0.65243441	
477.6	0.61336192	0.65253009	
477.8	0.61323271	0.65262421	
478	0.61365355	0.65271679	
478.2	0.61340667	0.65280787	
478.4	0.61388557	0.65289745	
478.6	0.61409491	0.65298558	
478.8	0.61433771	0.65307227	
479	0.61388891	0.65315754	
479.2	0.6142617	0.65324143	
479.4	0.61417512	0.65332394	
479.6	0.61447371	0.65340511	
479.8	0.61498272	0.65348496	
480	0.61509266	0.6535635	
480.2	0.61525864	0.65364076	
480.4	0.6154261	0.65371676	
480.6	0.61629256	0.65379152	
480.8	0.6165666	0.65386506	
481	0.61740376	0.65393741	
481.2	0.61797394	0.65400857	
481.4	0.61828343	0.65407857	
481.6	0.61869642	0.65414743	
481.8	0.61913368	0.65421516	
482	0.61939158	0.65428179	
482.2	0.61958639	0.65434733	
482.4	0.61987426	0.65441181	
482.6	0.61996231	0.65447523	
482.8	0.6197887	0.65453762	
483	0.61969361	0.65459899	
483.2	0.62005233	0.65465935	
483.4	0.62018605	0.65471874	
483.6	0.62064761	0.65477715	
483.8	0.62083397	0.65483461	
484	0.62117912	0.65489114	
484.2	0.62105965	0.65494674	
484.4	0.6213079	0.65500144	
484.6	0.62206416	0.65505524	
484.8	0.62192456	0.65510816	
485	0.62243667	0.65516023	
485.2	0.62272258	0.65521144	
485.4	0.6230033	0.65526182	
485.6	0.62388865	0.65531137	
485.8	0.62407059	0.65536012	
486	0.62423451	0.65540807	
486.2	0.62437193	0.65545524	
486.4	0.62452924	0.65550164	
486.6	0.62461876	0.65554728	
486.8	0.62449887	0.65559218	
487	0.62452314	0.65563635	
487.2	0.62458098	0.65567979	
487.4	0.62475651	0.65572253	
487.6	0.62451337	0.65576457	
487.8	0.62476183	0.65580592	
488	0.6246426	0.6558466	
488.2	0.62487698	0.65588661	
488.4	0.62530747	0.65592598	
488.6	0.62586649	0.6559647	
488.8	0.6259173	0.65600278	
489	0.6263474	0.65604025	
489.2	0.62691617	0.65607711	
489.4	0.62716179	0.65611336	
489.6	0.62759148	0.65614903	
489.8	0.62812015	0.65618411	
490	0.62826578	0.65621862	
490.2	0.62850752	0.65625256	
490.4	0.62876336	0.65628596	
490.6	0.62898885	0.6563188	
490.8	0.62938363	0.65635111	
491	0.62947599	0.6563829	
491.2	0.63014399	0.65641417	
491.4	0.62991431	0.65644492	
491.6	0.62965467	0.65647518	
491.8	0.63014164	0.65650494	
492	0.63029642	0.65653421	
492.2	0.63113234	0.65656301	
492.4	0.63141537	0.65659134	
492.6	0.63191356	0.6566192	
492.8	0.63186082	0.65664661	
493	0.63192318	0.65667358	
493.2	0.63189505	0.6567001	
493.4	0.63171609	0.65672619	
493.6	0.63178983	0.65675186	
493.8	0.63200296	0.65677711	
494	0.63163242	0.65680194	
494.2	0.63179554	0.65682637	
494.4	0.63211702	0.6568504	
494.6	0.6322434	0.65687404	
494.8	0.63256058	0.6568973	
495	0.63267291	0.65692017	
495.2	0.6330048	0.65694267	
495.4	0.63272362	0.65696481	
495.6	0.6331153	0.65698658	
495.8	0.63344108	0.657008	
496	0.63397376	0.65702907	
496.2	0.63417376	0.65704979	
496.4	0.63428182	0.65707018	
496.6	0.63436632	0.65709023	
496.8	0.63413135	0.65710996	
497	0.63446384	0.65712936	
497.2	0.63467011	0.65714845	
497.4	0.63492582	0.65716723	
497.6	0.63524305	0.6571857	
497.8	0.63543863	0.65720387	
498	0.63524523	0.65722174	
498.2	0.63522619	0.65723932	
498.4	0.63507684	0.65725662	
498.6	0.6352273	0.65727363	
498.8	0.63578449	0.65729037	
499	0.63612754	0.65730683	
499.2	0.63651018	0.65732302	
499.4	0.63680969	0.65733895	
499.6	0.63657652	0.65735462	
499.8	0.63639301	0.65737003	
500	0.63689788	0.6573852	
500.2	0.63683556	0.65740011	
500.4	0.63705064	0.65741478	
500.6	0.63705304	0.65742922	
500.8	0.63713948	0.65744341	
501	0.63744251	0.65745738	
501.2	0.63761118	0.65747111	
501.4	0.63766615	0.65748463	
501.6	0.63777038	0.65749792	
501.8	0.63771516	0.657511	
502	0.63737219	0.65752386	
502.2	0.63732691	0.65753651	
502.4	0.63743506	0.65754896	
502.6	0.63786973	0.6575612	
502.8	0.63778801	0.65757325	
503	0.63768466	0.65758509	
503.2	0.63798344	0.65759675	
503.4	0.6377746	0.65760821	
503.6	0.63740662	0.65761949	
503.8	0.63797029	0.65763058	
504	0.63899066	0.65764149	
504.2	0.63909941	0.65765223	
504.4	0.63955782	0.65766278	
504.6	0.63988085	0.65767317	
504.8	0.6401674	0.65768339	
505	0.64039841	0.65769344	
505.2	0.64096948	0.65770332	
505.4	0.64130731	0.65771305	
505.6	0.64171953	0.65772262	
505.8	0.64193686	0.65773203	
506	0.64223796	0.65774128	
506.2	0.64235698	0.65775039	
506.4	0.64243023	0.65775935	
506.6	0.64259996	0.65776816	
506.8	0.64261395	0.65777683	
507	0.64297703	0.65778535	
507.2	0.64325651	0.65779374	
507.4	0.64295676	0.65780199	
507.6	0.64283489	0.6578101	
507.8	0.64337065	0.65781809	
508	0.64349046	0.65782594	
508.2	0.64328434	0.65783366	
508.4	0.64326163	0.65784126	
508.6	0.64332211	0.65784874	
508.8	0.64313155	0.65785609	
509	0.64349361	0.65786332	
509.2	0.64348096	0.65787044	
509.4	0.64335211	0.65787744	
509.6	0.64348379	0.65788432	
509.8	0.64345793	0.65789109	
510	0.64387748	0.65789776	
510.2	0.64387501	0.65790431	
510.4	0.64401138	0.65791076	
510.6	0.64405238	0.6579171	
510.8	0.64414828	0.65792333	
511	0.64438391	0.65792947	
511.2	0.64422891	0.65793551	
511.4	0.64426859	0.65794144	
511.6	0.64423375	0.65794728	
511.8	0.64476223	0.65795303	
512	0.64446251	0.65795868	
512.2	0.64469874	0.65796424	
512.4	0.64440545	0.65796971	
512.6	0.64487707	0.65797509	
512.8	0.64503745	0.65798038	
513	0.64530776	0.65798559	
513.2	0.64528419	0.65799071	
513.4	0.64604035	0.65799574	
513.6	0.64644406	0.6580007	
513.8	0.64706592	0.65800557	
514	0.64717072	0.65801037	
514.2	0.64688805	0.65801508	
514.4	0.64656551	0.65801972	
514.6	0.64618509	0.65802428	
514.8	0.64637187	0.65802877	
515	0.64619267	0.65803319	
515.2	0.6459555	0.65803753	
515.4	0.64564953	0.65804181	
515.6	0.64517786	0.65804601	
515.8	0.64523009	0.65805014	
516	0.64486139	0.65805421	
516.2	0.64500511	0.65805821	
516.4	0.64503603	0.65806215	
516.6	0.64579155	0.65806602	
516.8	0.64614467	0.65806983	
517	0.64656378	0.65807357	
517.2	0.64735848	0.65807726	
517.4	0.6480461	0.65808088	
517.6	0.64839094	0.65808445	
517.8	0.64871142	0.65808796	
518	0.64827217	0.65809141	
518.2	0.64852732	0.6580948	
518.4	0.64886095	0.65809814	
518.6	0.64907778	0.65810142	
518.8	0.64912605	0.65810465	
519	0.64870768	0.65810783	
519.2	0.6485475	0.65811096	
519.4	0.64813501	0.65811403	
519.6	0.64813228	0.65811706	
519.8	0.64838824	0.65812003	
520	0.64813542	0.65812296	
520.2	0.64841479	0.65812584	
520.4	0.64871622	0.65812867	
520.6	0.64880962	0.65813146	
520.8	0.64873202	0.6581342	
521	0.64873116	0.65813689	
521.2	0.64900523	0.65813955	
521.4	0.64898385	0.65814216	
521.6	0.64905113	0.65814472	
521.8	0.64924831	0.65814725	
522	0.64967283	0.65814973	
522.2	0.65039859	0.65815217	
522.4	0.65100173	0.65815457	
522.6	0.65098573	0.65815694	
522.8	0.65099514	0.65815926	
523	0.65108149	0.65816155	
523.2	0.65135177	0.6581638	
523.4	0.65131075	0.65816601	
523.6	0.65134298	0.65816819	
523.8	0.6512499	0.65817033	
524	0.65082116	0.65817244	
524.2	0.65100014	0.65817451	
524.4	0.65091202	0.65817655	
524.6	0.65105563	0.65817855	
524.8	0.65077217	0.65818052	
525	0.65077218	0.65818247	
525.2	0.65101099	0.65818437	
525.4	0.65112432	0.65818625	
525.6	0.65133397	0.6581881	
525.8	0.65151859	0.65818991	
526	0.65162706	0.6581917	
526.2	0.6516399	0.65819346	
526.4	0.65185277	0.65819519	
526.6	0.65152892	0.65819689	
526.8	0.65162094	0.65819856	
527	0.65188608	0.65820021	
527.2	0.65169131	0.65820183	
527.4	0.65154044	0.65820342	
527.6	0.65144164	0.65820499	
527.8	0.65107823	0.65820653	
528	0.65099337	0.65820804	
528.2	0.65137003	0.65820954	
528.4	0.65153616	0.658211	
528.6	0.65175297	0.65821245	
528.8	0.65185317	0.65821386	
529	0.65227073	0.65821526	
529.2	0.65234759	0.65821663	
529.4	0.65276246	0.65821799	
529.6	0.65273819	0.65821931	
529.8	0.65293143	0.65822062	
530	0.65331326	0.65822191	
530.2	0.65318196	0.65822317	
530.4	0.65347348	0.65822442	
530.6	0.65346984	0.65822564	
530.8	0.65400422	0.65822685	
531	0.6543626	0.65822803	
531.2	0.6537226	0.6582292	
531.4	0.65411491	0.65823034	
531.6	0.65409684	0.65823147	
531.8	0.65391267	0.65823258	
532	0.6543334	0.65823367	
532.2	0.65438407	0.65823474	
532.4	0.65452399	0.6582358	
532.6	0.65470694	0.65823684	
532.8	0.65481308	0.65823786	
533	0.65476029	0.65823886	
533.2	0.654518	0.65823985	
533.4	0.65454748	0.65824082	
533.6	0.65454509	0.65824178	
533.8	0.65473876	0.65824272	
534	0.65465172	0.65824365	
534.2	0.65444436	0.65824456	
534.4	0.65467166	0.65824545	
534.6	0.65472661	0.65824633	
534.8	0.65479929	0.6582472	
535	0.65452028	0.65824805	
535.2	0.65421994	0.65824889	
535.4	0.65437423	0.65824972	
535.6	0.65439462	0.65825053	
535.8	0.65439599	0.65825133	
536	0.65474302	0.65825211	
536.2	0.65483441	0.65825288	
536.4	0.65475554	0.65825364	
536.6	0.65485452	0.65825439	
536.8	0.65484118	0.65825513	
537	0.65501099	0.65825585	
537.2	0.65459379	0.65825656	
537.4	0.65455562	0.65825726	
537.6	0.65470642	0.65825795	
537.8	0.65448853	0.65825863	
538	0.65462285	0.65825929	
538.2	0.65451159	0.65825995	
538.4	0.6545144	0.65826059	
538.6	0.65467958	0.65826123	
538.8	0.65443861	0.65826185	
539	0.65421554	0.65826246	
539.2	0.65427289	0.65826307	
539.4	0.65409468	0.65826366	
539.6	0.65418462	0.65826424	
539.8	0.65462569	0.65826482	
540	0.65500868	0.65826538	
540.2	0.65517138	0.65826594	
540.4	0.65534022	0.65826649	
540.6	0.65564067	0.65826702	
540.8	0.65574838	0.65826755	
541	0.65622845	0.65826807	
541.2	0.65615997	0.65826858	
541.4	0.65628315	0.65826909	
541.6	0.65640952	0.65826958	
541.8	0.6563914	0.65827007	
542	0.65665035	0.65827055	
542.2	0.65650512	0.65827102	
542.4	0.65682033	0.65827149	
542.6	0.65665633	0.65827194	
542.8	0.65625981	0.65827239	
543	0.65641239	0.65827283	
543.2	0.65661517	0.65827327	
543.4	0.65649958	0.65827369	
543.6	0.65706701	0.65827411	
543.8	0.65757298	0.65827453	
544	0.65779245	0.65827493	
544.2	0.65801153	0.65827533	
544.4	0.65857978	0.65827573	
544.6	0.65893357	0.65827611	
544.8	0.65933162	0.6582765	
545	0.65961336	0.65827687	
545.2	0.65932586	0.65827724	
545.4	0.65935818	0.6582776	
545.6	0.65916691	0.65827796	
545.8	0.65901031	0.65827831	
546	0.65904009	0.65827865	
546.2	0.65878168	0.65827899	
546.4	0.65873792	0.65827933	
546.6	0.65809973	0.65827965	
546.8	0.65816178	0.65827998	
547	0.65833342	0.6582803	
547.2	0.65795194	0.65828061	
547.4	0.65779416	0.65828092	
547.6	0.65768337	0.65828122	
547.8	0.65740683	0.65828152	
548	0.65752206	0.65828181	
548.2	0.65745701	0.6582821	
548.4	0.65754865	0.65828238	
548.6	0.65744674	0.65828266	
548.8	0.65741312	0.65828293	
549	0.65764527	0.6582832	
549.2	0.65793966	0.65828347	
549.4	0.65808333	0.65828373	
549.6	0.65833796	0.65828398	
549.8	0.65880569	0.65828424	
550	0.65910045	0.65828448	
550.2	0.65917831	0.65828473	
550.4	0.65967761	0.65828497	
550.6	0.65969609	0.6582852	
550.8	0.66006086	0.65828544	
551	0.6598812	0.65828567	
551.2	0.65988561	0.65828589	
551.4	0.65982562	0.65828611	
551.6	0.65974148	0.65828633	
551.8	0.65970522	0.65828654	
552	0.65957547	0.65828675	
552.2	0.65940037	0.65828696	
552.4	0.65918229	0.65828717	
552.6	0.6593391	0.65828737	
552.8	0.65921983	0.65828756	
553	0.6592608	0.65828776	
553.2	0.65931359	0.65828795	
553.4	0.65925312	0.65828814	
553.6	0.65949044	0.65828832	
553.8	0.65911778	0.6582885	
554	0.65928412	0.65828868	
554.2	0.65928176	0.65828886	
554.4	0.65939126	0.65828903	
554.6	0.65940066	0.6582892	
554.8	0.65951147	0.65828937	
555	0.65963215	0.65828953	
555.2	0.65995067	0.65828969	
555.4	0.65963249	0.65828985	
555.6	0.65971034	0.65829001	
555.8	0.65955355	0.65829016	
556	0.65956704	0.65829031	
556.2	0.65956452	0.65829046	
556.4	0.65919278	0.65829061	
556.6	0.65906587	0.65829075	
556.8	0.65882693	0.6582909	
557	0.65920469	0.65829104	
557.2	0.65937321	0.65829117	
557.4	0.65938144	0.65829131	
557.6	0.65929919	0.65829144	
557.8	0.65916452	0.65829157	
558	0.6593957	0.6582917	
558.2	0.6591947	0.65829183	
558.4	0.65951118	0.65829195	
558.6	0.65961702	0.65829207	
558.8	0.65997682	0.65829219	
559	0.66037811	0.65829231	
559.2	0.66068323	0.65829243	
559.4	0.6609924	0.65829254	
559.6	0.66115156	0.65829266	
559.8	0.66100792	0.65829277	
560	0.66101395	0.65829288	
560.2	0.66079716	0.65829298	
560.4	0.66048656	0.65829309	
560.6	0.66085094	0.65829319	
560.8	0.66065152	0.6582933	
561	0.66071965	0.6582934	
561.2	0.6609245	0.65829349	
561.4	0.66104749	0.65829359	
561.6	0.66101951	0.65829369	
561.8	0.66083535	0.65829378	
562	0.66055381	0.65829387	
562.2	0.66026835	0.65829397	
562.4	0.66032569	0.65829405	
562.6	0.6603743	0.65829414	
562.8	0.66093572	0.65829423	
563	0.66081337	0.65829431	
563.2	0.66078048	0.6582944	
563.4	0.66072422	0.65829448	
563.6	0.66035418	0.65829456	
563.8	0.6597793	0.65829464	
564	0.6597303	0.65829472	
564.2	0.65973287	0.6582948	
564.4	0.66003888	0.65829487	
564.6	0.66007485	0.65829495	
564.8	0.66013404	0.65829502	
565	0.66067134	0.65829509	
565.2	0.66095531	0.65829517	
565.4	0.6607894	0.65829524	
565.6	0.6607572	0.6582953	
565.8	0.66063461	0.65829537	
566	0.66051965	0.65829544	
566.2	0.66046468	0.6582955	
566.4	0.66052408	0.65829557	
566.6	0.66046022	0.65829563	
566.8	0.66031083	0.65829569	
567	0.6603007	0.65829576	
567.2	0.66048864	0.65829582	
567.4	0.66069374	0.65829588	
567.6	0.66087267	0.65829593	
567.8	0.6609423	0.65829599	
568	0.66119132	0.65829605	
568.2	0.66182247	0.6582961	
568.4	0.66208187	0.65829616	
568.6	0.66227248	0.65829621	
568.8	0.66256141	0.65829626	
569	0.66214718	0.65829632	
569.2	0.66157438	0.65829637	
569.4	0.66151998	0.65829642	
569.6	0.66169717	0.65829647	
569.8	0.66180116	0.65829652	
570	0.66162265	0.65829656	
570.2	0.66145292	0.65829661	
570.4	0.66124014	0.65829666	
570.6	0.66126352	0.6582967	
570.8	0.66165308	0.65829675	
571	0.66195523	0.65829679	
571.2	0.66190284	0.65829684	
571.4	0.66221769	0.65829688	
571.6	0.66210685	0.65829692	
571.8	0.66213017	0.65829696	
572	0.66205996	0.658297	
572.2	0.66231367	0.65829704	
572.4	0.66205244	0.65829708	
572.6	0.66209321	0.65829712	
572.8	0.66150708	0.65829716	
573	0.66086927	0.6582972	
573.2	0.66088481	0.65829723	
573.4	0.66108606	0.65829727	
573.6	0.66119385	0.6582973	
573.8	0.66122843	0.65829734	
574	0.66123282	0.65829737	
574.2	0.66123212	0.65829741	
574.4	0.66135129	0.65829744	
574.6	0.66150027	0.65829747	
574.8	0.66191958	0.65829751	
575	0.6618275	0.65829754	
575.2	0.66184267	0.65829757	
575.4	0.66176856	0.6582976	
575.6	0.66168945	0.65829763	
575.8	0.66197032	0.65829766	
576	0.6619205	0.65829769	
576.2	0.66179239	0.65829772	
576.4	0.66154915	0.65829775	
576.6	0.66163784	0.65829777	
576.8	0.66151434	0.6582978	
577	0.66148908	0.65829783	
577.2	0.66190215	0.65829786	
577.4	0.66201977	0.65829788	
577.6	0.66239272	0.65829791	
577.8	0.66254273	0.65829793	
578	0.66265231	0.65829796	
578.2	0.6627349	0.65829798	
578.4	0.66258655	0.65829801	
578.6	0.66260638	0.65829803	
578.8	0.66265194	0.65829805	
579	0.66282578	0.65829808	
579.2	0.66291808	0.6582981	
579.4	0.66304742	0.65829812	
579.6	0.66352197	0.65829814	
579.8	0.66346167	0.65829816	
580	0.66336776	0.65829818	
580.2	0.66347788	0.65829821	
580.4	0.6633536	0.65829823	
580.6	0.6636519	0.65829825	
580.8	0.66374516	0.65829827	
581	0.66406315	0.65829828	
581.2	0.66431993	0.6582983	
581.4	0.66418771	0.65829832	
581.6	0.66384498	0.65829834	
581.8	0.66341661	0.65829836	
582	0.66325201	0.65829838	
582.2	0.66305206	0.65829839	
582.4	0.66242431	0.65829841	
582.6	0.66231926	0.65829843	
582.8	0.66274493	0.65829845	
583	0.66286683	0.65829846	
583.2	0.66293007	0.65829848	
583.4	0.66309917	0.65829849	
583.6	0.66345884	0.65829851	
583.8	0.66339646	0.65829853	
584	0.66337037	0.65829854	
584.2	0.66361131	0.65829856	
584.4	0.66369253	0.65829857	
584.6	0.66393737	0.65829858	
584.8	0.66422184	0.6582986	
585	0.6646877	0.65829861	
585.2	0.66458982	0.65829863	
585.4	0.66445243	0.65829864	
585.6	0.66406685	0.65829865	
585.8	0.66386117	0.65829867	
586	0.66393711	0.65829868	
586.2	0.66365483	0.65829869	
586.4	0.66348741	0.6582987	
586.6	0.6634851	0.65829872	
586.8	0.66363786	0.65829873	
587	0.66370904	0.65829874	
587.2	0.66383823	0.65829875	
587.4	0.6636414	0.65829876	
587.6	0.66363868	0.65829877	
587.8	0.66351988	0.65829879	
588	0.66363075	0.6582988	
588.2	0.66377327	0.65829881	
588.4	0.6637081	0.65829882	
588.6	0.6637313	0.65829883	
588.8	0.66367409	0.65829884	
589	0.66349201	0.65829885	
589.2	0.66325555	0.65829886	
589.4	0.66286698	0.65829887	
589.6	0.66274932	0.65829888	
589.8	0.6631004	0.65829889	
590	0.66297247	0.6582989	
590.2	0.66304201	0.65829891	
590.4	0.66286531	0.65829891	
590.6	0.66274704	0.65829892	
590.8	0.66287972	0.65829893	
591	0.66282756	0.65829894	
591.2	0.66214038	0.65829895	
591.4	0.66228604	0.65829896	
591.6	0.66253305	0.65829897	
591.8	0.6626626	0.65829897	
592	0.66266405	0.65829898	
592.2	0.6625028	0.65829899	
592.4	0.66239676	0.658299	
592.6	0.66222439	0.658299	
592.8	0.6622975	0.65829901	
593	0.66236883	0.65829902	
593.2	0.66262067	0.65829903	
593.4	0.66314144	0.65829903	
593.6	0.66343495	0.65829904	
593.8	0.66364841	0.65829905	
594	0.66336913	0.65829905	
594.2	0.66362268	0.65829906	
594.4	0.66351542	0.65829907	
594.6	0.66335707	0.65829907	
594.8	0.66343618	0.65829908	
595	0.66335752	0.65829908	
595.2	0.66359566	0.65829909	
595.4	0.66411247	0.6582991	
595.6	0.66415283	0.6582991	
595.8	0.66397258	0.65829911	
596	0.66423964	0.65829911	
596.2	0.66449094	0.65829912	
596.4	0.66432134	0.65829912	
596.6	0.66427023	0.65829913	
596.8	0.66459521	0.65829914	
597	0.66472509	0.65829914	
597.2	0.66467663	0.65829915	
597.4	0.66465103	0.65829915	
597.6	0.66413806	0.65829916	
597.8	0.66420343	0.65829916	
598	0.66410146	0.65829917	
598.2	0.66395603	0.65829917	
598.4	0.66381783	0.65829917	
598.6	0.66352738	0.65829918	
598.8	0.66355068	0.65829918	
599	0.66346273	0.65829919	
599.2	0.66336879	0.65829919	
599.4	0.66320662	0.6582992	
599.6	0.6629702	0.6582992	
599.8	0.66274447	0.65829921	
600	0.66274447	0.65829921	
600.2	0.66287038	0.65799588	
600.4	0.66367199	0.65769268	
600.6	0.66431529	0.65738963	
600.8	0.66495101	0.65708671	
601	0.66523504	0.65678394	
601.2	0.66543014	0.6564813	
601.4	0.66576831	0.65617881	
601.6	0.66571291	0.65587645	
601.8	0.66559116	0.65557423	
602	0.66546503	0.65527216	
602.2	0.66499446	0.65497022	
602.4	0.66496938	0.65466842	
602.6	0.66516872	0.65436676	
602.8	0.66542006	0.65406524	
603	0.66573582	0.65376385	
603.2	0.66583107	0.65346261	
603.4	0.66580184	0.6531615	
603.6	0.66576835	0.65286054	
603.8	0.66504777	0.65255971	
604	0.66505629	0.65225902	
604.2	0.66463063	0.65195847	
604.4	0.66494011	0.65165806	
604.6	0.66498838	0.65135779	
604.8	0.66488399	0.65105765	
605	0.66437446	0.65075765	
605.2	0.66438056	0.6504578	
605.4	0.66456053	0.65015808	
605.6	0.66414363	0.64985849	
605.8	0.664039	0.64955905	
606	0.66396664	0.64925974	
606.2	0.66369191	0.64896058	
606.4	0.66371891	0.64866154	
606.6	0.66373389	0.64836265	
606.8	0.66351012	0.6480639	
607	0.66284511	0.64776528	
607.2	0.662224	0.6474668	
607.4	0.66156877	0.64716846	
607.6	0.66099439	0.64687025	
607.8	0.66038286	0.64657219	
608	0.66016894	0.64627426	
608.2	0.65992866	0.64597646	
608.4	0.65961976	0.64567881	
608.6	0.6596538	0.64538129	
608.8	0.659261	0.64508391	
609	0.65918603	0.64478667	
609.2	0.65957098	0.64448956	
609.4	0.65976429	0.64419259	
609.6	0.65989129	0.64389575	
609.8	0.66021569	0.64359906	
610	0.66047426	0.6433025	
610.2	0.66031788	0.64300607	
610.4	0.66011851	0.64270979	
610.6	0.6599762	0.64241364	
610.8	0.65955965	0.64211762	
611	0.65958535	0.64182175	
611.2	0.65931744	0.64152601	
611.4	0.65898571	0.6412304	
611.6	0.65870913	0.64093493	
611.8	0.65867253	0.6406396	
612	0.65827521	0.6403444	
612.2	0.65777358	0.64004934	
612.4	0.65732437	0.63975442	
612.6	0.65722074	0.63945963	
612.8	0.65725372	0.63916498	
613	0.65747933	0.63887046	
613.2	0.65752644	0.63857608	
613.4	0.65765721	0.63828184	
613.6	0.65738199	0.63798773	
613.8	0.65712523	0.63769375	
614	0.6566948	0.63739991	
614.2	0.65592112	0.63710621	
614.4	0.65557218	0.63681264	
614.6	0.65550728	0.63651921	
614.8	0.65572157	0.63622591	
615	0.65578704	0.63593275	
615.2	0.65557233	0.63563972	
615.4	0.65545915	0.63534683	
615.6	0.65504675	0.63505407	
615.8	0.65473649	0.63476145	
616	0.65427643	0.63446896	
616.2	0.65379597	0.63417661	
616.4	0.65351476	0.63388439	
616.6	0.65316751	0.63359231	
616.8	0.65304705	0.63330036	
617	0.65232296	0.63300854	
617.2	0.65185395	0.63271686	
617.4	0.65156635	0.63242532	
617.6	0.65099227	0.63213391	
617.8	0.65085996	0.63184263	
618	0.65055697	0.63155149	
618.2	0.65009208	0.63126048	
618.4	0.65024943	0.6309696	
618.6	0.65021127	0.63067886	
618.8	0.65022066	0.63038826	
619	0.64951987	0.63009778	
619.2	0.6496138	0.62980744	
619.4	0.64944744	0.62951724	
619.6	0.6489459	0.62922717	
619.8	0.64923168	0.62893723	
620	0.64882127	0.62864743	
620.2	0.64843852	0.62835776	
620.4	0.64809746	0.62806822	
620.6	0.64769644	0.62777882	
620.8	0.64780622	0.62748955	
621	0.64721135	0.62720041	
621.2	0.64714077	0.6269114	
621.4	0.64723843	0.62662253	
621.6	0.64712799	0.6263338	
621.8	0.64688153	0.62604519	
622	0.64672106	0.62575672	
622.2	0.64652622	0.62546838	
622.4	0.64645427	0.62518018	
622.6	0.64592654	0.6248921	
622.8	0.64522023	0.62460416	
623	0.64492009	0.62431636	
623.2	0.64427213	0.62402868	
623.4	0.64370763	0.62374114	
623.6	0.6433477	0.62345373	
623.8	0.64312234	0.62316645	
624	0.64244269	0.62287931	
624.2	0.64239107	0.6225923	
624.4	0.64196129	0.62230541	
624.6	0.64192661	0.62201867	
624.8	0.64255475	0.62173205	
625	0.64201073	0.62144557	
625.2	0.64200508	0.62115921	
625.4	0.64215488	0.62087299	
625.6	0.64187246	0.62058691	
625.8	0.64185259	0.62030095	
626	0.64211265	0.62001513	
626.2	0.64198231	0.61972943	
626.4	0.64175599	0.61944387	
626.6	0.64137234	0.61915844	
626.8	0.64097478	0.61887314	
627	0.64053348	0.61858798	
627.2	0.63948336	0.61830294	
627.4	0.63908248	0.61801804	
627.6	0.6388296	0.61773327	
627.8	0.63853756	0.61744862	
628	0.63822028	0.61716411	
628.2	0.63776197	0.61687974	
628.4	0.63733649	0.61659549	
628.6	0.63753248	0.61631137	
628.8	0.63737969	0.61602738	
629	0.63652149	0.61574353	
629.2	0.63651172	0.6154598	
629.4	0.63650648	0.61517621	
629.6	0.63641089	0.61489275	
629.8	0.63632102	0.61460941	
630	0.63611462	0.61432621	
630.2	0.6357273	0.61404314	
630.4	0.63571691	0.6137602	
630.6	0.63558878	0.61347739	
630.8	0.63572042	0.61319471	
631	0.63548241	0.61291216	
631.2	0.63517967	0.61262974	
631.4	0.63474202	0.61234745	
631.6	0.63476306	0.61206529	
631.8	0.63448393	0.61178326	
632	0.63369447	0.61150136	
632.2	0.63326364	0.61121959	
632.4	0.63295265	0.61093795	
632.6	0.63244097	0.61065644	
632.8	0.63213133	0.61037506	
633	0.63191169	0.61009381	
633.2	0.63183599	0.60981269	
633.4	0.63119525	0.6095317	
633.6	0.63055783	0.60925083	
633.8	0.63007986	0.6089701	
634	0.6297283	0.6086895	
634.2	0.62931627	0.60840902	
634.4	0.62935361	0.60812868	
634.6	0.62912784	0.60784846	
634.8	0.62903022	0.60756838	
635	0.62861269	0.60728842	
635.2	0.62846059	0.60700859	
635.4	0.62851618	0.60672889	
635.6	0.62842098	0.60644932	
635.8	0.62802267	0.60616988	
636	0.6280687	0.60589056	
636.2	0.62792147	0.60561138	
636.4	0.62756017	0.60533232	
636.6	0.62720711	0.6050534	
636.8	0.6274603	0.6047746	
637	0.62717557	0.60449593	
637.2	0.62685658	0.60421739	
637.4	0.62630576	0.60393897	
637.6	0.62647518	0.60366069	
637.8	0.62650097	0.60338253	
638	0.62623475	0.6031045	
638.2	0.62600688	0.6028266	
638.4	0.62579399	0.60254883	
638.6	0.62521202	0.60227118	
638.8	0.62499448	0.60199367	
639	0.62463763	0.60171628	
639.2	0.62445296	0.60143902	
639.4	0.62385324	0.60116188	
639.6	0.62320419	0.60088488	
639.8	0.62275818	0.600608	
640	0.62218875	0.60033125	
640.2	0.62136506	0.60005463	
640.4	0.62071596	0.59977813	
640.6	0.62043809	0.59950176	
640.8	0.62027086	0.59922552	
641	0.61970073	0.59894941	
641.2	0.61963845	0.59867342	
641.4	0.61970392	0.59839756	
641.6	0.61986083	0.59812183	
641.8	0.61948357	0.59784623	
642	0.61951052	0.59757075	
642.2	0.61913471	0.5972954	
642.4	0.61883349	0.59702018	
642.6	0.61858673	0.59674508	
642.8	0.61845536	0.59647011	
643	0.61789266	0.59619526	
643.2	0.61781176	0.59592055	
643.4	0.61708782	0.59564596	
643.6	0.61680749	0.59537149	
643.8	0.61638452	0.59509716	
644	0.61636024	0.59482294	
644.2	0.61628002	0.59454886	
644.4	0.61593551	0.5942749	
644.6	0.61609384	0.59400107	
644.8	0.61597977	0.59372736	
645	0.61582362	0.59345378	
645.2	0.61602021	0.59318033	
645.4	0.61586005	0.592907	
645.6	0.6152285	0.5926338	
645.8	0.61509561	0.59236072	
646	0.61488277	0.59208777	
646.2	0.6143586	0.59181495	
646.4	0.61436842	0.59154225	
646.6	0.61386883	0.59126968	
646.8	0.61357749	0.59099723	
647	0.61344189	0.59072491	
647.2	0.61335058	0.59045271	
647.4	0.61280028	0.59018064	
647.6	0.61277121	0.5899087	
647.8	0.61291186	0.58963688	
648	0.61288918	0.58936518	
648.2	0.61279002	0.58909361	
648.4	0.61272665	0.58882217	
648.6	0.61223226	0.58855085	
648.8	0.61199227	0.58827965	
649	0.61164047	0.58800858	
649.2	0.61123798	0.58773764	
649.4	0.61058207	0.58746682	
649.6	0.61008025	0.58719612	
649.8	0.60986504	0.58692555	
650	0.60907519	0.58665511	
650.2	0.60840067	0.58638479	
650.4	0.60818813	0.58611459	
650.6	0.60764029	0.58584452	
650.8	0.60754502	0.58557457	
651	0.60745379	0.58530475	
651.2	0.60697015	0.58503505	
651.4	0.60644653	0.58476547	
651.6	0.60651825	0.58449602	
651.8	0.60648631	0.5842267	
652	0.60641894	0.58395749	
652.2	0.60641287	0.58368842	
652.4	0.60573129	0.58341946	
652.6	0.6051195	0.58315063	
652.8	0.60556778	0.58288193	
653	0.60524774	0.58261334	
653.2	0.60470224	0.58234488	
653.4	0.60453719	0.58207655	
653.6	0.60452755	0.58180834	
653.8	0.60419782	0.58154025	
654	0.6038801	0.58127229	
654.2	0.60361506	0.58100444	
654.4	0.60347752	0.58073673	
654.6	0.60329173	0.58046913	
654.8	0.60305432	0.58020166	
655	0.60264781	0.57993432	
655.2	0.6021039	0.57966709	
655.4	0.60183663	0.57939999	
655.6	0.60175049	0.57913301	
655.8	0.60157282	0.57886616	
656	0.60123789	0.57859943	
656.2	0.60042525	0.57833282	
656.4	0.60007877	0.57806633	
656.6	0.60006916	0.57779997	
656.8	0.5999645	0.57753373	
657	0.59900416	0.57726761	
657.2	0.59867072	0.57700161	
657.4	0.59870104	0.57673574	
657.6	0.5982573	0.57646999	
657.8	0.59848505	0.57620436	
658	0.59812472	0.57593885	
658.2	0.59788885	0.57567347	
658.4	0.59795995	0.57540821	
658.6	0.598237	0.57514307	
658.8	0.59760823	0.57487806	
659	0.59738344	0.57461316	
659.2	0.59739059	0.57434839	
659.4	0.59723541	0.57408374	
659.6	0.59682033	0.57381921	
659.8	0.59687579	0.5735548	
660	0.59634045	0.57329052	
660.2	0.59579137	0.57302636	
660.4	0.595423	0.57276231	
660.6	0.59501841	0.5724984	
660.8	0.59435232	0.5722346	
661	0.59367958	0.57197092	
661.2	0.59357666	0.57170737	
661.4	0.59290738	0.57144393	
661.6	0.59240696	0.57118062	
661.8	0.59262628	0.57091743	
662	0.5919606	0.57065436	
662.2	0.59211571	0.57039141	
662.4	0.59218873	0.57012859	
662.6	0.59208353	0.56986588	
662.8	0.59180121	0.56960329	
663	0.5922094	0.56934083	
663.2	0.59190987	0.56907849	
663.4	0.59163584	0.56881627	
663.6	0.59145109	0.56855416	
663.8	0.59110864	0.56829218	
664	0.59058764	0.56803032	
664.2	0.59034735	0.56776859	
664.4	0.59013427	0.56750697	
664.6	0.59013936	0.56724547	
664.8	0.58965802	0.56698409	
665	0.58947372	0.56672283	
665.2	0.58916737	0.5664617	
665.4	0.58881032	0.56620068	
665.6	0.58871943	0.56593979	
665.8	0.58840556	0.56567901	
666	0.58796881	0.56541835	
666.2	0.58796633	0.56515782	
666.4	0.58777671	0.5648974	
666.6	0.58759094	0.56463711	
666.8	0.58711438	0.56437693	
667	0.58694558	0.56411688	
667.2	0.58613548	0.56385694	
667.4	0.58593836	0.56359712	
667.6	0.58547406	0.56333743	
667.8	0.58486872	0.56307785	
668	0.58468893	0.56281839	
668.2	0.58469357	0.56255906	
668.4	0.58454158	0.56229984	
668.6	0.58431901	0.56204074	
668.8	0.58441367	0.56178176	
669	0.58413727	0.5615229	
669.2	0.58391341	0.56126416	
669.4	0.58368746	0.56100554	
669.6	0.58287462	0.56074704	
669.8	0.5822806	0.56048865	
670	0.58210896	0.56023039	
670.2	0.58188049	0.55997225	
670.4	0.58190547	0.55971422	
670.6	0.58167468	0.55945631	
670.8	0.58160355	0.55919852	
671	0.58158761	0.55894085	
671.2	0.58095229	0.5586833	
671.4	0.58070945	0.55842587	
671.6	0.5801779	0.55816856	
671.8	0.57995551	0.55791136	
672	0.57999392	0.55765429	
672.2	0.58013616	0.55739733	
672.4	0.5800753	0.55714049	
672.6	0.57976404	0.55688377	
672.8	0.57978905	0.55662716	
673	0.57898489	0.55637068	
673.2	0.57880249	0.55611431	
673.4	0.57806927	0.55585807	
673.6	0.57769112	0.55560193	
673.8	0.57766316	0.55534592	
674	0.57744274	0.55509003	
674.2	0.57731263	0.55483425	
674.4	0.57731525	0.55457859	
674.6	0.57701814	0.55432305	
674.8	0.57671913	0.55406763	
675	0.57611738	0.55381232	
675.2	0.57528114	0.55355714	
675.4	0.57450013	0.55330207	
675.6	0.57405381	0.55304711	
675.8	0.57402522	0.55279228	
676	0.57383897	0.55253756	
676.2	0.5737634	0.55228296	
676.4	0.57322469	0.55202848	
676.6	0.57295504	0.55177411	
676.8	0.57293266	0.55151986	
677	0.5723203	0.55126573	
677.2	0.57213077	0.55101172	
677.4	0.57190478	0.55075782	
677.6	0.57181881	0.55050404	
677.8	0.57134852	0.55025038	
678	0.57133442	0.54999683	
678.2	0.57119386	0.5497434	
678.4	0.57101006	0.54949009	
678.6	0.57074581	0.54923689	
678.8	0.57074645	0.54898381	
679	0.5704902	0.54873085	
679.2	0.57000238	0.548478	
679.4	0.56941934	0.54822527	
679.6	0.56963828	0.54797266	
679.8	0.56961665	0.54772016	
680	0.56940297	0.54746778	
680.2	0.56940157	0.54721552	
680.4	0.56908153	0.54696337	
680.6	0.56897113	0.54671134	
680.8	0.56877633	0.54645942	
681	0.56844536	0.54620763	
681.2	0.56843375	0.54595594	
681.4	0.56791056	0.54570437	
681.6	0.56754127	0.54545292	
681.8	0.56770673	0.54520159	
682	0.56788468	0.54495037	
682.2	0.56766943	0.54469926	
682.4	0.56754021	0.54444827	
682.6	0.56724184	0.5441974	
682.8	0.56727742	0.54394664	
683	0.56702231	0.543696	
683.2	0.56646557	0.54344548	
683.4	0.56577374	0.54319507	
683.6	0.56589912	0.54294477	
683.8	0.56537285	0.54269459	
684	0.56475864	0.54244452	
684.2	0.56381745	0.54219458	
684.4	0.56316328	0.54194474	
684.6	0.56258232	0.54169502	
684.8	0.56218864	0.54144542	
685	0.56194297	0.54119593	
685.2	0.56102026	0.54094655	
685.4	0.56071661	0.54069729	
685.6	0.56066823	0.54044815	
685.8	0.56078242	0.54019912	
686	0.5605817	0.53995021	
686.2	0.56029358	0.53970141	
686.4	0.56015735	0.53945272	
686.6	0.5600635	0.53920415	
686.8	0.5601225	0.53895569	
687	0.56040254	0.53870735	
687.2	0.56011375	0.53845912	
687.4	0.55995375	0.53821101	
687.6	0.56012595	0.53796301	
687.8	0.55959074	0.53771513	
688	0.55944812	0.53746736	
688.2	0.55902047	0.5372197	
688.4	0.55912597	0.53697216	
688.6	0.55888461	0.53672473	
688.8	0.55868908	0.53647742	
689	0.55842235	0.53623022	
689.2	0.55790475	0.53598313	
689.4	0.55777696	0.53573616	
689.6	0.55701849	0.5354893	
689.8	0.55656657	0.53524255	
690	0.55612061	0.53499592	
690.2	0.55534898	0.53474941	
690.4	0.55538805	0.534503	
690.6	0.5550816	0.53425671	
690.8	0.55477892	0.53401054	
691	0.55456472	0.53376447	
691.2	0.55439563	0.53351852	
691.4	0.55399854	0.53327269	
691.6	0.55392539	0.53302696	
691.8	0.55375095	0.53278135	
692	0.55345784	0.53253585	
692.2	0.5531562	0.53229047	
692.4	0.55324064	0.5320452	
692.6	0.55302565	0.53180004	
692.8	0.55316225	0.531555	
693	0.55291318	0.53131007	
693.2	0.55266863	0.53106525	
693.4	0.55202157	0.53082054	
693.6	0.55170893	0.53057595	
693.8	0.55136345	0.53033147	
694	0.55137543	0.5300871	
694.2	0.55126403	0.52984284	
694.4	0.5516826	0.5295987	
694.6	0.55142191	0.52935467	
694.8	0.55128191	0.52911075	
695	0.55089138	0.52886695	
695.2	0.55109494	0.52862325	
695.4	0.55058088	0.52837967	
695.6	0.55067259	0.5281362	
695.8	0.55025471	0.52789285	
696	0.54974288	0.5276496	
696.2	0.54979164	0.52740647	
696.4	0.54959127	0.52716345	
696.6	0.54934554	0.52692054	
696.8	0.54942897	0.52667775	
697	0.54878425	0.52643506	
697.2	0.54856557	0.52619249	
697.4	0.54821351	0.52595003	
697.6	0.54801432	0.52570768	
697.8	0.54752309	0.52546544	
698	0.54732395	0.52522331	
698.2	0.54679017	0.5249813	
698.4	0.54633695	0.5247394	
698.6	0.54578045	0.52449761	
698.8	0.5453418	0.52425593	
699	0.54479181	0.52401436	
699.2	0.54470178	0.5237729	
699.4	0.54430135	0.52353155	
699.6	0.54393032	0.52329032	
699.8	0.54363397	0.5230492	
700	0.54327048	0.52280818	
700.2	0.54302649	0.52256728	
700.4	0.54282337	0.52232649	
700.6	0.54293549	0.52208581	
700.8	0.54299245	0.52184524	
701	0.5431224	0.52160479	
701.2	0.54299233	0.52136444	
701.4	0.54279543	0.5211242	
701.6	0.54256852	0.52088408	
701.8	0.5422305	0.52064406	
702	0.54239755	0.52040416	
702.2	0.54243725	0.52016436	
702.4	0.54228039	0.51992468	
702.6	0.54213146	0.51968511	
702.8	0.54197105	0.51944565	
703	0.54183786	0.51920629	
703.2	0.54153934	0.51896705	
703.4	0.54130165	0.51872792	
703.6	0.5409826	0.5184889	
703.8	0.54077909	0.51824999	
704	0.5395755	0.51801119	
704.2	0.53898173	0.5177725	
704.4	0.53878419	0.51753391	
704.6	0.53889128	0.51729544	
704.8	0.53891557	0.51705708	
705	0.5389162	0.51681883	
705.2	0.53838486	0.51658069	
705.4	0.53819022	0.51634266	
705.6	0.53838621	0.51610473	
705.8	0.53819821	0.51586692	
706	0.53864307	0.51562922	
706.2	0.53819834	0.51539163	
706.4	0.53778312	0.51515414	
706.6	0.53734297	0.51491677	
706.8	0.5373032	0.5146795	
707	0.53698926	0.51444235	
707.2	0.53659184	0.5142053	
707.4	0.53629241	0.51396836	
707.6	0.53563762	0.51373153	
707.8	0.53485329	0.51349481	
708	0.5341296	0.5132582	
708.2	0.534446	0.5130217	
708.4	0.53450427	0.51278531	
708.6	0.53429567	0.51254903	
708.8	0.53395711	0.51231285	
709	0.5335838	0.51207679	
709.2	0.53318254	0.51184083	
709.4	0.53275842	0.51160498	
709.6	0.53238714	0.51136925	
709.8	0.53219318	0.51113361	
710	0.53203191	0.51089809	
710.2	0.53154106	0.51066268	
710.4	0.53142746	0.51042737	
710.6	0.53121375	0.51019218	
710.8	0.53168296	0.50995709	
711	0.53180339	0.50972211	
711.2	0.53178558	0.50948724	
711.4	0.53155134	0.50925247	
711.6	0.53125132	0.50901782	
711.8	0.53108332	0.50878327	
712	0.53115089	0.50854883	
712.2	0.53098454	0.5083145	
712.4	0.53045816	0.50808028	
712.6	0.53011634	0.50784616	
712.8	0.52958091	0.50761216	
713	0.52893324	0.50737826	
713.2	0.52859208	0.50714447	
713.4	0.52806444	0.50691078	
713.6	0.52758569	0.50667721	
713.8	0.52782944	0.50644374	
714	0.52720938	0.50621038	
714.2	0.52693362	0.50597712	
714.4	0.52683575	0.50574398	
714.6	0.52669443	0.50551094	
714.8	0.52723181	0.50527801	
715	0.52699217	0.50504518	
715.2	0.52609022	0.50481247	
715.4	0.52555166	0.50457986	
715.6	0.52541088	0.50434736	
715.8	0.52522675	0.50411496	
716	0.52512636	0.50388267	
716.2	0.52508147	0.50365049	
716.4	0.52489439	0.50341842	
716.6	0.52498894	0.50318645	
716.8	0.52472074	0.50295459	
717	0.52466525	0.50272284	
717.2	0.52473718	0.50249119	
717.4	0.52455294	0.50225965	
717.6	0.52462998	0.50202822	
717.8	0.52459228	0.50179689	
718	0.52433051	0.50156567	
718.2	0.52415677	0.50133456	
718.4	0.52386931	0.50110355	
718.6	0.5235159	0.50087265	
718.8	0.52341915	0.50064186	
719	0.52230748	0.50041117	
719.2	0.52161577	0.50018059	
719.4	0.52141346	0.49995011	
719.6	0.52146336	0.49971974	
719.8	0.52092779	0.49948948	
720	0.52054651	0.49925933	
720.2	0.52024483	0.49902927	
720.4	0.51989064	0.49879933	
720.6	0.51983767	0.49856949	
720.8	0.5193162	0.49833976	
721	0.51910362	0.49811013	
721.2	0.5188262	0.49788061	
721.4	0.51873004	0.4976512	
721.6	0.51862438	0.49742189	
721.8	0.51839314	0.49719268	
722	0.51811	0.49696358	
722.2	0.51770778	0.49673459	
722.4	0.51723429	0.4965057	
722.6	0.51710123	0.49627692	
722.8	0.51666504	0.49604825	
723	0.51627441	0.49581968	
723.2	0.51634728	0.49559121	
723.4	0.51615491	0.49536285	
723.6	0.51602943	0.49513459	
723.8	0.51560322	0.49490644	
724	0.51529818	0.4946784	
724.2	0.51528857	0.49445046	
724.4	0.51533096	0.49422263	
724.6	0.51492473	0.4939949	
724.8	0.51463027	0.49376727	
725	0.51461794	0.49353975	
725.2	0.5141162	0.49331234	
725.4	0.51388857	0.49308503	
725.6	0.5136562	0.49285782	
725.8	0.51335209	0.49263072	
726	0.51290093	0.49240372	
726.2	0.51243573	0.49217683	
726.4	0.51199919	0.49195004	
726.6	0.51167694	0.49172336	
726.8	0.51104619	0.49149678	
727	0.51112751	0.49127031	
727.2	0.51134774	0.49104394	
727.4	0.51129619	0.49081768	
727.6	0.51105111	0.49059152	
727.8	0.5111492	0.49036546	
728	0.51125511	0.49013951	
728.2	0.51159812	0.48991366	
728.4	0.51127738	0.48968791	
728.6	0.51122571	0.48946227	
728.8	0.51102599	0.48923674	
729	0.51071908	0.48901131	
729.2	0.51055233	0.48878598	
729.4	0.51057908	0.48856075	
729.6	0.51022428	0.48833563	
729.8	0.50973281	0.48811061	
730	0.50929171	0.4878857	
730.2	0.50874747	0.48766089	
730.4	0.50850697	0.48743619	
730.6	0.5081534	0.48721158	
730.8	0.50796829	0.48698708	
731	0.50808306	0.48676269	
731.2	0.50800921	0.4865384	
731.4	0.50790501	0.48631421	
731.6	0.50771802	0.48609012	
731.8	0.50792433	0.48586614	
732	0.50760829	0.48564226	
732.2	0.50747766	0.48541848	
732.4	0.50709027	0.48519481	
732.6	0.50700103	0.48497124	
732.8	0.50616911	0.48474777	
733	0.50598672	0.48452441	
733.2	0.50564227	0.48430115	
733.4	0.50536093	0.48407799	
733.6	0.50475016	0.48385494	
733.8	0.50444263	0.48363198	
734	0.5039476	0.48340913	
734.2	0.50348479	0.48318639	
734.4	0.50360277	0.48296374	
734.6	0.50353903	0.4827412	
734.8	0.50344936	0.48251876	
735	0.50301606	0.48229642	
735.2	0.50304311	0.48207419	
735.4	0.5030894	0.48185206	
735.6	0.50279642	0.48163003	
735.8	0.50248652	0.4814081	
736	0.50224061	0.48118628	
736.2	0.50158659	0.48096455	
736.4	0.50101677	0.48074293	
736.6	0.50076251	0.48052141	
736.8	0.5006407	0.4803	
737	0.50086995	0.48007868	
737.2	0.50044266	0.47985747	
737.4	0.50044058	0.47963636	
737.6	0.49990745	0.47941535	
737.8	0.49989332	0.47919445	
738	0.49976547	0.47897364	
738.2	0.49995761	0.47875294	
738.4	0.5001322	0.47853234	
738.6	0.49983646	0.47831184	
738.8	0.4994437	0.47809144	
739	0.49927799	0.47787114	
739.2	0.49928441	0.47765095	
739.4	0.49891221	0.47743085	
739.6	0.49824269	0.47721086	
739.8	0.49807137	0.47699097	
740	0.49764027	0.47677118	
740.2	0.49684783	0.47655149	
740.4	0.49703724	0.4763319	
740.6	0.49695172	0.47611242	
740.8	0.49672802	0.47589303	
741	0.49660759	0.47567375	
741.2	0.4961858	0.47545457	
741.4	0.49590894	0.47523548	
741.6	0.49583274	0.4750165	
741.8	0.4957459	0.47479762	
742	0.495684	0.47457885	
742.2	0.49573352	0.47436017	
742.4	0.49544859	0.47414159	
742.6	0.49538838	0.47392311	
742.8	0.49558964	0.47370474	
743	0.49557091	0.47348646	
743.2	0.49492151	0.47326829	
743.4	0.49436489	0.47305021	
743.6	0.49373011	0.47283224	
743.8	0.49359996	0.47261437	
744	0.49295003	0.47239659	
744.2	0.49269023	0.47217892	
744.4	0.49258104	0.47196135	
744.6	0.492084	0.47174388	
744.8	0.49204913	0.4715265	
745	0.49215653	0.47130923	
745.2	0.49173419	0.47109206	
745.4	0.49115108	0.47087499	
745.6	0.49100263	0.47065802	
745.8	0.49083284	0.47044115	
746	0.49073283	0.47022437	
746.2	0.49060911	0.4700077	
746.4	0.49020873	0.46979113	
746.6	0.4901521	0.46957466	
746.8	0.48973693	0.46935829	
747	0.48911281	0.46914201	
747.2	0.48866041	0.46892584	
747.4	0.48874758	0.46870977	
747.6	0.48847564	0.46849379	
747.8	0.48830447	0.46827792	
748	0.48839304	0.46806214	
748.2	0.48843527	0.46784647	
748.4	0.48831695	0.46763089	
748.6	0.48833854	0.46741542	
748.8	0.48824374	0.46720004	
749	0.48786533	0.46698476	
749.2	0.48756065	0.46676958	
749.4	0.4875533	0.4665545	
749.6	0.48783495	0.46633952	
749.8	0.48773759	0.46612464	
750	0.48747248	0.46590986	
750.2	0.48720721	0.46569517	
750.4	0.4869782	0.46548059	
750.6	0.48638651	0.4652661	
750.8	0.48586908	0.46505172	
751	0.48553462	0.46483743	
751.2	0.48528659	0.46462324	
751.4	0.48557196	0.46440915	
751.6	0.48494419	0.46419516	
751.8	0.48484713	0.46398126	
752	0.48479662	0.46376747	
752.2	0.48439577	0.46355377	
752.4	0.48382513	0.46334017	
752.6	0.48372274	0.46312667	
752.8	0.48322646	0.46291327	
753	0.48293454	0.46269997	
753.2	0.4830146	0.46248676	
753.4	0.48312079	0.46227366	
753.6	0.48281725	0.46206065	
753.8	0.48219527	0.46184774	
754	0.48196497	0.46163493	
754.2	0.48148213	0.46142221	
754.4	0.48121765	0.4612096	
754.6	0.48044561	0.46099708	
754.8	0.47987693	0.46078466	
755	0.47947115	0.46057234	
755.2	0.47929134	0.46036011	
755.4	0.47972603	0.46014799	
755.6	0.47954907	0.45993596	
755.8	0.47986214	0.45972403	
756	0.47966433	0.45951219	
756.2	0.47917794	0.45930046	
756.4	0.47899737	0.45908882	
756.6	0.47912793	0.45887728	
756.8	0.47876038	0.45866584	
757	0.47885126	0.45845449	
757.2	0.47906544	0.45824324	
757.4	0.47895172	0.45803209	
757.6	0.47842633	0.45782104	
757.8	0.47833617	0.45761008	
758	0.47818908	0.45739922	
758.2	0.47806338	0.45718846	
758.4	0.47808798	0.4569778	
758.6	0.47793394	0.45676723	
758.8	0.47783936	0.45655676	
759	0.47771312	0.45634638	
759.2	0.47756589	0.45613611	
759.4	0.47762996	0.45592593	
759.6	0.47720464	0.45571584	
759.8	0.47672706	0.45550586	
760	0.47598827	0.45529597	
760.2	0.47578388	0.45508617	
760.4	0.47569753	0.45487648	
760.6	0.47555427	0.45466688	
760.8	0.4749869	0.45445737	
761	0.47477298	0.45424797	
761.2	0.47434624	0.45403866	
761.4	0.47391582	0.45382944	
761.6	0.47337899	0.45362033	
761.8	0.47320804	0.45341131	
762	0.47265937	0.45320238	
762.2	0.47245899	0.45299355	
762.4	0.47238721	0.45278482	
762.6	0.47210176	0.45257619	
762.8	0.47189485	0.45236765	
763	0.47178558	0.4521592	
763.2	0.4716811	0.45195086	
763.4	0.47180871	0.4517426	
763.6	0.47170363	0.45153445	
763.8	0.47146724	0.45132639	
764	0.47171208	0.45111842	
764.2	0.47190126	0.45091056	
764.4	0.47180858	0.45070278	
764.6	0.47168263	0.45049511	
764.8	0.4711397	0.45028753	
765	0.4707262	0.45008004	
765.2	0.4704161	0.44987265	
765.4	0.47043834	0.44966536	
765.6	0.47008328	0.44945816	
765.8	0.47006034	0.44925106	
766	0.46971596	0.44904405	
766.2	0.46914474	0.44883714	
766.4	0.46901183	0.44863032	
766.6	0.46866242	0.4484236	
766.8	0.46855448	0.44821697	
767	0.46848421	0.44801044	
767.2	0.46854404	0.44780401	
767.4	0.46862853	0.44759767	
767.6	0.46809581	0.44739142	
767.8	0.46770693	0.44718527	
768	0.46747033	0.44697921	
768.2	0.46682603	0.44677325	
768.4	0.4664156	0.44656739	
768.6	0.46569654	0.44636162	
768.8	0.46516733	0.44615594	
769	0.4645734	0.44595036	
769.2	0.4644541	0.44574487	
769.4	0.46460084	0.44553948	
769.6	0.46421617	0.44533418	
769.8	0.46451051	0.44512898	
770	0.46416535	0.44492387	
770.2	0.46376239	0.44471886	
770.4	0.4639574	0.44451394	
770.6	0.46364801	0.44430911	
770.8	0.46365674	0.44410438	
771	0.4640072	0.44389975	
771.2	0.46434709	0.44369521	
771.4	0.46449153	0.44349076	
771.6	0.46393828	0.4432864	
771.8	0.46374418	0.44308215	
772	0.46335513	0.44287798	
772.2	0.46289774	0.44267391	
772.4	0.46285895	0.44246993	
772.6	0.46270045	0.44226605	
772.8	0.4625674	0.44206226	
773	0.46222015	0.44185857	
773.2	0.46267195	0.44165496	
773.4	0.46250104	0.44145146	
773.6	0.46220625	0.44124804	
773.8	0.46247618	0.44104472	
774	0.46167978	0.4408415	
774.2	0.46126277	0.44063837	
774.4	0.46090368	0.44043533	
774.6	0.46027308	0.44023238	
774.8	0.46009416	0.44002953	
775	0.45973753	0.43982677	
775.2	0.45938164	0.43962411	
775.4	0.4588397	0.43942153	
775.6	0.45823069	0.43921906	
775.8	0.45818937	0.43901667	
776	0.4580552	0.43881438	
776.2	0.45773539	0.43861218	
776.4	0.45775076	0.43841008	
776.6	0.4578184	0.43820806	
776.8	0.4577911	0.43800614	
777	0.45808992	0.43780432	
777.2	0.45868264	0.43760258	
777.4	0.45852941	0.43740094	
777.6	0.45883292	0.4371994	
777.8	0.45869017	0.43699794	
778	0.45807995	0.43679658	
778.2	0.45781689	0.43659531	
778.4	0.45732102	0.43639414	
778.6	0.45682122	0.43619305	
778.8	0.45636387	0.43599206	
779	0.45580678	0.43579117	
779.2	0.45546375	0.43559036	
779.4	0.45498371	0.43538965	
779.6	0.45488493	0.43518903	
779.8	0.45448709	0.4349885	
