Conc1	5E-08	
Start1	180	
Stop1	299.8	
Kobs	0.00239319976370074	
Error Kobs	6.90827847125786E-05	
Koff	0	
Error Koff	0	
Time1	Data1	Fit1	
180	0.00016922	0	
180.2	0.00929565	0.01169319	
180.4	0.01960284	0.02308682	
180.6	0.03168284	0.03418857	
180.8	0.0442537	0.04500591	
181	0.05864972	0.05554613	
181.2	0.07306462	0.06581632	
181.4	0.08719301	0.07582341	
181.6	0.10165723	0.08557414	
181.8	0.11547734	0.09507507	
182	0.12775414	0.1043326	
182.2	0.13840428	0.11335298	
182.4	0.14845929	0.12214226	
182.6	0.15832805	0.13070638	
182.8	0.16724263	0.1390511	
183	0.1759009	0.14718205	
183.2	0.18425052	0.15510469	
183.4	0.19210563	0.16282437	
183.6	0.19975126	0.17034628	
183.8	0.20745338	0.1776755	
184	0.21455544	0.18481695	
184.2	0.22120643	0.19177545	
184.4	0.22754072	0.19855569	
184.6	0.23419449	0.20516223	
184.8	0.23997291	0.21159952	
185	0.24603008	0.2178719	
185.2	0.25115691	0.2239836	
185.4	0.25590481	0.22993872	
185.6	0.2609265	0.23574128	
185.8	0.2654304	0.24139519	
186	0.26970947	0.24690426	
186.2	0.27402799	0.25227219	
186.4	0.27821513	0.25750261	
186.6	0.28238253	0.26259903	
186.8	0.28624377	0.26756489	
187	0.29020814	0.27240354	
187.2	0.29400389	0.27711822	
187.4	0.2978065	0.28171213	
187.6	0.30124152	0.28618835	
187.8	0.30496913	0.29054989	
188	0.3077468	0.2947997	
188.2	0.3106298	0.29894064	
188.4	0.31335418	0.30297549	
188.6	0.31626385	0.30690698	
188.8	0.31905104	0.31073774	
189	0.32159722	0.31447038	
189.2	0.32388361	0.31810738	
189.4	0.32620416	0.32165122	
189.6	0.3287479	0.32510427	
189.8	0.33102116	0.32846885	
190	0.33328179	0.33174724	
190.2	0.33516167	0.33494165	
190.4	0.33732663	0.33805422	
190.6	0.33932301	0.34108705	
190.8	0.34166247	0.34404218	
191	0.34333015	0.34692161	
191.2	0.3451741	0.34972728	
191.4	0.34712665	0.35246106	
191.6	0.34839358	0.35512482	
191.8	0.35008766	0.35772033	
192	0.35151954	0.36024935	
192.2	0.35347245	0.36271358	
192.4	0.35566585	0.36511468	
192.6	0.35777163	0.36745427	
192.8	0.35941034	0.36973392	
193	0.36085815	0.37195517	
193.2	0.36254853	0.37411952	
193.4	0.36439506	0.37622842	
193.6	0.36589101	0.3782833	
193.8	0.36758886	0.38028553	
194	0.36937556	0.38223647	
194.2	0.37075061	0.38413743	
194.4	0.37241946	0.38598969	
194.6	0.37397939	0.38779449	
194.8	0.3755221	0.38955307	
195	0.37630548	0.39126659	
195.2	0.37742118	0.39293621	
195.4	0.37911368	0.39456306	
195.6	0.38045632	0.39614823	
195.8	0.38197909	0.3976928	
196	0.38377215	0.39919779	
196.2	0.38531807	0.40066423	
196.4	0.38677894	0.4020931	
196.6	0.38765836	0.40348537	
196.8	0.38871126	0.40484197	
197	0.38983219	0.40616381	
197.2	0.39089607	0.40745179	
197.4	0.39218675	0.40870678	
197.6	0.39348452	0.40992961	
197.8	0.39471261	0.41112112	
198	0.39556197	0.41228211	
198.2	0.39657727	0.41341335	
198.4	0.39727269	0.41451561	
198.6	0.39829249	0.41558963	
198.8	0.39897723	0.41663614	
199	0.39973977	0.41765584	
199.2	0.40053919	0.41864942	
199.4	0.40185521	0.41961754	
199.6	0.40289101	0.42056086	
199.8	0.40367956	0.42148002	
200	0.40450483	0.42237562	
200.2	0.40526932	0.42324829	
200.4	0.40621018	0.42409859	
200.6	0.40703205	0.42492712	
200.8	0.40754978	0.42573442	
201	0.40811774	0.42652103	
201.2	0.40890438	0.4272875	
201.4	0.40981276	0.42803433	
201.6	0.41038596	0.42876203	
201.8	0.41108639	0.42947108	
202	0.41175133	0.43016197	
202.2	0.41227484	0.43083516	
202.4	0.4128001	0.43149111	
202.6	0.4136004	0.43213025	
202.8	0.4134997	0.43275302	
203	0.41397803	0.43335983	
203.2	0.41407374	0.4339511	
203.4	0.41423159	0.43452722	
203.6	0.41459482	0.43508858	
203.8	0.41505154	0.43563556	
204	0.4152726	0.43616852	
204.2	0.4158814	0.43668784	
204.4	0.41611186	0.43719385	
204.6	0.41674265	0.43768689	
204.8	0.41719418	0.43816731	
205	0.41758355	0.43863542	
205.2	0.41805387	0.43909153	
205.4	0.41856047	0.43953596	
205.6	0.41960027	0.43996901	
205.8	0.42046793	0.44039096	
206	0.42135963	0.4408021	
206.2	0.42206409	0.44120271	
206.4	0.42278521	0.44159306	
206.6	0.42295626	0.44197341	
206.8	0.42360226	0.44234401	
207	0.42432229	0.44270512	
207.2	0.4245263	0.44305697	
207.4	0.42507572	0.44339982	
207.6	0.42639371	0.44373388	
207.8	0.42729593	0.44405938	
208	0.42773952	0.44437654	
208.2	0.42858131	0.44468558	
208.4	0.42909774	0.4449867	
208.6	0.4298907	0.44528011	
208.8	0.43044823	0.445566	
209	0.43072357	0.44584457	
209.2	0.43097941	0.446116	
209.4	0.43168605	0.44638047	
209.6	0.43254049	0.44663817	
209.8	0.43308488	0.44688927	
210	0.4332546	0.44713394	
210.2	0.43319837	0.44737234	
210.4	0.43330492	0.44760463	
210.6	0.43356071	0.44783097	
210.8	0.43426807	0.44805151	
211	0.4345757	0.4482664	
211.2	0.4350913	0.44847579	
211.4	0.43590597	0.44867981	
211.6	0.43654581	0.44887861	
211.8	0.4368706	0.44907231	
212	0.43708325	0.44926105	
212.2	0.43713407	0.44944496	
212.4	0.43757819	0.44962415	
212.6	0.43767832	0.44979876	
212.8	0.43770746	0.44996889	
213	0.43733358	0.45013466	
213.2	0.43745066	0.45029619	
213.4	0.43776692	0.45045357	
213.6	0.43776606	0.45060693	
213.8	0.43765168	0.45075636	
214	0.4378394	0.45090195	
214.2	0.43738951	0.45104382	
214.4	0.43738631	0.45118206	
214.6	0.43747729	0.45131675	
214.8	0.43762763	0.45144799	
215	0.43770087	0.45157587	
215.2	0.43792489	0.45170048	
215.4	0.43863185	0.45182189	
215.6	0.43879	0.45194019	
215.8	0.43883974	0.45205546	
216	0.43942419	0.45216778	
216.2	0.43975554	0.45227722	
216.4	0.43979503	0.45238386	
216.6	0.43967438	0.45248776	
216.8	0.43987879	0.452589	
217	0.44019619	0.45268765	
217.2	0.44062873	0.45278378	
217.4	0.44127991	0.45287744	
217.6	0.44175858	0.4529687	
217.8	0.4421071	0.45305762	
218	0.4427113	0.45314426	
218.2	0.44272935	0.45322869	
218.4	0.44355327	0.45331095	
218.6	0.44374859	0.4533911	
218.8	0.44431778	0.4534692	
219	0.44510384	0.4535453	
219.2	0.44568166	0.45361946	
219.4	0.44628075	0.45369171	
219.6	0.44682427	0.45376211	
219.8	0.44710601	0.4538307	
220	0.44763866	0.45389754	
220.2	0.44765042	0.45396267	
220.4	0.44783951	0.45402613	
220.6	0.44815549	0.45408796	
220.8	0.44834373	0.45414821	
221	0.4485502	0.45420691	
221.2	0.44904767	0.45426412	
221.4	0.44931308	0.45431985	
221.6	0.44928392	0.45437416	
221.8	0.44964469	0.45442708	
222	0.44991035	0.45447864	
222.2	0.44989367	0.45452888	
222.4	0.45003528	0.45457783	
222.6	0.45046846	0.45462553	
222.8	0.45069822	0.45467201	
223	0.45077136	0.45471729	
223.2	0.45095822	0.45476142	
223.4	0.45118878	0.45480442	
223.6	0.45086999	0.45484631	
223.8	0.45058361	0.45488713	
224	0.45114505	0.45492691	
224.2	0.45109008	0.45496566	
224.4	0.45069487	0.45500343	
224.6	0.45038861	0.45504022	
224.8	0.4505189	0.45507608	
225	0.45074717	0.45511101	
225.2	0.45064753	0.45514505	
225.4	0.45060981	0.45517822	
225.6	0.45074659	0.45521054	
225.8	0.45047126	0.45524203	
226	0.45015251	0.45527271	
226.2	0.4504081	0.45530261	
226.4	0.45080569	0.45533174	
226.6	0.451136	0.45536013	
226.8	0.45134774	0.45538778	
227	0.45195821	0.45541473	
227.2	0.45228514	0.45544099	
227.4	0.45215709	0.45546658	
227.6	0.4527723	0.45549151	
227.8	0.45360705	0.4555158	
228	0.45398428	0.45553947	
228.2	0.45374382	0.45556254	
228.4	0.45422001	0.45558501	
228.6	0.45499254	0.45560691	
228.8	0.45514775	0.45562824	
229	0.45582513	0.45564903	
229.2	0.45577562	0.45566929	
229.4	0.45554208	0.45568903	
229.6	0.45571153	0.45570826	
229.8	0.45591528	0.455727	
230	0.45634077	0.45574526	
230.2	0.4565561	0.45576305	
230.4	0.45676926	0.45578038	
230.6	0.45698752	0.45579728	
230.8	0.45715851	0.45581374	
231	0.4574468	0.45582977	
231.2	0.45760176	0.4558454	
231.4	0.45783521	0.45586063	
231.6	0.45820935	0.45587546	
231.8	0.45805884	0.45588992	
232	0.4582297	0.455904	
232.2	0.45799223	0.45591773	
232.4	0.45796052	0.4559311	
232.6	0.45805428	0.45594413	
232.8	0.45802142	0.45595683	
233	0.45829209	0.4559692	
233.2	0.45768505	0.45598126	
233.4	0.45768401	0.455993	
233.6	0.45814614	0.45600445	
233.8	0.45808344	0.4560156	
234	0.45814026	0.45602646	
234.2	0.45815298	0.45603705	
234.4	0.45824804	0.45604737	
234.6	0.45803204	0.45605742	
234.8	0.45814446	0.45606721	
235	0.45855965	0.45607676	
235.2	0.45839808	0.45608606	
235.4	0.45830482	0.45609512	
235.6	0.45829785	0.45610395	
235.8	0.45829312	0.45611255	
236	0.45793395	0.45612093	
236.2	0.45718635	0.4561291	
236.4	0.45752498	0.45613706	
236.6	0.45737574	0.45614481	
236.8	0.45743116	0.45615237	
237	0.4576184	0.45615973	
237.2	0.45768401	0.4561669	
237.4	0.45811143	0.45617389	
237.6	0.45855295	0.4561807	
237.8	0.45884162	0.45618734	
238	0.4593377	0.45619381	
238.2	0.45961417	0.45620011	
238.4	0.45996397	0.45620625	
238.6	0.46050575	0.45621223	
238.8	0.46113764	0.45621806	
239	0.46156442	0.45622374	
239.2	0.46190946	0.45622927	
239.4	0.46238354	0.45623466	
239.6	0.46268216	0.45623992	
239.8	0.46272774	0.45624504	
240	0.46272774	0.45625003	
240.2	0.46295695	0.4560317	
240.4	0.46330156	0.45581348	
240.6	0.46376472	0.45559536	
240.8	0.46395121	0.45537734	
241	0.46434284	0.45515943	
241.2	0.46440124	0.45494163	
241.4	0.46458606	0.45472393	
241.6	0.46451483	0.45450633	
241.8	0.4644039	0.45428884	
242	0.46412257	0.45407145	
242.2	0.46332252	0.45385416	
242.4	0.4633123	0.45363698	
242.6	0.46307151	0.45341991	
242.8	0.46323111	0.45320293	
243	0.46324054	0.45298606	
243.2	0.46263156	0.4527693	
243.4	0.46189991	0.45255264	
243.6	0.46175635	0.45233608	
243.8	0.46112892	0.45211962	
244	0.46079722	0.45190327	
244.2	0.4605832	0.45168703	
244.4	0.46061376	0.45147088	
244.6	0.46022506	0.45125484	
244.8	0.45999113	0.45103891	
245	0.46019889	0.45082307	
245.2	0.45969942	0.45060734	
245.4	0.45955958	0.45039171	
245.6	0.45940557	0.45017619	
245.8	0.4593181	0.44996077	
246	0.45872453	0.44974545	
246.2	0.45838342	0.44953024	
246.4	0.45896538	0.44931513	
246.6	0.45866898	0.44910012	
246.8	0.45843977	0.44888521	
247	0.45840737	0.44867041	
247.2	0.45809025	0.44845571	
247.4	0.45807589	0.44824111	
247.6	0.45761179	0.44802662	
247.8	0.45744918	0.44781222	
248	0.45769188	0.44759793	
248.2	0.45746972	0.44738375	
248.4	0.45719273	0.44716966	
248.6	0.45683074	0.44695568	
248.8	0.45644576	0.4467418	
249	0.45589549	0.44652802	
249.2	0.45537689	0.44631435	
249.4	0.45519294	0.44610078	
249.6	0.45498733	0.44588731	
249.8	0.45427406	0.44567394	
250	0.45371583	0.44546067	
250.2	0.45335939	0.44524751	
250.4	0.45351592	0.44503444	
250.6	0.45307564	0.44482148	
250.8	0.45292589	0.44460863	
251	0.45280676	0.44439587	
251.2	0.45272178	0.44418321	
251.4	0.45244786	0.44397066	
251.6	0.45201553	0.44375821	
251.8	0.45204191	0.44354586	
252	0.4515823	0.44333361	
252.2	0.45110511	0.44312147	
252.4	0.4506402	0.44290942	
252.6	0.44988006	0.44269748	
252.8	0.44914511	0.44248564	
253	0.44899601	0.4422739	
253.2	0.44865807	0.44206226	
253.4	0.44809796	0.44185072	
253.6	0.44764215	0.44163928	
253.8	0.44726446	0.44142795	
254	0.44692879	0.44121671	
254.2	0.44653268	0.44100558	
254.4	0.44689476	0.44079455	
254.6	0.44655637	0.44058361	
254.8	0.44665263	0.44037278	
255	0.44694985	0.44016205	
255.2	0.44709451	0.43995143	
255.4	0.44693765	0.4397409	
255.6	0.44670683	0.43953047	
255.8	0.44716174	0.43932014	
256	0.44708314	0.43910992	
256.2	0.44680681	0.43889979	
256.4	0.44650494	0.43868977	
256.6	0.4461857	0.43847984	
256.8	0.44575708	0.43827002	
257	0.44526839	0.4380603	
257.2	0.44473787	0.43785067	
257.4	0.44445458	0.43764115	
257.6	0.44409008	0.43743173	
257.8	0.44393536	0.43722241	
258	0.4435446	0.43701318	
258.2	0.4432661	0.43680406	
258.4	0.44328812	0.43659504	
258.6	0.44288528	0.43638612	
258.8	0.44270199	0.4361773	
259	0.44257937	0.43596857	
259.2	0.44226088	0.43575995	
259.4	0.44199328	0.43555143	
259.6	0.44128907	0.43534301	
259.8	0.44095894	0.43513469	
260	0.44040286	0.43492646	
260.2	0.43971247	0.43471834	
260.4	0.43921696	0.43451032	
260.6	0.43854184	0.43430239	
260.8	0.43816508	0.43409457	
261	0.43780276	0.43388684	
261.2	0.43802754	0.43367922	
261.4	0.43808639	0.43347169	
261.6	0.43809718	0.43326426	
261.8	0.43826171	0.43305693	
262	0.43827765	0.4328497	
262.2	0.43831145	0.43264258	
262.4	0.43853512	0.43243554	
262.6	0.43821957	0.43222861	
262.8	0.43781731	0.43202178	
263	0.43783291	0.43181505	
263.2	0.43726208	0.43160841	
263.4	0.43677776	0.43140188	
263.6	0.43641924	0.43119544	
263.8	0.43647397	0.4309891	
264	0.43647398	0.43078286	
264.2	0.43585605	0.43057672	
264.4	0.43561491	0.43037068	
264.6	0.43555627	0.43016474	
264.8	0.43545995	0.42995889	
265	0.4350497	0.42975315	
265.2	0.43503172	0.4295475	
265.4	0.43473562	0.42934195	
265.6	0.43424505	0.4291365	
265.8	0.43414823	0.42893115	
266	0.43375337	0.42872589	
266.2	0.43334006	0.42852073	
266.4	0.43321068	0.42831568	
266.6	0.43265886	0.42811072	
266.8	0.43233491	0.42790586	
267	0.43233114	0.42770109	
267.2	0.4323094	0.42749643	
267.4	0.43267191	0.42729186	
267.6	0.43288466	0.42708739	
267.8	0.43326053	0.42688302	
268	0.43311013	0.42667874	
268.2	0.43288463	0.42647456	
268.4	0.43245501	0.42627049	
268.6	0.43254132	0.4260665	
268.8	0.43227638	0.42586262	
269	0.43191499	0.42565883	
269.2	0.43158786	0.42545515	
269.4	0.4315452	0.42525155	
269.6	0.43132868	0.42504806	
269.8	0.43106967	0.42484466	
270	0.43062758	0.42464137	
270.2	0.43050251	0.42443816	
270.4	0.4302528	0.42423506	
270.6	0.42983746	0.42403205	
270.8	0.42983088	0.42382914	
271	0.42958554	0.42362633	
271.2	0.42950209	0.42342361	
271.4	0.4293328	0.42322099	
271.6	0.42898047	0.42301847	
271.8	0.42888902	0.42281605	
272	0.42836203	0.42261372	
272.2	0.42771656	0.42241149	
272.4	0.42692386	0.42220935	
272.6	0.42704607	0.42200731	
272.8	0.42653275	0.42180537	
273	0.42617658	0.42160353	
273.2	0.42573762	0.42140178	
273.4	0.42570557	0.42120013	
273.6	0.42505596	0.42099857	
273.8	0.42488949	0.42079712	
274	0.42442977	0.42059575	
274.2	0.42408112	0.42039449	
274.4	0.42377245	0.42019332	
274.6	0.42373595	0.41999225	
274.8	0.4236789	0.41979127	
275	0.42362058	0.41959039	
275.2	0.42356755	0.4193896	
275.4	0.42353876	0.41918891	
275.6	0.4235071	0.41898832	
275.8	0.42337914	0.41878783	
276	0.4233814	0.41858742	
276.2	0.42288867	0.41838712	
276.4	0.42307613	0.41818691	
276.6	0.42305457	0.4179868	
276.8	0.42286706	0.41778678	
277	0.4232178	0.41758686	
277.2	0.42291614	0.41738703	
277.4	0.42259286	0.4171873	
277.6	0.42241094	0.41698767	
277.8	0.42251467	0.41678813	
278	0.42207422	0.41658869	
278.2	0.42229512	0.41638934	
278.4	0.42185218	0.41619008	
278.6	0.4213026	0.41599093	
278.8	0.42083533	0.41579186	
279	0.42058588	0.4155929	
279.2	0.41989201	0.41539403	
279.4	0.41991029	0.41519525	
279.6	0.41962508	0.41499657	
279.8	0.41896681	0.41479798	
280	0.41842146	0.41459949	
280.2	0.41801795	0.41440109	
280.4	0.41788814	0.41420279	
280.6	0.41767762	0.41400459	
280.8	0.41823764	0.41380647	
281	0.4179955	0.41360846	
281.2	0.41744161	0.41341053	
281.4	0.41695486	0.41321271	
281.6	0.41757138	0.41301497	
281.8	0.41747201	0.41281734	
282	0.41741116	0.41261979	
282.2	0.41744571	0.41242234	
282.4	0.4171708	0.41222499	
282.6	0.41731081	0.41202773	
282.8	0.41722499	0.41183056	
283	0.41724192	0.41163349	
283.2	0.41701092	0.41143651	
283.4	0.41728034	0.41123963	
283.6	0.41678124	0.41104284	
283.8	0.41636795	0.41084615	
284	0.41582072	0.41064955	
284.2	0.41579452	0.41045304	
284.4	0.41562513	0.41025663	
284.6	0.41557688	0.41006031	
284.8	0.41508167	0.40986409	
285	0.41410543	0.40966796	
285.2	0.41419232	0.40947192	
285.4	0.41427939	0.40927598	
285.6	0.41448496	0.40908013	
285.8	0.41416972	0.40888437	
286	0.41422191	0.40868871	
286.2	0.41402713	0.40849314	
286.4	0.41374934	0.40829767	
286.6	0.4136556	0.40810229	
286.8	0.41345795	0.407907	
287	0.41277221	0.40771181	
287.2	0.41218067	0.40751671	
287.4	0.41199287	0.4073217	
287.6	0.41168048	0.40712679	
287.8	0.41134711	0.40693197	
288	0.41094311	0.40673724	
288.2	0.41096154	0.4065426	
288.4	0.41088627	0.40634806	
288.6	0.41022098	0.40615362	
288.8	0.40992514	0.40595926	
289	0.41008231	0.405765	
289.2	0.41011906	0.40557083	
289.4	0.41014585	0.40537675	
289.6	0.40975951	0.40518277	
289.8	0.40941749	0.40498888	
290	0.40915301	0.40479508	
290.2	0.40873806	0.40460138	
290.4	0.40879302	0.40440777	
290.6	0.40843177	0.40421425	
290.8	0.40804286	0.40402082	
291	0.40735461	0.40382749	
291.2	0.40721805	0.40363424	
291.4	0.40728109	0.4034411	
291.6	0.40747536	0.40324804	
291.8	0.4071399	0.40305507	
292	0.40689068	0.4028622	
292.2	0.40699806	0.40266942	
292.4	0.40684606	0.40247673	
292.6	0.40640273	0.40228414	
292.8	0.40633258	0.40209164	
293	0.40602559	0.40189922	
293.2	0.40555985	0.40170691	
293.4	0.4053487	0.40151468	
293.6	0.40496913	0.40132254	
293.8	0.40475848	0.4011305	
294	0.40459347	0.40093855	
294.2	0.4043292	0.40074669	
294.4	0.40432643	0.40055492	
294.6	0.40397605	0.40036325	
294.8	0.4038474	0.40017166	
295	0.40389284	0.39998017	
295.2	0.40400293	0.39978877	
295.4	0.40391324	0.39959746	
295.6	0.40403782	0.39940624	
295.8	0.40382895	0.39921512	
296	0.40401528	0.39902408	
296.2	0.4041949	0.39883314	
296.4	0.40412618	0.39864229	
296.6	0.40384935	0.39845153	
296.8	0.4037353	0.39826086	
297	0.40351002	0.39807028	
297.2	0.40289835	0.39787979	
297.4	0.40252246	0.3976894	
297.6	0.40231713	0.39749909	
297.8	0.40200053	0.39730888	
298	0.40136125	0.39711876	
298.2	0.40092578	0.39692873	
298.4	0.40066235	0.39673879	
298.6	0.40017998	0.39654894	
298.8	0.39967368	0.39635918	
299	0.39953372	0.39616951	
299.2	0.39923429	0.39597993	
299.4	0.39879353	0.39579045	
299.6	0.39875663	0.39560105	
299.8	0.39872102	0.39541174	
