Conc1	2.5E-08	
Start1	180	
Stop1	299.8	
Kobs	0.0972439915747857	
Error Kobs	0.00132414856037619	
Koff	0	
Error Koff	0	
Time1	Data1	Fit1	
180	0.0026987	0	
180.2	0.00313299	0.00027633	
180.4	0.0030684	0.0005469	
180.6	0.00342055	0.00081183	
180.8	0.00350857	0.00107125	
181	0.00358055	0.00132526	
181.2	0.00391847	0.00157398	
181.4	0.00451359	0.00181753	
181.6	0.00523131	0.002056	
181.8	0.00535411	0.0022895	
182	0.00581263	0.00251814	
182.2	0.00627711	0.00274202	
182.4	0.00674162	0.00296123	
182.6	0.00644641	0.00317588	
182.8	0.00652945	0.00338606	
183	0.00654001	0.00359186	
183.2	0.00732734	0.00379337	
183.4	0.00734954	0.00399069	
183.6	0.00787704	0.0041839	
183.8	0.00805546	0.00437308	
184	0.00802328	0.00455832	
184.2	0.00785003	0.00473971	
184.4	0.0070475	0.00491731	
184.6	0.00666895	0.00509122	
184.8	0.00643664	0.00526151	
185	0.00636963	0.00542825	
185.2	0.00664794	0.00559151	
185.4	0.00680069	0.00575138	
185.6	0.00690134	0.00590791	
185.8	0.00682487	0.00606119	
186	0.00743114	0.00621127	
186.2	0.00791849	0.00635823	
186.4	0.00796535	0.00650212	
186.6	0.00735818	0.00664302	
186.8	0.00839328	0.00678099	
187	0.00854835	0.00691608	
187.2	0.0091742	0.00704835	
187.4	0.00891038	0.00717788	
187.6	0.00863151	0.0073047	
187.8	0.0091205	0.00742888	
188	0.00857091	0.00755048	
188.2	0.0082473	0.00766954	
188.4	0.00817467	0.00778613	
188.6	0.00794198	0.00790028	
188.8	0.00900465	0.00801206	
189	0.00929021	0.00812151	
189.2	0.00950027	0.00822868	
189.4	0.00954916	0.00833362	
189.6	0.01008203	0.00843637	
189.8	0.01081522	0.00853699	
190	0.01128609	0.0086355	
190.2	0.01139298	0.00873197	
190.4	0.01132329	0.00882642	
190.6	0.01081166	0.00891891	
190.8	0.01147409	0.00900947	
191	0.011412	0.00909815	
191.2	0.01149531	0.00918498	
191.4	0.01141923	0.00927	
191.6	0.01111899	0.00935325	
191.8	0.01135038	0.00943476	
192	0.01129818	0.00951458	
192.2	0.01105067	0.00959274	
192.4	0.0116061	0.00966926	
192.6	0.01135407	0.0097442	
192.8	0.0115044	0.00981757	
193	0.01145179	0.00988942	
193.2	0.01116076	0.00995976	
193.4	0.01152249	0.01002865	
193.6	0.01196634	0.0100961	
193.8	0.01203334	0.01016214	
194	0.011702	0.01022681	
194.2	0.01152921	0.01029013	
194.4	0.01137849	0.01035213	
194.6	0.01111514	0.01041284	
194.8	0.01167856	0.01047229	
195	0.01171789	0.0105305	
195.2	0.01094431	0.01058749	
195.4	0.01089778	0.0106433	
195.6	0.01070044	0.01069795	
195.8	0.01096331	0.01075146	
196	0.01124646	0.01080385	
196.2	0.01075238	0.01085515	
196.4	0.01121587	0.01090539	
196.6	0.01094676	0.01095457	
196.8	0.01061366	0.01100274	
197	0.01107186	0.0110499	
197.2	0.01132308	0.01109607	
197.4	0.01188719	0.01114129	
197.6	0.01196756	0.01118557	
197.8	0.0117109	0.01122892	
198	0.01134026	0.01127137	
198.2	0.01131797	0.01131293	
198.4	0.01106181	0.01135363	
198.6	0.01126412	0.01139348	
198.8	0.01122379	0.0114325	
199	0.01106343	0.01147071	
199.2	0.01087954	0.01150813	
199.4	0.01179574	0.01154476	
199.6	0.01228602	0.01158063	
199.8	0.01279481	0.01161575	
200	0.01325828	0.01165015	
200.2	0.01350328	0.01168382	
200.4	0.013793	0.0117168	
200.6	0.01365772	0.01174908	
200.8	0.01300863	0.0117807	
201	0.01306573	0.01181166	
201.2	0.01317506	0.01184197	
201.4	0.01249405	0.01187165	
201.6	0.01203942	0.01190071	
201.8	0.01145746	0.01192917	
202	0.01136213	0.01195703	
202.2	0.01141174	0.01198432	
202.4	0.01121674	0.01201103	
202.6	0.01177897	0.01203719	
202.8	0.01189643	0.01206281	
203	0.01222102	0.01208789	
203.2	0.01302071	0.01211244	
203.4	0.01328438	0.01213649	
203.6	0.01348302	0.01216004	
203.8	0.01381576	0.01218309	
204	0.01412572	0.01220567	
204.2	0.01447094	0.01222777	
204.4	0.01435884	0.01224942	
204.6	0.01418231	0.01227061	
204.8	0.01382692	0.01229137	
205	0.01346545	0.01231169	
205.2	0.01342325	0.01233158	
205.4	0.01283339	0.01235107	
205.6	0.01252916	0.01237014	
205.8	0.01249318	0.01238882	
206	0.01285139	0.01240711	
206.2	0.01236519	0.01242502	
206.4	0.01199735	0.01244256	
206.6	0.01189197	0.01245973	
206.8	0.01193758	0.01247655	
207	0.01152889	0.01249301	
207.2	0.01192244	0.01250913	
207.4	0.0115664	0.01252491	
207.6	0.01130392	0.01254037	
207.8	0.01162502	0.0125555	
208	0.01198778	0.01257032	
208.2	0.01229058	0.01258483	
208.4	0.01201807	0.01259904	
208.6	0.01196396	0.01261295	
208.8	0.01213517	0.01262658	
209	0.01181864	0.01263992	
209.2	0.01220836	0.01265298	
209.4	0.01167624	0.01266577	
209.6	0.01132771	0.01267829	
209.8	0.01173196	0.01269055	
210	0.01188415	0.01270256	
210.2	0.01193049	0.01271431	
210.4	0.01209671	0.01272582	
210.6	0.01190967	0.01273709	
210.8	0.01240738	0.01274813	
211	0.01254813	0.01275894	
211.2	0.01325874	0.01276952	
211.4	0.01318524	0.01277988	
211.6	0.01314994	0.01279003	
211.8	0.01382102	0.01279996	
212	0.01418382	0.01280969	
212.2	0.01376732	0.01281921	
212.4	0.0135242	0.01282854	
212.6	0.01375249	0.01283767	
212.8	0.01374409	0.01284661	
213	0.01316049	0.01285537	
213.2	0.01284128	0.01286394	
213.4	0.01209144	0.01287234	
213.6	0.01198695	0.01288056	
213.8	0.01238505	0.01288861	
214	0.01231693	0.01289649	
214.2	0.01288802	0.0129042	
214.4	0.01278845	0.01291176	
214.6	0.01280024	0.01291916	
214.8	0.01352263	0.0129264	
215	0.01390316	0.0129335	
215.2	0.01420892	0.01294044	
215.4	0.01452632	0.01294725	
215.6	0.01439783	0.01295391	
215.8	0.01458721	0.01296043	
216	0.01484774	0.01296681	
216.2	0.01428294	0.01297306	
216.4	0.01458208	0.01297919	
216.6	0.01492418	0.01298518	
216.8	0.0149143	0.01299105	
217	0.01460398	0.0129968	
217.2	0.01425018	0.01300243	
217.4	0.01462342	0.01300794	
217.6	0.01460675	0.01301333	
217.8	0.01452383	0.01301862	
218	0.01424519	0.01302379	
218.2	0.01485243	0.01302885	
218.4	0.01415062	0.01303381	
218.6	0.01372325	0.01303867	
218.8	0.01372915	0.01304343	
219	0.01360171	0.01304808	
219.2	0.01326087	0.01305264	
219.4	0.01329619	0.01305711	
219.6	0.01296828	0.01306148	
219.8	0.01313004	0.01306576	
220	0.01350475	0.01306995	
220.2	0.01325148	0.01307405	
220.4	0.01368798	0.01307807	
220.6	0.01396797	0.01308201	
220.8	0.01367986	0.01308586	
221	0.01358037	0.01308963	
221.2	0.01367085	0.01309333	
221.4	0.01392244	0.01309694	
221.6	0.01356698	0.01310049	
221.8	0.01333692	0.01310395	
222	0.01348776	0.01310735	
222.2	0.01370739	0.01311068	
222.4	0.0134438	0.01311393	
222.6	0.01361898	0.01311712	
222.8	0.01400211	0.01312024	
223	0.01420725	0.0131233	
223.2	0.01405566	0.01312629	
223.4	0.01433924	0.01312922	
223.6	0.01444469	0.01313209	
223.8	0.01455639	0.0131349	
224	0.01461675	0.01313765	
224.2	0.01435627	0.01314035	
224.4	0.0142843	0.01314298	
224.6	0.01395913	0.01314557	
224.8	0.01357384	0.0131481	
225	0.01371488	0.01315057	
225.2	0.01351516	0.013153	
225.4	0.01339184	0.01315537	
225.6	0.01329605	0.0131577	
225.8	0.01284497	0.01315997	
226	0.0130696	0.0131622	
226.2	0.01325229	0.01316438	
226.4	0.01301259	0.01316652	
226.6	0.0128607	0.01316861	
226.8	0.01255841	0.01317066	
227	0.01245158	0.01317267	
227.2	0.01172219	0.01317463	
227.4	0.01131146	0.01317656	
227.6	0.01149897	0.01317844	
227.8	0.01159155	0.01318029	
228	0.01175405	0.01318209	
228.2	0.01186104	0.01318386	
228.4	0.01183903	0.01318559	
228.6	0.01217382	0.01318729	
228.8	0.01274649	0.01318895	
229	0.01324235	0.01319057	
229.2	0.01383566	0.01319217	
229.4	0.01408719	0.01319372	
229.6	0.01426611	0.01319525	
229.8	0.01463864	0.01319674	
230	0.01507551	0.01319821	
230.2	0.01512105	0.01319964	
230.4	0.01486888	0.01320104	
230.6	0.01537088	0.01320242	
230.8	0.01477445	0.01320376	
231	0.01461826	0.01320508	
231.2	0.0139185	0.01320637	
231.4	0.01355309	0.01320763	
231.6	0.01322097	0.01320887	
231.8	0.01280526	0.01321008	
232	0.01281976	0.01321126	
232.2	0.01248609	0.01321242	
232.4	0.01240021	0.01321356	
232.6	0.01258146	0.01321467	
232.8	0.01303365	0.01321576	
233	0.0130267	0.01321683	
233.2	0.01331235	0.01321788	
233.4	0.01263754	0.0132189	
233.6	0.01285885	0.0132199	
233.8	0.01273796	0.01322088	
234	0.01249044	0.01322184	
234.2	0.01273298	0.01322278	
234.4	0.01292982	0.0132237	
234.6	0.01328231	0.01322461	
234.8	0.01298887	0.01322549	
235	0.01296273	0.01322635	
235.2	0.01295015	0.0132272	
235.4	0.01314489	0.01322803	
235.6	0.0130771	0.01322884	
235.8	0.01320514	0.01322963	
236	0.01359783	0.01323041	
236.2	0.01367702	0.01323117	
236.4	0.01401192	0.01323192	
236.6	0.01386389	0.01323265	
236.8	0.01425152	0.01323337	
237	0.0139974	0.01323407	
237.2	0.01423615	0.01323475	
237.4	0.01370637	0.01323542	
237.6	0.01370658	0.01323608	
237.8	0.01338291	0.01323673	
238	0.01339478	0.01323736	
238.2	0.01357118	0.01323797	
238.4	0.0133412	0.01323858	
238.6	0.01331453	0.01323917	
238.8	0.01312876	0.01323975	
239	0.01303149	0.01324032	
239.2	0.01316971	0.01324087	
239.4	0.01304244	0.01324142	
239.6	0.0126468	0.01324195	
239.8	0.01243918	0.01324247	
240	0.01243918	0.01324298	
240.2	0.01174755	0.01298791	
240.4	0.01082502	0.01273775	
240.6	0.01001978	0.01249241	
240.8	0.00914783	0.0122518	
241	0.00867904	0.01201582	
241.2	0.00812164	0.01178438	
241.4	0.00786459	0.0115574	
241.6	0.00766368	0.0113348	
241.8	0.00742287	0.01111648	
242	0.00765809	0.01090237	
242.2	0.00761308	0.01069238	
242.4	0.00757142	0.01048643	
242.6	0.00740667	0.01028445	
242.8	0.00712228	0.01008637	
243	0.0068704	0.00989209	
243.2	0.00677141	0.00970156	
243.4	0.00685108	0.0095147	
243.6	0.00716092	0.00933144	
243.8	0.00672246	0.00915171	
244	0.00649004	0.00897544	
244.2	0.00670004	0.00880256	
244.4	0.006463	0.00863302	
244.6	0.00623599	0.00846674	
244.8	0.00670442	0.00830366	
245	0.00711027	0.00814373	
245.2	0.00677847	0.00798687	
245.4	0.00680447	0.00783304	
245.6	0.00616319	0.00768216	
245.8	0.00597925	0.0075342	
246	0.00561188	0.00738908	
246.2	0.00497597	0.00724676	
246.4	0.00501732	0.00710718	
246.6	0.00471571	0.00697029	
246.8	0.00451566	0.00683604	
247	0.00470453	0.00670437	
247.2	0.00452692	0.00657524	
247.4	0.0042941	0.00644859	
247.6	0.0037173	0.00632439	
247.8	0.00364264	0.00620258	
248	0.00331643	0.00608311	
248.2	0.00302476	0.00596594	
248.4	0.00310486	0.00585103	
248.6	0.00278648	0.00573834	
248.8	0.00336026	0.00562781	
249	0.00263617	0.00551941	
249.2	0.00196003	0.00541311	
249.4	0.00178105	0.00530884	
249.6	0.00210029	0.00520659	
249.8	0.00219712	0.00510631	
250	0.00178961	0.00500796	
250.2	0.00188615	0.0049115	
250.4	0.00185139	0.0048169	
250.6	0.00187492	0.00472412	
250.8	0.00162838	0.00463313	
251	0.00176964	0.00454389	
251.2	0.00157449	0.00445637	
251.4	0.00144896	0.00437054	
251.6	0.0008319	0.00428636	
251.8	0.00081028	0.0042038	
252	0.00052911	0.00412283	
252.2	0.0003892	0.00404342	
252.4	0.00067219	0.00396554	
252.6	0.00066449	0.00388916	
252.8	0.00053006	0.00381425	
253	-0.0002462	0.00374079	
253.2	0.00008683	0.00366874	
253.4	0.0006564	0.00359807	
253.6	0.00128325	0.00352877	
253.8	0.00100639	0.0034608	
254	0.00042094	0.00339414	
254.2	0.00059156	0.00332877	
254.4	0.00073232	0.00326466	
254.6	0.00062691	0.00320178	
254.8	0.00055164	0.00314011	
255	0.00050726	0.00307963	
255.2	0.00041826	0.00302031	
255.4	0.00019537	0.00296213	
255.6	0.0003321	0.00290508	
255.8	-0.00002262	0.00284913	
256	0.00014496	0.00279425	
256.2	-0.00028702	0.00274043	
256.4	-0.0005808	0.00268765	
256.6	-0.00064722	0.00263588	
256.8	-0.00120218	0.00258511	
257	-0.00103415	0.00253532	
257.2	-0.00114157	0.00248649	
257.4	-0.00130463	0.0024386	
257.6	-0.00104266	0.00239163	
257.8	-0.00133186	0.00234556	
258	-0.00204085	0.00230038	
258.2	-0.00165863	0.00225608	
258.4	-0.00187011	0.00221262	
258.6	-0.00231172	0.00217001	
258.8	-0.00238656	0.00212821	
259	-0.00269961	0.00208722	
259.2	-0.00246008	0.00204702	
259.4	-0.00184852	0.00200759	
259.6	-0.00133486	0.00196892	
259.8	-0.00208634	0.001931	
260	-0.00177552	0.0018938	
260.2	-0.0017672	0.00185733	
260.4	-0.00110025	0.00182155	
260.6	-0.00040538	0.00178647	
260.8	0.0001654	0.00175206	
261	0.00057982	0.00171831	
261.2	0.00029173	0.00168522	
261.4	0.00106969	0.00165276	
261.6	0.00162095	0.00162093	
261.8	0.00183437	0.00158971	
262	0.00142802	0.00155909	
262.2	0.00128476	0.00152906	
262.4	0.001074	0.00149961	
262.6	0.00070143	0.00147072	
262.8	0.00064603	0.00144239	
263	0.00015379	0.00141461	
263.2	-0.0000685	0.00138737	
263.4	-0.00024114	0.00136064	
263.6	-0.00103522	0.00133444	
263.8	-0.00137601	0.00130873	
264	-0.00160773	0.00128353	
264.2	-0.00168371	0.00125881	
264.4	-0.00151536	0.00123456	
264.6	-0.00129479	0.00121078	
264.8	-0.00079357	0.00118746	
265	-0.00101953	0.00116459	
265.2	-0.00116662	0.00114216	
265.4	-0.00085182	0.00112016	
265.6	-0.00099182	0.00109858	
265.8	-0.00058888	0.00107742	
266	-0.00105214	0.00105667	
266.2	-0.00064832	0.00103632	
266.4	-0.00044011	0.00101636	
266.6	-0.0007023	0.00099678	
266.8	-0.00108793	0.00097758	
267	-0.00195993	0.00095875	
267.2	-0.00213844	0.00094029	
267.4	-0.00287451	0.00092218	
267.6	-0.00313007	0.00090442	
267.8	-0.00327029	0.000887	
268	-0.00351161	0.00086991	
268.2	-0.00350248	0.00085316	
268.4	-0.00324334	0.00083672	
268.6	-0.00298346	0.00082061	
268.8	-0.00310671	0.0008048	
269	-0.00348815	0.0007893	
269.2	-0.00307883	0.0007741	
269.4	-0.00282959	0.00075919	
269.6	-0.002528	0.00074457	
269.8	-0.00187369	0.00073022	
270	-0.00198615	0.00071616	
270.2	-0.00189598	0.00070237	
270.4	-0.00211144	0.00068884	
270.6	-0.00242344	0.00067557	
270.8	-0.00331931	0.00066256	
271	-0.00352367	0.0006498	
271.2	-0.00376784	0.00063728	
271.4	-0.00419634	0.00062501	
271.6	-0.00436052	0.00061297	
271.8	-0.00457937	0.00060116	
272	-0.00439521	0.00058958	
272.2	-0.00472842	0.00057823	
272.4	-0.00507442	0.00056709	
272.6	-0.00455494	0.00055617	
272.8	-0.00433578	0.00054545	
273	-0.00376195	0.00053495	
273.2	-0.00306674	0.00052465	
273.4	-0.00265383	0.00051454	
273.6	-0.00223661	0.00050463	
273.8	-0.00184547	0.00049491	
274	-0.00199747	0.00048538	
274.2	-0.00221831	0.00047603	
274.4	-0.00155083	0.00046686	
274.6	-0.00187042	0.00045787	
274.8	-0.00219817	0.00044905	
275	-0.0018209	0.0004404	
275.2	-0.0017971	0.00043192	
275.4	-0.00219691	0.0004236	
275.6	-0.00305962	0.00041544	
275.8	-0.00277455	0.00040744	
276	-0.00273372	0.00039959	
276.2	-0.00249567	0.00039189	
276.4	-0.0027031	0.00038435	
276.6	-0.00238679	0.00037694	
276.8	-0.00228376	0.00036968	
277	-0.00232426	0.00036256	
277.2	-0.00243393	0.00035558	
277.4	-0.00287145	0.00034873	
277.6	-0.0034616	0.00034201	
277.8	-0.0037301	0.00033543	
278	-0.00440947	0.00032896	
278.2	-0.00426078	0.00032263	
278.4	-0.00377022	0.00031641	
278.6	-0.0040845	0.00031032	
278.8	-0.0040756	0.00030434	
279	-0.00414162	0.00029848	
279.2	-0.00402961	0.00029273	
279.4	-0.0040562	0.00028709	
279.6	-0.00406741	0.00028156	
279.8	-0.00377506	0.00027614	
280	-0.00363837	0.00027082	
280.2	-0.00340616	0.00026561	
280.4	-0.00366797	0.00026049	
280.6	-0.00360983	0.00025547	
280.8	-0.0034284	0.00025055	
281	-0.00354017	0.00024573	
281.2	-0.00321591	0.00024099	
281.4	-0.00293141	0.00023635	
281.6	-0.0025098	0.0002318	
281.8	-0.00229255	0.00022733	
282	-0.00219568	0.00022296	
282.2	-0.00174139	0.00021866	
282.4	-0.00184877	0.00021445	
282.6	-0.0014805	0.00021032	
282.8	-0.00135609	0.00020627	
283	-0.00096206	0.0002023	
283.2	-0.00094154	0.0001984	
283.4	-0.00094743	0.00019458	
283.6	-0.00176296	0.00019083	
283.8	-0.00209307	0.00018715	
284	-0.00191028	0.00018355	
284.2	-0.00233989	0.00018001	
284.4	-0.0027833	0.00017655	
284.6	-0.00298647	0.00017315	
284.8	-0.00306065	0.00016981	
285	-0.00306476	0.00016654	
285.2	-0.00265422	0.00016333	
285.4	-0.00224572	0.00016019	
285.6	-0.00231716	0.0001571	
285.8	-0.00299235	0.00015408	
286	-0.00302628	0.00015111	
286.2	-0.00273016	0.0001482	
286.4	-0.00244954	0.00014534	
286.6	-0.00239702	0.00014254	
286.8	-0.00214711	0.0001398	
287	-0.0028221	0.00013711	
287.2	-0.00343836	0.00013447	
287.4	-0.00315563	0.00013188	
287.6	-0.00326767	0.00012934	
287.8	-0.0025951	0.00012684	
288	-0.00268378	0.0001244	
288.2	-0.0035183	0.00012201	
288.4	-0.00403257	0.00011966	
288.6	-0.00390375	0.00011735	
288.8	-0.00404464	0.00011509	
289	-0.00430017	0.00011287	
289.2	-0.00382785	0.0001107	
289.4	-0.00382597	0.00010857	
289.6	-0.00399221	0.00010648	
289.8	-0.00417263	0.00010443	
290	-0.00368827	0.00010241	
290.2	-0.00370842	0.00010044	
290.4	-0.00397054	0.00009851	
290.6	-0.00439117	0.00009661	
290.8	-0.00404615	0.00009475	
291	-0.0045295	0.00009292	
291.2	-0.00432216	0.00009113	
291.4	-0.00364792	0.00008938	
291.6	-0.00339071	0.00008766	
291.8	-0.00306467	0.00008597	
292	-0.00337219	0.00008431	
292.2	-0.00365658	0.00008269	
292.4	-0.00306267	0.0000811	
292.6	-0.0028675	0.00007953	
292.8	-0.00245278	0.000078	
293	-0.00254777	0.0000765	
293.2	-0.00276852	0.00007503	
293.4	-0.00314845	0.00007358	
293.6	-0.00375955	0.00007216	
293.8	-0.00435024	0.00007077	
294	-0.00485009	0.00006941	
294.2	-0.00555292	0.00006807	
294.4	-0.00617783	0.00006676	
294.6	-0.00624493	0.00006548	
294.8	-0.00592482	0.00006422	
295	-0.00617341	0.00006298	
295.2	-0.00620713	0.00006177	
295.4	-0.005891	0.00006058	
295.6	-0.00511051	0.00005941	
295.8	-0.0045406	0.00005827	
296	-0.00395539	0.00005714	
296.2	-0.00314288	0.00005604	
296.4	-0.00212321	0.00005496	
296.6	-0.00176786	0.0000539	
296.8	-0.00087798	0.00005287	
297	-0.00078522	0.00005185	
297.2	-0.00068304	0.00005085	
297.4	-0.00104761	0.00004987	
297.6	-0.00155101	0.00004891	
297.8	-0.00204515	0.00004797	
298	-0.00253532	0.00004704	
298.2	-0.00305009	0.00004614	
298.4	-0.00345775	0.00004525	
298.6	-0.0032556	0.00004438	
298.8	-0.00330991	0.00004352	
299	-0.00355196	0.00004268	
299.2	-0.00352789	0.00004186	
299.4	-0.00330678	0.00004106	
299.6	-0.00276348	0.00004026	
299.8	-0.00273072	0.00003949	
