Conc1	1.25E-07	
Start1	420	
Stop1	779.8	
Kobs	0.0161533364471026	
Error Kobs	0.000108886941950246	
Koff	0	
Error Koff	0	
Time1	Data1	Fit1	
420	-0.00990771	0	
420.2	-0.00767775	0.00270784	
420.4	-0.00542357	0.00539568	
420.6	-0.00283928	0.00806369	
420.8	0.00023477	0.010712	
421	0.00346271	0.01334076	
421.2	0.00678385	0.01595012	
421.4	0.01063546	0.01854021	
421.6	0.01441285	0.02111119	
421.8	0.01810053	0.02366319	
422	0.02170307	0.02619634	
422.2	0.02557361	0.0287108	
422.4	0.02819549	0.0312067	
422.6	0.03122873	0.03368417	
422.8	0.03433477	0.03614336	
423	0.03753097	0.03858439	
423.2	0.04027023	0.0410074	
423.4	0.04308159	0.04341253	
423.6	0.04564399	0.0457999	
423.8	0.04879791	0.04816965	
424	0.0519644	0.05052191	
424.2	0.05477766	0.0528568	
424.4	0.05728048	0.05517446	
424.6	0.05986572	0.057475	
424.8	0.06275644	0.05975857	
425	0.06552781	0.06202528	
425.2	0.06842144	0.06427526	
425.4	0.07138098	0.06650862	
425.6	0.07383977	0.0687255	
425.8	0.07651302	0.07092602	
426	0.07887584	0.07311029	
426.2	0.08150348	0.07527844	
426.4	0.08349215	0.07743059	
426.6	0.08637723	0.07956684	
426.8	0.08899273	0.08168733	
427	0.09155876	0.08379216	
427.2	0.0936673	0.08588146	
427.4	0.0960512	0.08795534	
427.6	0.09885732	0.0900139	
427.8	0.10157451	0.09205727	
428	0.1041424	0.09408556	
428.2	0.10673674	0.09609887	
428.4	0.10941548	0.09809732	
428.6	0.11217207	0.10008102	
428.8	0.11496177	0.10205007	
429	0.11748911	0.1040046	
429.2	0.1198202	0.10594469	
429.4	0.12228428	0.10787046	
429.6	0.12452983	0.10978201	
429.8	0.12690762	0.11167946	
430	0.12867342	0.1135629	
430.2	0.13085952	0.11543243	
430.4	0.13286623	0.11728817	
430.6	0.13487123	0.1191302	
430.8	0.1370242	0.12095864	
431	0.13856965	0.12277358	
431.2	0.14025728	0.12457512	
431.4	0.14204612	0.12636337	
431.6	0.14423579	0.12813841	
431.8	0.14593515	0.12990035	
432	0.14768636	0.13164929	
432.2	0.14939164	0.13338531	
432.4	0.15096647	0.13510852	
432.6	0.152743	0.13681901	
432.8	0.15439698	0.13851687	
433	0.15651615	0.1402022	
433.2	0.15842812	0.14187509	
433.4	0.15990648	0.14353563	
433.6	0.16162039	0.14518391	
433.8	0.1637282	0.14682003	
434	0.16555589	0.14844406	
434.2	0.16756322	0.15005611	
434.4	0.1692221	0.15165626	
434.6	0.17108842	0.1532446	
434.8	0.17304684	0.15482121	
435	0.17451715	0.15638618	
435.2	0.17614026	0.1579396	
435.4	0.17769967	0.15948156	
435.6	0.17959104	0.16101213	
435.8	0.18110797	0.1625314	
436	0.18260891	0.16403946	
436.2	0.18435593	0.16553638	
436.4	0.1861475	0.16702226	
436.6	0.18801747	0.16849717	
436.8	0.18980574	0.16996119	
437	0.19134266	0.1714144	
437.2	0.19233044	0.17285689	
437.4	0.19306032	0.17428872	
437.6	0.19476442	0.17570999	
437.8	0.19635554	0.17712077	
438	0.19796573	0.17852113	
438.2	0.1992256	0.17991115	
438.4	0.20043643	0.18129092	
438.6	0.2017609	0.1826605	
438.8	0.20286546	0.18401996	
439	0.20404874	0.1853694	
439.2	0.20496498	0.18670887	
439.4	0.2065278	0.18803845	
439.6	0.20794189	0.18935822	
439.8	0.20920053	0.19066825	
440	0.2106332	0.19196861	
440.2	0.21230939	0.19325937	
440.4	0.21381395	0.1945406	
440.6	0.21529915	0.19581237	
440.8	0.21676634	0.19707475	
441	0.21788927	0.19832782	
441.2	0.21942039	0.19957163	
441.4	0.22070076	0.20080627	
441.6	0.22236286	0.20203179	
441.8	0.22369288	0.20324826	
442	0.22498789	0.20445575	
442.2	0.22620607	0.20565433	
442.4	0.22685411	0.20684407	
442.6	0.22761931	0.20802502	
442.8	0.22823817	0.20919725	
443	0.22931803	0.21036083	
443.2	0.23028935	0.21151582	
443.4	0.23135043	0.21266228	
443.6	0.23209394	0.21380028	
443.8	0.23311417	0.21492988	
444	0.23395423	0.21605114	
444.2	0.23503399	0.21716413	
444.4	0.23618937	0.2182689	
444.6	0.23768804	0.21936551	
444.8	0.23890428	0.22045403	
445	0.23999288	0.22153451	
445.2	0.24121941	0.22260702	
445.4	0.24228493	0.22367161	
445.6	0.2433747	0.22472834	
445.8	0.24399518	0.22577728	
446	0.24505516	0.22681846	
446.2	0.24586185	0.22785197	
446.4	0.246433	0.22887784	
446.6	0.24758352	0.22989614	
446.8	0.24857128	0.23090692	
447	0.24986052	0.23191025	
447.2	0.25059342	0.23290616	
447.4	0.25111579	0.23389473	
447.6	0.25198069	0.23487599	
447.8	0.25290087	0.23585002	
448	0.25345978	0.23681685	
448.2	0.2548302	0.23777655	
448.4	0.25599189	0.23872916	
448.6	0.25685771	0.23967474	
448.8	0.25751029	0.24061334	
449	0.25809902	0.24154501	
449.2	0.2588706	0.2424698	
449.4	0.25970107	0.24338777	
449.6	0.26055759	0.24429896	
449.8	0.26121569	0.24520343	
450	0.26238398	0.24610121	
450.2	0.26306507	0.24699237	
450.4	0.26423277	0.24787696	
450.6	0.2650981	0.24875501	
450.8	0.2660075	0.24962658	
451	0.26695387	0.25049172	
451.2	0.26787263	0.25135047	
451.4	0.26881012	0.25220288	
451.6	0.26986719	0.253049	
451.8	0.27086374	0.25388887	
452	0.27169653	0.25472255	
452.2	0.2728541	0.25555007	
452.4	0.27303746	0.25637148	
452.6	0.27314359	0.25718682	
452.8	0.27372653	0.25799615	
453	0.27434757	0.25879951	
453.2	0.27495918	0.25959693	
453.4	0.27542739	0.26038847	
453.6	0.27600728	0.26117416	
453.8	0.27650867	0.26195406	
454	0.27729009	0.2627282	
454.2	0.27789501	0.26349662	
454.4	0.27880684	0.26425937	
454.6	0.27953914	0.26501649	
454.8	0.28017297	0.26576802	
455	0.28122902	0.26651401	
455.2	0.28199244	0.26725448	
455.4	0.28297218	0.2679895	
455.6	0.2837657	0.26871908	
455.8	0.28463373	0.26944328	
456	0.28501143	0.27016213	
456.2	0.28587973	0.27087568	
456.4	0.2862588	0.27158396	
456.6	0.28712276	0.27228701	
456.8	0.28818708	0.27298487	
457	0.28861171	0.27367759	
457.2	0.28888114	0.27436518	
457.4	0.28877433	0.2750477	
457.6	0.28932652	0.27572519	
457.8	0.28961922	0.27639767	
458	0.2900461	0.27706519	
458.2	0.29027962	0.27772778	
458.4	0.29036479	0.27838548	
458.6	0.29069402	0.27903832	
458.8	0.29107273	0.27968634	
459	0.29204783	0.28032959	
459.2	0.2924809	0.28096808	
459.4	0.29316274	0.28160186	
459.6	0.29387071	0.28223096	
459.8	0.29458272	0.28285542	
460	0.29526432	0.28347526	
460.2	0.29655127	0.28409054	
460.4	0.29719191	0.28470127	
460.6	0.29798919	0.28530749	
460.8	0.29842708	0.28590924	
461	0.29846795	0.28650654	
461.2	0.29868285	0.28709944	
461.4	0.29866183	0.28768796	
461.6	0.29903119	0.28827213	
461.8	0.29910293	0.28885199	
462	0.29917746	0.28942758	
462.2	0.29924801	0.28999891	
462.4	0.29959305	0.29056602	
462.6	0.30044947	0.29112895	
462.8	0.30073781	0.29168773	
463	0.30146319	0.29224238	
463.2	0.30188626	0.29279293	
463.4	0.30238204	0.29333942	
463.6	0.30299889	0.29388188	
463.8	0.30345159	0.29442033	
464	0.30403885	0.29495481	
464.2	0.30477241	0.29548534	
464.4	0.30525728	0.29601196	
464.6	0.3057354	0.29653469	
464.8	0.30642143	0.29705356	
465	0.30676723	0.2975686	
465.2	0.30714809	0.29807983	
465.4	0.30752317	0.2985873	
465.6	0.3077596	0.29909102	
465.8	0.30847618	0.29959102	
466	0.30916522	0.30008732	
466.2	0.309793	0.30057997	
466.4	0.31065572	0.30106898	
466.6	0.31137974	0.30155438	
466.8	0.311507	0.30203619	
467	0.31195064	0.30251445	
467.2	0.31247679	0.30298918	
467.4	0.3127515	0.3034604	
467.6	0.31295837	0.30392815	
467.8	0.31329934	0.30439244	
468	0.31367239	0.30485331	
468.2	0.31429418	0.30531077	
468.4	0.31470878	0.30576485	
468.6	0.31472666	0.30621559	
468.8	0.31510203	0.306663	
469	0.31517474	0.3071071	
469.2	0.31568666	0.30754793	
469.4	0.31613223	0.3079855	
469.6	0.31658809	0.30841984	
469.8	0.31746386	0.30885098	
470	0.31777175	0.30927893	
470.2	0.31804928	0.30970372	
470.4	0.3188839	0.31012538	
470.6	0.31896288	0.31054393	
470.8	0.31917921	0.31095938	
471	0.31943663	0.31137177	
471.2	0.31972243	0.31178112	
471.4	0.32003754	0.31218744	
471.6	0.32042127	0.31259077	
471.8	0.32078468	0.31299111	
472	0.32095026	0.3133885	
472.2	0.32086127	0.31378296	
472.4	0.32108646	0.31417451	
472.6	0.32118016	0.31456316	
472.8	0.3216939	0.31494895	
473	0.32206261	0.31533189	
473.2	0.32261771	0.315712	
473.4	0.32290886	0.31608931	
473.6	0.32370086	0.31646383	
473.8	0.32401948	0.31683559	
474	0.32414831	0.3172046	
474.2	0.3243387	0.31757089	
474.4	0.32492544	0.31793447	
474.6	0.32478566	0.31829537	
474.8	0.32473908	0.31865361	
475	0.32446004	0.3190092	
475.2	0.32407684	0.31936217	
475.4	0.32431879	0.31971253	
475.6	0.32427798	0.3200603	
475.8	0.32431686	0.32040551	
476	0.32405138	0.32074817	
476.2	0.32390395	0.3210883	
476.4	0.3245509	0.32142592	
476.6	0.32481375	0.32176105	
476.8	0.32510031	0.3220937	
477	0.32574561	0.3224239	
477.2	0.32658644	0.32275166	
477.4	0.32747334	0.323077	
477.6	0.32832603	0.32339994	
477.8	0.32884219	0.3237205	
478	0.32915331	0.32403868	
478.2	0.32945429	0.32435453	
478.4	0.3301109	0.32466803	
478.6	0.33003613	0.32497923	
478.8	0.3301311	0.32528813	
479	0.33047122	0.32559474	
479.2	0.33049203	0.3258991	
479.4	0.33104702	0.3262012	
479.6	0.3311465	0.32650108	
479.8	0.33142409	0.32679874	
480	0.33129608	0.32709421	
480.2	0.33120814	0.32738749	
480.4	0.33165818	0.32767861	
480.6	0.33159577	0.32796759	
480.8	0.33204864	0.32825442	
481	0.33283761	0.32853914	
481.2	0.33271073	0.32882176	
481.4	0.33332103	0.3291023	
481.6	0.33330391	0.32938076	
481.8	0.33355906	0.32965716	
482	0.33331425	0.32993153	
482.2	0.33370398	0.33020387	
482.4	0.33393639	0.3304742	
482.6	0.33387633	0.33074253	
482.8	0.33431769	0.33100889	
483	0.33452927	0.33127327	
483.2	0.33473142	0.33153571	
483.4	0.33551132	0.33179621	
483.6	0.3359777	0.33205478	
483.8	0.33662757	0.33231145	
484	0.33675779	0.33256622	
484.2	0.3371227	0.33281911	
484.4	0.3373589	0.33307014	
484.6	0.33754322	0.33331931	
484.8	0.33782562	0.33356664	
485	0.33734141	0.33381215	
485.2	0.3371131	0.33405584	
485.4	0.33783124	0.33429774	
485.6	0.33765646	0.33453785	
485.8	0.3376213	0.33477619	
486	0.33796882	0.33501276	
486.2	0.33819818	0.3352476	
486.4	0.33856412	0.33548069	
486.6	0.338519	0.33571207	
486.8	0.3391513	0.33594174	
487	0.33926039	0.33616972	
487.2	0.33983147	0.33639601	
487.4	0.34013531	0.33662063	
487.6	0.34031497	0.33684359	
487.8	0.34023664	0.33706491	
488	0.34038982	0.33728459	
488.2	0.34064317	0.33750265	
488.4	0.34027099	0.3377191	
488.6	0.34048741	0.33793396	
488.8	0.34074134	0.33814722	
489	0.34077058	0.33835892	
489.2	0.34124839	0.33856905	
489.4	0.34183361	0.33877763	
489.6	0.34201734	0.33898467	
489.8	0.34255612	0.33919018	
490	0.34312933	0.33939417	
490.2	0.34360971	0.33959666	
490.4	0.34427868	0.33979766	
490.6	0.3442684	0.33999717	
490.8	0.34485004	0.34019521	
491	0.34478054	0.34039178	
491.2	0.34511034	0.34058691	
491.4	0.34500617	0.34078059	
491.6	0.34493196	0.34097284	
491.8	0.34460913	0.34116368	
492	0.34465047	0.34135311	
492.2	0.34433472	0.34154114	
492.4	0.34419148	0.34172778	
492.6	0.34460143	0.34191304	
492.8	0.34440777	0.34209693	
493	0.34441109	0.34227947	
493.2	0.34449823	0.34246066	
493.4	0.34468443	0.34264051	
493.6	0.34451933	0.34281904	
493.8	0.34446105	0.34299624	
494	0.34479956	0.34317214	
494.2	0.34523419	0.34334674	
494.4	0.34558772	0.34352006	
494.6	0.34561156	0.34369209	
494.8	0.34626213	0.34386285	
495	0.34642672	0.34403235	
495.2	0.34660174	0.3442006	
495.4	0.3467729	0.34436761	
495.6	0.34659253	0.34453339	
495.8	0.34642002	0.34469794	
496	0.34650454	0.34486128	
496.2	0.34629107	0.34502341	
496.4	0.34611418	0.34518434	
496.6	0.3462333	0.34534409	
496.8	0.34643521	0.34550266	
497	0.34707504	0.34566005	
497.2	0.34715047	0.34581629	
497.4	0.34722557	0.34597137	
497.6	0.34752304	0.34612531	
497.8	0.34770735	0.34627811	
498	0.34837809	0.34642978	
498.2	0.3483768	0.34658034	
498.4	0.34875886	0.34672978	
498.6	0.34888738	0.34687812	
498.8	0.34973194	0.34702536	
499	0.34946913	0.34717152	
499.2	0.34946269	0.34731659	
499.4	0.35015113	0.3474606	
499.6	0.35033649	0.34760355	
499.8	0.35033989	0.34774543	
500	0.35030179	0.34788628	
500.2	0.35013136	0.34802608	
500.4	0.3502797	0.34816485	
500.6	0.3504904	0.34830259	
500.8	0.35092202	0.34843932	
501	0.35104056	0.34857504	
501.2	0.35098727	0.34870976	
501.4	0.35103544	0.34884348	
501.6	0.35093633	0.34897622	
501.8	0.35074858	0.34910797	
502	0.35068274	0.34923875	
502.2	0.3507386	0.34936857	
502.4	0.3509559	0.34949743	
502.6	0.35141695	0.34962534	
502.8	0.35191403	0.3497523	
503	0.35128306	0.34987833	
503.2	0.35147395	0.35000343	
503.4	0.35230194	0.3501276	
503.6	0.35227746	0.35025086	
503.8	0.35192575	0.3503732	
504	0.3522536	0.35049465	
504.2	0.35254715	0.35061519	
504.4	0.35284267	0.35073485	
504.6	0.35273469	0.35085363	
504.8	0.3529127	0.35097152	
505	0.3528227	0.35108855	
505.2	0.35284603	0.35120471	
505.4	0.35275569	0.35132002	
505.6	0.35270445	0.35143447	
505.8	0.35300663	0.35154808	
506	0.35295341	0.35166085	
506.2	0.35311531	0.35177279	
506.4	0.35318175	0.3518839	
506.6	0.35334831	0.3519942	
506.8	0.35326132	0.35210367	
507	0.35318131	0.35221234	
507.2	0.35324565	0.35232021	
507.4	0.35373034	0.35242728	
507.6	0.35362566	0.35253356	
507.8	0.35368968	0.35263906	
508	0.35409182	0.35274378	
508.2	0.35428994	0.35284772	
508.4	0.35490434	0.3529509	
508.6	0.35518441	0.35305331	
508.8	0.35562563	0.35315497	
509	0.35580584	0.35325588	
509.2	0.35613597	0.35335605	
509.4	0.35597415	0.35345547	
509.6	0.35598413	0.35355416	
509.8	0.35603951	0.35365212	
510	0.35553628	0.35374936	
510.2	0.35569128	0.35384588	
510.4	0.35517672	0.35394169	
510.6	0.35518857	0.35403679	
510.8	0.35510804	0.35413119	
511	0.35553802	0.3542249	
511.2	0.35533321	0.35431791	
511.4	0.35555113	0.35441023	
511.6	0.35520067	0.35450187	
511.8	0.35504597	0.35459284	
512	0.35542295	0.35468314	
512.2	0.35610466	0.35477276	
512.4	0.35682394	0.35486173	
512.6	0.35688195	0.35495004	
512.8	0.35676481	0.3550377	
513	0.35671242	0.35512471	
513.2	0.35664464	0.35521108	
513.4	0.35626883	0.35529681	
513.6	0.35633707	0.35538191	
513.8	0.35620211	0.35546638	
514	0.35603711	0.35555023	
514.2	0.35645941	0.35563345	
514.4	0.35612592	0.35571607	
514.6	0.35649034	0.35579807	
514.8	0.35632428	0.35587947	
515	0.35670281	0.35596027	
515.2	0.35657035	0.35604047	
515.4	0.35679413	0.35612008	
515.6	0.35659861	0.3561991	
515.8	0.35692289	0.35627753	
516	0.35748894	0.35635539	
516.2	0.35755999	0.35643268	
516.4	0.3578619	0.35650939	
516.6	0.35775603	0.35658554	
516.8	0.35783446	0.35666112	
517	0.35830647	0.35673615	
517.2	0.35832526	0.35681062	
517.4	0.35837092	0.35688455	
517.6	0.35858173	0.35695793	
517.8	0.35852635	0.35703076	
518	0.35882939	0.35710306	
518.2	0.35909033	0.35717483	
518.4	0.35862598	0.35724606	
518.6	0.35878313	0.35731677	
518.8	0.35848988	0.35738696	
519	0.35834729	0.35745663	
519.2	0.35814228	0.35752578	
519.4	0.35811251	0.35759443	
519.6	0.35806211	0.35766256	
519.8	0.35855663	0.3577302	
520	0.35873202	0.35779734	
520.2	0.35877313	0.35786398	
520.4	0.35911288	0.35793012	
520.6	0.35913226	0.35799578	
520.8	0.35955648	0.35806096	
521	0.35964071	0.35812565	
521.2	0.35977266	0.35818987	
521.4	0.35983444	0.35825361	
521.6	0.35983655	0.35831688	
521.8	0.35997011	0.35837969	
522	0.35997391	0.35844203	
522.2	0.35992582	0.35850391	
522.4	0.35992718	0.35856533	
522.6	0.36050536	0.3586263	
522.8	0.35971286	0.35868682	
523	0.35924219	0.3587469	
523.2	0.35894326	0.35880653	
523.4	0.35901804	0.35886572	
523.6	0.35905347	0.35892447	
523.8	0.35904158	0.35898279	
524	0.35903758	0.35904068	
524.2	0.3592052	0.35909814	
524.4	0.35917028	0.35915518	
524.6	0.35910272	0.3592118	
524.8	0.3593753	0.359268	
525	0.35897115	0.35932378	
525.2	0.3591097	0.35937915	
525.4	0.35916556	0.35943412	
525.6	0.35928207	0.35948867	
525.8	0.35901847	0.35954283	
526	0.35923135	0.35959658	
526.2	0.35947294	0.35964994	
526.4	0.35994436	0.35970291	
526.6	0.35993239	0.35975548	
526.8	0.35950184	0.35980766	
527	0.35980864	0.35985946	
527.2	0.35981572	0.35991088	
527.4	0.36035515	0.35996192	
527.6	0.36041567	0.36001258	
527.8	0.3608244	0.36006287	
528	0.36120567	0.36011278	
528.2	0.36150355	0.36016233	
528.4	0.36135294	0.36021151	
528.6	0.36143152	0.36026033	
528.8	0.36137615	0.36030879	
529	0.36118299	0.36035689	
529.2	0.36155585	0.36040464	
529.4	0.36186697	0.36045203	
529.6	0.36209412	0.36049908	
529.8	0.36175307	0.36054577	
530	0.36213228	0.36059212	
530.2	0.36214914	0.36063813	
530.4	0.36218657	0.3606838	
530.6	0.36206692	0.36072913	
530.8	0.36222072	0.36077413	
531	0.36259326	0.3608188	
531.2	0.36235999	0.36086313	
531.4	0.36243691	0.36090714	
531.6	0.36250807	0.36095083	
531.8	0.36237643	0.36099419	
532	0.36185666	0.36103723	
532.2	0.36157211	0.36107995	
532.4	0.36141176	0.36112236	
532.6	0.36143768	0.36116446	
532.8	0.36129742	0.36120624	
533	0.3616234	0.36124772	
533.2	0.36173108	0.36128889	
533.4	0.36209198	0.36132975	
533.6	0.36221659	0.36137032	
533.8	0.3617538	0.36141058	
534	0.36208362	0.36145055	
534.2	0.3622264	0.36149022	
534.4	0.36211003	0.3615296	
534.6	0.36210973	0.36156869	
534.8	0.36231745	0.36160749	
535	0.36281721	0.36164601	
535.2	0.362987	0.36168424	
535.4	0.36330544	0.36172218	
535.6	0.36351293	0.36175985	
535.8	0.36325948	0.36179724	
536	0.36303922	0.36183435	
536.2	0.36330976	0.36187119	
536.4	0.36369939	0.36190776	
536.6	0.36362467	0.36194406	
536.8	0.36365596	0.36198009	
537	0.36377396	0.36201585	
537.2	0.36353974	0.36205135	
537.4	0.36374794	0.36208659	
537.6	0.36331063	0.36212157	
537.8	0.3629694	0.36215628	
538	0.36305834	0.36219075	
538.2	0.36286944	0.36222496	
538.4	0.36260002	0.36225891	
538.6	0.36233539	0.36229262	
538.8	0.36277995	0.36232607	
539	0.36304731	0.36235928	
539.2	0.36293478	0.36239225	
539.4	0.36283543	0.36242497	
539.6	0.3627413	0.36245745	
539.8	0.36285855	0.36248969	
540	0.3630111	0.36252169	
540.2	0.36312969	0.36255346	
540.4	0.3633654	0.36258499	
540.6	0.36360494	0.36261629	
540.8	0.36371543	0.36264735	
541	0.36367739	0.36267819	
541.2	0.36346037	0.3627088	
541.4	0.3638383	0.36273919	
541.6	0.3635222	0.36276935	
541.8	0.36361857	0.36279928	
542	0.36354149	0.362829	
542.2	0.36391593	0.3628585	
542.4	0.36393179	0.36288778	
542.6	0.36408496	0.36291684	
542.8	0.36431825	0.36294569	
543	0.36377257	0.36297432	
543.2	0.36360403	0.36300275	
543.4	0.3635082	0.36303096	
543.6	0.36341516	0.36305897	
543.8	0.36342723	0.36308677	
544	0.36348682	0.36311436	
544.2	0.36351174	0.36314175	
544.4	0.3639708	0.36316894	
544.6	0.36399946	0.36319593	
544.8	0.36401244	0.36322272	
545	0.36422351	0.36324931	
545.2	0.36435137	0.3632757	
545.4	0.36455243	0.3633019	
545.6	0.36442819	0.36332791	
545.8	0.36481108	0.36335372	
546	0.36480881	0.36337935	
546.2	0.3649769	0.36340478	
546.4	0.36454305	0.36343003	
546.6	0.36464608	0.36345509	
546.8	0.36423037	0.36347996	
547	0.36372193	0.36350466	
547.2	0.36352278	0.36352917	
547.4	0.36300689	0.36355349	
547.6	0.36270683	0.36357764	
547.8	0.36250642	0.36360161	
548	0.36261091	0.36362541	
548.2	0.36253798	0.36364903	
548.4	0.36245553	0.36367247	
548.6	0.3626806	0.36369574	
548.8	0.36317961	0.36371884	
549	0.36351643	0.36374177	
549.2	0.36385112	0.36376453	
549.4	0.36432928	0.36378712	
549.6	0.36449826	0.36380954	
549.8	0.36488472	0.3638318	
550	0.36471845	0.3638539	
550.2	0.36489917	0.36387583	
550.4	0.36507066	0.3638976	
550.6	0.36529289	0.36391921	
550.8	0.36502067	0.36394066	
551	0.36507287	0.36396195	
551.2	0.3651741	0.36398308	
551.4	0.36529397	0.36400406	
551.6	0.36522018	0.36402488	
551.8	0.3655127	0.36404555	
552	0.36543797	0.36406607	
552.2	0.36537778	0.36408643	
552.4	0.36551956	0.36410665	
552.6	0.36630296	0.36412671	
552.8	0.36630362	0.36414663	
553	0.36633086	0.3641664	
553.2	0.3665203	0.36418603	
553.4	0.36633041	0.36420551	
553.6	0.36539541	0.36422484	
553.8	0.36535495	0.36424404	
554	0.36473229	0.36426309	
554.2	0.36450717	0.364282	
554.4	0.36436331	0.36430077	
554.6	0.36414167	0.3643194	
554.8	0.36419345	0.3643379	
555	0.36441705	0.36435626	
555.2	0.36484605	0.36437448	
555.4	0.36473781	0.36439257	
555.6	0.3647538	0.36441052	
555.8	0.36478809	0.36442835	
556	0.36502986	0.36444604	
556.2	0.3656107	0.3644636	
556.4	0.36542404	0.36448103	
556.6	0.36555289	0.36449833	
556.8	0.36549896	0.3645155	
557	0.36547043	0.36453255	
557.2	0.36553076	0.36454947	
557.4	0.3651808	0.36456627	
557.6	0.36520766	0.36458294	
557.8	0.3655183	0.36459949	
558	0.36570239	0.36461592	
558.2	0.36590436	0.36463223	
558.4	0.36630835	0.36464841	
558.6	0.3668588	0.36466448	
558.8	0.36685373	0.36468043	
559	0.36686729	0.36469626	
559.2	0.36705344	0.36471197	
559.4	0.36684424	0.36472757	
559.6	0.36709256	0.36474305	
559.8	0.36711283	0.36475842	
560	0.36734322	0.36477367	
560.2	0.3670778	0.36478882	
560.4	0.36637483	0.36480385	
560.6	0.36632706	0.36481876	
560.8	0.36652912	0.36483357	
561	0.36647606	0.36484827	
561.2	0.36661278	0.36486286	
561.4	0.36674398	0.36487735	
561.6	0.36691209	0.36489172	
561.8	0.36698739	0.36490599	
562	0.3670382	0.36492016	
562.2	0.36698461	0.36493422	
562.4	0.36692141	0.36494818	
562.6	0.36673533	0.36496203	
562.8	0.36643775	0.36497578	
563	0.36658351	0.36498943	
563.2	0.36651379	0.36500298	
563.4	0.36632162	0.36501643	
563.6	0.3662898	0.36502978	
563.8	0.36619237	0.36504303	
564	0.36608515	0.36505619	
564.2	0.36566783	0.36506924	
564.4	0.36546221	0.3650822	
564.6	0.36543183	0.36509507	
564.8	0.36535858	0.36510784	
565	0.36497603	0.36512051	
565.2	0.36442896	0.36513309	
565.4	0.36426365	0.36514558	
565.6	0.36364005	0.36515798	
565.8	0.36346725	0.36517028	
566	0.36316154	0.3651825	
566.2	0.36343513	0.36519462	
566.4	0.36303042	0.36520666	
566.6	0.36332962	0.3652186	
566.8	0.36339711	0.36523046	
567	0.36347763	0.36524223	
567.2	0.3627257	0.36525391	
567.4	0.36289266	0.36526551	
567.6	0.36324471	0.36527702	
567.8	0.36353985	0.36528845	
568	0.36346027	0.36529979	
568.2	0.36361485	0.36531105	
568.4	0.3639357	0.36532222	
568.6	0.3640503	0.36533331	
568.8	0.36434766	0.36534432	
569	0.36465924	0.36535525	
569.2	0.36483523	0.3653661	
569.4	0.36509799	0.36537687	
569.6	0.36535988	0.36538756	
569.8	0.36597166	0.36539817	
570	0.3661763	0.3654087	
570.2	0.36672115	0.36541916	
570.4	0.36668671	0.36542953	
570.6	0.36724896	0.36543983	
570.8	0.3671395	0.36545006	
571	0.36759098	0.36546021	
571.2	0.36716486	0.36547028	
571.4	0.36783726	0.36548028	
571.6	0.36777975	0.36549021	
571.8	0.36799428	0.36550006	
572	0.36759036	0.36550984	
572.2	0.36803547	0.36551955	
572.4	0.36783057	0.36552918	
572.6	0.36766231	0.36553875	
572.8	0.36751521	0.36554824	
573	0.36723923	0.36555767	
573.2	0.36688006	0.36556702	
573.4	0.36657465	0.36557631	
573.6	0.36681473	0.36558552	
573.8	0.36665593	0.36559467	
574	0.36674999	0.36560375	
574.2	0.36676168	0.36561277	
574.4	0.36680441	0.36562172	
574.6	0.36669361	0.3656306	
574.8	0.36689083	0.36563941	
575	0.36708305	0.36564817	
575.2	0.36717354	0.36565685	
575.4	0.36775945	0.36566547	
575.6	0.36755591	0.36567403	
575.8	0.36787846	0.36568253	
576	0.3673908	0.36569096	
576.2	0.3675708	0.36569933	
576.4	0.36693065	0.36570764	
576.6	0.36669813	0.36571589	
576.8	0.3665129	0.36572407	
577	0.36611197	0.3657322	
577.2	0.36601293	0.36574027	
577.4	0.36594377	0.36574827	
577.6	0.36617393	0.36575622	
577.8	0.36595564	0.36576411	
578	0.36624151	0.36577194	
578.2	0.36644966	0.36577971	
578.4	0.36675864	0.36578743	
578.6	0.36679433	0.36579509	
578.8	0.36731935	0.36580269	
579	0.36731644	0.36581024	
579.2	0.36751313	0.36581773	
579.4	0.3672017	0.36582516	
579.6	0.36673961	0.36583254	
579.8	0.36698568	0.36583987	
580	0.36699091	0.36584714	
580.2	0.36680202	0.36585436	
580.4	0.3665169	0.36586152	
580.6	0.36610871	0.36586863	
580.8	0.36572401	0.36587569	
581	0.36538359	0.3658827	
581.2	0.36520087	0.36588965	
581.4	0.36504191	0.36589656	
581.6	0.36509327	0.36590341	
581.8	0.36571091	0.36591021	
582	0.36622498	0.36591696	
582.2	0.36653216	0.36592367	
582.4	0.36650986	0.36593032	
582.6	0.366703	0.36593692	
582.8	0.36673515	0.36594348	
583	0.36635106	0.36594998	
583.2	0.36634433	0.36595644	
583.4	0.36645191	0.36596285	
583.6	0.36673917	0.36596922	
583.8	0.36712543	0.36597553	
584	0.36741107	0.3659818	
584.2	0.36731436	0.36598803	
584.4	0.36716425	0.36599421	
584.6	0.36690251	0.36600034	
584.8	0.36736389	0.36600642	
585	0.36720506	0.36601247	
585.2	0.36700162	0.36601846	
585.4	0.36725952	0.36602442	
585.6	0.3674223	0.36603033	
585.8	0.36772091	0.36603619	
586	0.36696328	0.36604201	
586.2	0.36689607	0.36604779	
586.4	0.36727825	0.36605353	
586.6	0.36709501	0.36605922	
586.8	0.36688726	0.36606488	
587	0.36651161	0.36607049	
587.2	0.36642585	0.36607606	
587.4	0.36630512	0.36608158	
587.6	0.36588786	0.36608707	
587.8	0.36547006	0.36609252	
588	0.36549656	0.36609792	
588.2	0.3651924	0.36610329	
588.4	0.3648026	0.36610862	
588.6	0.36487449	0.3661139	
588.8	0.36520498	0.36611915	
589	0.36476353	0.36612436	
589.2	0.36438169	0.36612953	
589.4	0.36450783	0.36613467	
589.6	0.36449011	0.36613976	
589.8	0.36439302	0.36614482	
590	0.36434879	0.36614984	
590.2	0.36465124	0.36615482	
590.4	0.3646217	0.36615977	
590.6	0.36480744	0.36616468	
590.8	0.36499199	0.36616955	
591	0.36528703	0.36617439	
591.2	0.36535062	0.36617919	
591.4	0.36536373	0.36618396	
591.6	0.36528214	0.36618869	
591.8	0.36525537	0.36619339	
592	0.36557585	0.36619805	
592.2	0.36597016	0.36620268	
592.4	0.36615427	0.36620727	
592.6	0.36635236	0.36621183	
592.8	0.3665466	0.36621636	
593	0.36650764	0.36622085	
593.2	0.36621375	0.36622531	
593.4	0.36624953	0.36622973	
593.6	0.36605267	0.36623413	
593.8	0.36536194	0.36623849	
594	0.36529757	0.36624282	
594.2	0.36465228	0.36624711	
594.4	0.3643433	0.36625138	
594.6	0.36477121	0.36625561	
594.8	0.36444328	0.36625981	
595	0.36509203	0.36626399	
595.2	0.36502806	0.36626813	
595.4	0.36492795	0.36627224	
595.6	0.36492522	0.36627632	
595.8	0.36537753	0.36628037	
596	0.36535982	0.36628439	
596.2	0.36537111	0.36628838	
596.4	0.36495226	0.36629234	
596.6	0.36524593	0.36629627	
596.8	0.36553329	0.36630017	
597	0.36534742	0.36630404	
597.2	0.36469443	0.36630789	
597.4	0.36460381	0.36631171	
597.6	0.36443626	0.36631549	
597.8	0.3640952	0.36631925	
598	0.3642647	0.36632299	
598.2	0.36401707	0.36632669	
598.4	0.36423508	0.36633037	
598.6	0.36463597	0.36633402	
598.8	0.36493252	0.36633764	
599	0.36562004	0.36634124	
599.2	0.36564258	0.36634481	
599.4	0.36578707	0.36634836	
599.6	0.36606111	0.36635187	
599.8	0.36631307	0.36635536	
600	0.36631307	0.36635883	
600.2	0.36568305	0.36517716	
600.4	0.36513758	0.3639993	
600.6	0.36421647	0.36282523	
600.8	0.36366623	0.36165496	
601	0.36239142	0.36048845	
601.2	0.36153122	0.35932572	
601.4	0.36014681	0.35816673	
601.6	0.35857903	0.35701148	
601.8	0.35735589	0.35585995	
602	0.35613048	0.35471214	
602.2	0.35468976	0.35356803	
602.4	0.35298394	0.35242762	
602.6	0.35147697	0.35129088	
602.8	0.35063195	0.3501578	
603	0.34873602	0.34902839	
603.2	0.34749034	0.34790261	
603.4	0.34636598	0.34678047	
603.6	0.34532045	0.34566194	
603.8	0.34415765	0.34454703	
604	0.34274771	0.34343571	
604.2	0.34145417	0.34232797	
604.4	0.34058628	0.34122381	
604.6	0.33932518	0.3401232	
604.8	0.33861924	0.33902615	
605	0.33725627	0.33793264	
605.2	0.33640055	0.33684265	
605.4	0.33480323	0.33575618	
605.6	0.33372022	0.33467322	
605.8	0.33291042	0.33359374	
606	0.33169432	0.33251775	
606.2	0.3307172	0.33144523	
606.4	0.3293661	0.33037617	
606.6	0.32833323	0.32931056	
606.8	0.32740718	0.32824838	
607	0.32596247	0.32718963	
607.2	0.32461665	0.32613429	
607.4	0.32354839	0.32508236	
607.6	0.32252085	0.32403383	
607.8	0.32144365	0.32298867	
608	0.32018441	0.32194688	
608.2	0.31899214	0.32090846	
608.4	0.31770743	0.31987338	
608.6	0.31623767	0.31884165	
608.8	0.31495888	0.31781324	
609	0.31371926	0.31678814	
609.2	0.31253167	0.31576636	
609.4	0.31128859	0.31474787	
609.6	0.31028092	0.31373266	
609.8	0.30947229	0.31272073	
610	0.30816531	0.31171207	
610.2	0.30745053	0.31070665	
610.4	0.30606695	0.30970448	
610.6	0.30528789	0.30870555	
610.8	0.30433212	0.30770983	
611	0.30316097	0.30671733	
611.2	0.3019344	0.30572802	
611.4	0.30116103	0.30474191	
611.6	0.30032831	0.30375898	
611.8	0.2994124	0.30277922	
612	0.29844809	0.30180262	
612.2	0.2973063	0.30082917	
612.4	0.29576573	0.29985886	
612.6	0.29482625	0.29889168	
612.8	0.29387963	0.29792762	
613	0.2931193	0.29696666	
613.2	0.29176669	0.29600881	
613.4	0.29044387	0.29505405	
613.6	0.28937579	0.29410237	
613.8	0.28845556	0.29315375	
614	0.28707145	0.2922082	
614.2	0.28577458	0.29126569	
614.4	0.28445487	0.29032623	
614.6	0.28318205	0.2893898	
614.8	0.28201055	0.28845638	
615	0.28086746	0.28752598	
615.2	0.28000255	0.28659858	
615.4	0.27921735	0.28567417	
615.6	0.27862585	0.28475274	
615.8	0.27797926	0.28383428	
616	0.27713985	0.28291879	
616.2	0.27615301	0.28200624	
616.4	0.27540799	0.28109665	
616.6	0.27484807	0.28018998	
616.8	0.27417291	0.27928624	
617	0.27314549	0.27838542	
617.2	0.27173389	0.2774875	
617.4	0.27099963	0.27659247	
617.6	0.27005661	0.27570034	
617.8	0.26906998	0.27481108	
618	0.26789163	0.27392469	
618.2	0.26668665	0.27304116	
618.4	0.26565366	0.27216048	
618.6	0.26452694	0.27128263	
618.8	0.26345193	0.27040762	
619	0.26278737	0.26953544	
619.2	0.26184619	0.26866606	
619.4	0.26117654	0.26779949	
619.6	0.26039125	0.26693572	
619.8	0.25937406	0.26607473	
620	0.25853723	0.26521652	
620.2	0.25767172	0.26436107	
620.4	0.25710692	0.26350839	
620.6	0.25630504	0.26265845	
620.8	0.2557449	0.26181126	
621	0.25497507	0.2609668	
621.2	0.25410787	0.26012506	
621.4	0.25348795	0.25928604	
621.6	0.25233622	0.25844973	
621.8	0.25165474	0.25761611	
622	0.25085598	0.25678518	
622.2	0.24996273	0.25595693	
622.4	0.24890908	0.25513135	
622.6	0.24790352	0.25430844	
622.8	0.24669447	0.25348818	
623	0.24586346	0.25267057	
623.2	0.24479028	0.25185559	
623.4	0.24440006	0.25104324	
623.6	0.2431864	0.25023351	
623.8	0.24206565	0.24942639	
624	0.24148025	0.24862188	
624.2	0.24072542	0.24781996	
624.4	0.23970388	0.24702063	
624.6	0.23900902	0.24622388	
624.8	0.23849669	0.24542969	
625	0.23789865	0.24463807	
625.2	0.23710541	0.243849	
625.4	0.23624708	0.24306248	
625.6	0.23515029	0.24227849	
625.8	0.23472653	0.24149703	
626	0.23374172	0.24071809	
626.2	0.23271197	0.23994167	
626.4	0.23177847	0.23916775	
626.6	0.23081048	0.23839632	
626.8	0.23016432	0.23762739	
627	0.2293499	0.23686093	
627.2	0.22867843	0.23609695	
627.4	0.22798473	0.23533543	
627.6	0.22694751	0.23457636	
627.8	0.22621611	0.23381975	
628	0.22564374	0.23306557	
628.2	0.22499868	0.23231383	
628.4	0.2239987	0.23156451	
628.6	0.22387056	0.23081761	
628.8	0.22328409	0.23007312	
629	0.22276096	0.22933103	
629.2	0.22191986	0.22859133	
629.4	0.221181	0.22785402	
629.6	0.220448	0.22711909	
629.8	0.22035077	0.22638653	
630	0.21946079	0.22565633	
630.2	0.21916819	0.22492848	
630.4	0.21835716	0.22420299	
630.6	0.21797543	0.22347983	
630.8	0.21689082	0.22275901	
631	0.21613589	0.22204051	
631.2	0.21564578	0.22132433	
631.4	0.21500162	0.22061046	
631.6	0.21428467	0.21989889	
631.8	0.21373008	0.21918961	
632	0.21325006	0.21848263	
632.2	0.21272016	0.21777792	
632.4	0.21130974	0.21707549	
632.6	0.21042323	0.21637532	
632.8	0.20940797	0.21567741	
633	0.20859851	0.21498175	
633.2	0.20783544	0.21428834	
633.4	0.20705553	0.21359716	
633.6	0.20650851	0.21290822	
633.8	0.20586808	0.21222149	
634	0.20480575	0.21153698	
634.2	0.20423284	0.21085468	
634.4	0.20306615	0.21017457	
634.6	0.20281663	0.20949667	
634.8	0.20174154	0.20882094	
635	0.20109441	0.2081474	
635.2	0.20026393	0.20747603	
635.4	0.19954563	0.20680683	
635.6	0.19874016	0.20613978	
635.8	0.19798204	0.20547489	
636	0.19711561	0.20481214	
636.2	0.19625469	0.20415152	
636.4	0.19480138	0.20349304	
636.6	0.19429134	0.20283669	
636.8	0.19339802	0.20218245	
637	0.19276542	0.20153032	
637.2	0.19226712	0.20088029	
637.4	0.19159732	0.20023236	
637.6	0.19129122	0.19958652	
637.8	0.19097681	0.19894276	
638	0.19038637	0.19830108	
638.2	0.18972014	0.19766147	
638.4	0.18940262	0.19702392	
638.6	0.18892604	0.19638843	
638.8	0.18858296	0.19575499	
639	0.18771243	0.19512359	
639.2	0.18734558	0.19449423	
639.4	0.1868925	0.19386689	
639.6	0.18603614	0.19324159	
639.8	0.18562087	0.19261829	
640	0.18510186	0.19199701	
640.2	0.18435247	0.19137773	
640.4	0.18341199	0.19076045	
640.6	0.18259152	0.19014516	
640.8	0.18159719	0.18953186	
641	0.18117704	0.18892053	
641.2	0.18064907	0.18831118	
641.4	0.18036422	0.18770379	
641.6	0.17984565	0.18709836	
641.8	0.17937914	0.18649488	
642	0.17859021	0.18589335	
642.2	0.17767799	0.18529376	
642.4	0.17743339	0.18469611	
642.6	0.17729192	0.18410038	
642.8	0.17703176	0.18350657	
643	0.17618694	0.18291468	
643.2	0.17552819	0.18232469	
643.4	0.17512522	0.18173661	
643.6	0.17437931	0.18115043	
643.8	0.17371916	0.18056614	
644	0.17273727	0.17998373	
644.2	0.17175002	0.1794032	
644.4	0.17125089	0.17882454	
644.6	0.17017056	0.17824775	
644.8	0.1694848	0.17767282	
645	0.1687473	0.17709975	
645.2	0.16810287	0.17652852	
645.4	0.16773434	0.17595914	
645.6	0.16701634	0.17539159	
645.8	0.16677729	0.17482587	
646	0.16649751	0.17426198	
646.2	0.16575797	0.1736999	
646.4	0.16554962	0.17313964	
646.6	0.16513405	0.17258119	
646.8	0.16456855	0.17202454	
647	0.16434938	0.17146968	
647.2	0.16382965	0.17091661	
647.4	0.16349225	0.17036533	
647.6	0.16274338	0.16981582	
647.8	0.16200069	0.16926809	
648	0.16127745	0.16872212	
648.2	0.16086977	0.16817792	
648.4	0.16072412	0.16763547	
648.6	0.15999194	0.16709477	
648.8	0.15957523	0.16655581	
649	0.15896765	0.16601859	
649.2	0.15831183	0.16548311	
649.4	0.15766077	0.16494935	
649.6	0.15687457	0.16441731	
649.8	0.15645287	0.16388699	
650	0.15558531	0.16335838	
650.2	0.15450517	0.16283148	
650.4	0.15389797	0.16230627	
650.6	0.15320253	0.16178276	
650.8	0.15340784	0.16126094	
651	0.15278573	0.1607408	
651.2	0.15197832	0.16022233	
651.4	0.15146381	0.15970554	
651.6	0.15107667	0.15919042	
651.8	0.15046973	0.15867696	
652	0.15020732	0.15816515	
652.2	0.15011965	0.157655	
652.4	0.14947084	0.15714649	
652.6	0.14901096	0.15663962	
652.8	0.14855586	0.15613439	
653	0.14805074	0.15563078	
653.2	0.14735693	0.1551288	
653.4	0.14653205	0.15462844	
653.6	0.14595753	0.1541297	
653.8	0.1455223	0.15363256	
654	0.14435371	0.15313702	
654.2	0.14358249	0.15264309	
654.4	0.14324453	0.15215074	
654.6	0.14243658	0.15165999	
654.8	0.14242932	0.15117082	
655	0.14171746	0.15068322	
655.2	0.14108871	0.1501972	
655.4	0.14036894	0.14971275	
655.6	0.13973897	0.14922985	
655.8	0.13932315	0.14874852	
656	0.13921881	0.14826874	
656.2	0.13890467	0.1477905	
656.4	0.13817544	0.14731381	
656.6	0.13814458	0.14683866	
656.8	0.13793023	0.14636504	
657	0.13776011	0.14589294	
657.2	0.13764527	0.14542237	
657.4	0.13721139	0.14495332	
657.6	0.1370536	0.14448578	
657.8	0.13668119	0.14401975	
658	0.13587348	0.14355522	
658.2	0.13552245	0.14309219	
658.4	0.13520478	0.14263065	
658.6	0.13458162	0.1421706	
658.8	0.13445376	0.14171204	
659	0.13365702	0.14125495	
659.2	0.1323878	0.14079934	
659.4	0.13167705	0.1403452	
659.6	0.13119431	0.13989252	
659.8	0.13089777	0.1394413	
660	0.13047001	0.13899154	
660.2	0.13001414	0.13854323	
660.4	0.12902821	0.13809637	
660.6	0.12895894	0.13765094	
660.8	0.12873833	0.13720696	
661	0.1286136	0.1367644	
661.2	0.12870073	0.13632327	
661.4	0.12850106	0.13588357	
661.6	0.12821228	0.13544528	
661.8	0.12825215	0.13500841	
662	0.12771161	0.13457295	
662.2	0.12738074	0.13413889	
662.4	0.1269915	0.13370623	
662.6	0.12647554	0.13327497	
662.8	0.12598962	0.13284509	
663	0.12524249	0.13241661	
663.2	0.12432323	0.1319895	
663.4	0.12354055	0.13156378	
663.6	0.12226654	0.13113942	
663.8	0.12137552	0.13071644	
664	0.12051776	0.13029482	
664.2	0.11965063	0.12987456	
664.4	0.11858119	0.12945566	
664.6	0.11864406	0.1290381	
664.8	0.11798452	0.1286219	
665	0.11803129	0.12820703	
665.2	0.11785344	0.12779351	
665.4	0.11734875	0.12738131	
665.6	0.11692249	0.12697045	
665.8	0.11693271	0.12656091	
666	0.1168096	0.1261527	
666.2	0.11661982	0.1257458	
666.4	0.11657265	0.12534021	
666.6	0.11638195	0.12493593	
666.8	0.11601947	0.12453296	
667	0.11548529	0.12413128	
667.2	0.11490556	0.1237309	
667.4	0.11448146	0.12333181	
667.6	0.11385005	0.12293401	
667.8	0.11345197	0.12253749	
668	0.11312169	0.12214225	
668.2	0.11263318	0.12174829	
668.4	0.11218697	0.1213556	
668.6	0.11235699	0.12096417	
668.8	0.11171738	0.12057401	
669	0.11154009	0.1201851	
669.2	0.11079884	0.11979745	
669.4	0.10989009	0.11941105	
669.6	0.10940659	0.11902589	
669.8	0.10905046	0.11864198	
670	0.10867504	0.11825931	
670.2	0.10789226	0.11787787	
670.4	0.10725028	0.11749766	
670.6	0.10679283	0.11711867	
670.8	0.10619131	0.11674091	
671	0.10569327	0.11636437	
671.2	0.10541551	0.11598904	
671.4	0.10515779	0.11561492	
671.6	0.10439994	0.11524201	
671.8	0.10438239	0.1148703	
672	0.10443429	0.1144998	
672.2	0.10424684	0.11413048	
672.4	0.10412446	0.11376236	
672.6	0.10381362	0.11339542	
672.8	0.10313391	0.11302967	
673	0.10272996	0.1126651	
673.2	0.10239672	0.1123017	
673.4	0.10192889	0.11193948	
673.6	0.10159199	0.11157842	
673.8	0.10129513	0.11121853	
674	0.10086026	0.1108598	
674.2	0.10045424	0.11050223	
674.4	0.09996566	0.11014581	
674.6	0.09958382	0.10979054	
674.8	0.09902883	0.10943642	
675	0.09828833	0.10908343	
675.2	0.09771243	0.10873159	
675.4	0.09714306	0.10838088	
675.6	0.09645981	0.1080313	
675.8	0.0963367	0.10768285	
676	0.09611944	0.10733553	
676.2	0.09589949	0.10698932	
676.4	0.09549482	0.10664423	
676.6	0.09503468	0.10630026	
676.8	0.09435779	0.10595739	
677	0.09420291	0.10561563	
677.2	0.09393723	0.10527497	
677.4	0.09368993	0.10493541	
677.6	0.09345334	0.10459695	
677.8	0.0931647	0.10425957	
678	0.09247659	0.10392329	
678.2	0.09203388	0.10358809	
678.4	0.09145942	0.10325397	
678.6	0.09078587	0.10292093	
678.8	0.09029567	0.10258896	
679	0.08948274	0.10225807	
679.2	0.08915744	0.10192824	
679.4	0.08849113	0.10159947	
679.6	0.08804153	0.10127177	
679.8	0.08750774	0.10094512	
680	0.08735624	0.10061953	
680.2	0.08682799	0.10029498	
680.4	0.08648717	0.09997149	
680.6	0.08599861	0.09964903	
680.8	0.08534479	0.09932762	
681	0.08514504	0.09900724	
681.2	0.08510817	0.0986879	
681.4	0.08510702	0.09836959	
681.6	0.08482303	0.0980523	
681.8	0.08445489	0.09773604	
682	0.08387522	0.09742079	
682.2	0.08364817	0.09710657	
682.4	0.08313464	0.09679335	
682.6	0.08316113	0.09648115	
682.8	0.08289616	0.09616996	
683	0.08262779	0.09585976	
683.2	0.08215792	0.09555057	
683.4	0.08159782	0.09524238	
683.6	0.08141873	0.09493518	
683.8	0.08086082	0.09462897	
684	0.08076782	0.09432375	
684.2	0.08012231	0.09401951	
684.4	0.07971142	0.09371626	
684.6	0.07913475	0.09341398	
684.8	0.07889557	0.09311268	
685	0.07845066	0.09281235	
685.2	0.0782113	0.09251298	
685.4	0.07791445	0.09221459	
685.6	0.07736883	0.09191715	
685.8	0.0771905	0.09162068	
686	0.07705157	0.09132516	
686.2	0.07698748	0.0910306	
686.4	0.07692755	0.09073698	
686.6	0.07720806	0.09044431	
686.8	0.07669489	0.09015259	
687	0.07658246	0.08986181	
687.2	0.07651457	0.08957196	
687.4	0.0765013	0.08928305	
687.6	0.07639331	0.08899507	
687.8	0.07612669	0.08870802	
688	0.0756308	0.0884219	
688.2	0.07479628	0.0881367	
688.4	0.07409657	0.08785242	
688.6	0.07400541	0.08756905	
688.8	0.07338667	0.0872866	
689	0.07286351	0.08700506	
689.2	0.07258168	0.08672443	
689.4	0.07223788	0.08644471	
689.6	0.07165943	0.08616588	
689.8	0.07166842	0.08588796	
690	0.07164649	0.08561093	
690.2	0.07190188	0.0853348	
690.4	0.07168128	0.08505955	
690.6	0.07159129	0.0847852	
690.8	0.07146625	0.08451173	
691	0.07142953	0.08423914	
691.2	0.07117316	0.08396743	
691.4	0.0704881	0.0836966	
691.6	0.07018746	0.08342664	
691.8	0.06942646	0.08315755	
692	0.06869709	0.08288933	
692.2	0.06846155	0.08262197	
692.4	0.06806955	0.08235548	
692.6	0.0678109	0.08208984	
692.8	0.06716386	0.08182507	
693	0.06697547	0.08156114	
693.2	0.06639955	0.08129807	
693.4	0.06560738	0.08103585	
693.6	0.0653541	0.08077447	
693.8	0.06519276	0.08051394	
694	0.06504406	0.08025424	
694.2	0.06522443	0.07999539	
694.4	0.06499213	0.07973737	
694.6	0.06486942	0.07948018	
694.8	0.06486125	0.07922382	
695	0.06446543	0.07896828	
695.2	0.06409051	0.07871358	
695.4	0.06358027	0.07845969	
695.6	0.06311034	0.07820662	
695.8	0.06276397	0.07795437	
696	0.06272046	0.07770293	
696.2	0.06232519	0.0774523	
696.4	0.06187711	0.07720248	
696.6	0.0614394	0.07695347	
696.8	0.06084169	0.07670526	
697	0.06035142	0.07645785	
697.2	0.0597527	0.07621124	
697.4	0.05956284	0.07596542	
697.6	0.05921799	0.0757204	
697.8	0.05866365	0.07547617	
698	0.05840095	0.07523272	
698.2	0.05863909	0.07499006	
698.4	0.05877556	0.07474819	
698.6	0.05842922	0.07450709	
698.8	0.05852288	0.07426677	
699	0.05846494	0.07402723	
699.2	0.05822941	0.07378846	
699.4	0.05783281	0.07355045	
699.6	0.05750409	0.07331322	
699.8	0.05754619	0.07307675	
700	0.05709441	0.07284105	
700.2	0.05688771	0.0726061	
700.4	0.05705437	0.07237191	
700.6	0.05662825	0.07213848	
700.8	0.05594774	0.0719058	
701	0.05581294	0.07167387	
701.2	0.05531386	0.07144269	
701.4	0.05505381	0.07121226	
701.6	0.05415275	0.07098256	
701.8	0.05383122	0.07075361	
702	0.05386049	0.0705254	
702.2	0.05384915	0.07029792	
702.4	0.05327505	0.07007118	
702.6	0.05282787	0.06984517	
702.8	0.0526972	0.06961989	
703	0.05227749	0.06939533	
703.2	0.05140472	0.0691715	
703.4	0.05087218	0.06894839	
703.6	0.05026599	0.068726	
703.8	0.05021049	0.06850433	
704	0.04985039	0.06828337	
704.2	0.04968244	0.06806313	
704.4	0.04975966	0.06784359	
704.6	0.04957949	0.06762477	
704.8	0.04911369	0.06740665	
705	0.04897819	0.06718923	
705.2	0.04876131	0.06697251	
705.4	0.04845834	0.0667565	
705.6	0.04817034	0.06654118	
705.8	0.04807277	0.06632655	
706	0.04816776	0.06611262	
706.2	0.04746526	0.06589937	
706.4	0.04719462	0.06568682	
706.6	0.04683245	0.06547495	
706.8	0.04630196	0.06526376	
707	0.04556552	0.06505326	
707.2	0.04504863	0.06484343	
707.4	0.04465136	0.06463428	
707.6	0.04393342	0.06442581	
707.8	0.0440692	0.064218	
708	0.04362431	0.06401087	
708.2	0.04373308	0.06380441	
708.4	0.04387051	0.06359861	
708.6	0.04340309	0.06339347	
708.8	0.04295434	0.063189	
709	0.04239185	0.06298519	
709.2	0.04235032	0.06278203	
709.4	0.04182443	0.06257953	
709.6	0.04178363	0.06237768	
709.8	0.042013	0.06217649	
710	0.04202367	0.06197594	
710.2	0.0419174	0.06177604	
710.4	0.04179835	0.06157678	
710.6	0.04119642	0.06137817	
710.8	0.04113418	0.0611802	
711	0.04084967	0.06098286	
711.2	0.04072851	0.06078617	
711.4	0.0402534	0.0605901	
711.6	0.03993755	0.06039467	
711.8	0.04016972	0.06019987	
712	0.04010811	0.0600057	
712.2	0.0402563	0.05981216	
712.4	0.0396909	0.05961923	
712.6	0.03924577	0.05942694	
712.8	0.03891041	0.05923526	
713	0.03856918	0.0590442	
713.2	0.03884011	0.05885375	
713.4	0.03871893	0.05866392	
713.6	0.03895957	0.0584747	
713.8	0.03912263	0.0582861	
714	0.0387771	0.0580981	
714.2	0.0388315	0.0579107	
714.4	0.03847927	0.05772392	
714.6	0.03806293	0.05753773	
714.8	0.03827195	0.05735214	
715	0.03789011	0.05716716	
715.2	0.03770783	0.05698277	
715.4	0.03755995	0.05679897	
715.6	0.03760235	0.05661577	
715.8	0.0374524	0.05643316	
716	0.03739582	0.05625114	
716.2	0.0368888	0.0560697	
716.4	0.03640713	0.05588885	
716.6	0.0359679	0.05570858	
716.8	0.03590314	0.0555289	
717	0.0359053	0.05534979	
717.2	0.03558271	0.05517126	
717.4	0.03517858	0.05499331	
717.6	0.03511492	0.05481593	
717.8	0.03456751	0.05463913	
718	0.03435379	0.05446289	
718.2	0.03424226	0.05428722	
718.4	0.03407374	0.05411212	
718.6	0.03375421	0.05393759	
718.8	0.03353117	0.05376361	
719	0.03293423	0.0535902	
719.2	0.0325917	0.05341735	
719.4	0.03196004	0.05324505	
719.6	0.03182209	0.05307331	
719.8	0.03152731	0.05290213	
720	0.03125406	0.05273149	
720.2	0.03100944	0.05256141	
720.4	0.03093155	0.05239188	
720.6	0.03021079	0.05222289	
720.8	0.03021093	0.05205445	
721	0.02985969	0.05188655	
721.2	0.0294687	0.05171919	
721.4	0.02928988	0.05155237	
721.6	0.02953165	0.05138609	
721.8	0.02909729	0.05122035	
722	0.02910549	0.05105514	
722.2	0.0288016	0.05089046	
722.4	0.02858651	0.05072632	
722.6	0.02836518	0.0505627	
722.8	0.02765456	0.05039962	
723	0.02745671	0.05023705	
723.2	0.02738486	0.05007502	
723.4	0.0269104	0.0499135	
723.6	0.02724842	0.04975251	
723.8	0.02725324	0.04959203	
724	0.02693155	0.04943208	
724.2	0.02679921	0.04927264	
724.4	0.02630809	0.04911371	
724.6	0.02572287	0.0489553	
724.8	0.02547672	0.04879739	
725	0.02518234	0.04864	
725.2	0.02520798	0.04848311	
725.4	0.02514791	0.04832673	
725.6	0.02490259	0.04817086	
725.8	0.02461309	0.04801548	
726	0.02424366	0.04786061	
726.2	0.02404936	0.04770624	
726.4	0.0236037	0.04755237	
726.6	0.02347296	0.04739899	
726.8	0.02320037	0.0472461	
727	0.02319118	0.04709371	
727.2	0.02307626	0.04694182	
727.4	0.02257297	0.04679041	
727.6	0.02280293	0.04663949	
727.8	0.02267205	0.04648905	
728	0.02238596	0.0463391	
728.2	0.02227864	0.04618964	
728.4	0.02207174	0.04604066	
728.6	0.02192847	0.04589216	
728.8	0.02177009	0.04574413	
729	0.02202818	0.04559659	
729.2	0.02224297	0.04544952	
729.4	0.02193266	0.04530292	
729.6	0.02176164	0.0451568	
729.8	0.02168858	0.04501115	
730	0.02143622	0.04486597	
730.2	0.02127942	0.04472125	
730.4	0.02086927	0.04457701	
730.6	0.02064595	0.04443323	
730.8	0.0199161	0.04428991	
731	0.01937485	0.04414705	
731.2	0.01877799	0.04400466	
731.4	0.01859718	0.04386272	
731.6	0.01828899	0.04372125	
731.8	0.01806154	0.04358023	
732	0.017643	0.04343966	
732.2	0.01754393	0.04329955	
732.4	0.01727948	0.04315989	
732.6	0.01715937	0.04302068	
732.8	0.01656115	0.04288192	
733	0.01651802	0.0427436	
733.2	0.01633542	0.04260573	
733.4	0.01597733	0.04246831	
733.6	0.01604059	0.04233133	
733.8	0.01607045	0.04219479	
734	0.01593214	0.0420587	
734.2	0.01636606	0.04192304	
734.4	0.01616238	0.04178782	
734.6	0.01585436	0.04165303	
734.8	0.01577302	0.04151868	
735	0.01589604	0.04138477	
735.2	0.0161484	0.04125128	
735.4	0.01623205	0.04111823	
735.6	0.01617675	0.0409856	
735.8	0.01618608	0.04085341	
736	0.01562673	0.04072163	
736.2	0.01573678	0.04059029	
736.4	0.01488743	0.04045937	
736.6	0.01424916	0.04032887	
736.8	0.01319557	0.04019879	
737	0.01260606	0.04006913	
737.2	0.01225327	0.03993989	
737.4	0.01178702	0.03981106	
737.6	0.01129232	0.03968265	
737.8	0.01118336	0.03955466	
738	0.01087246	0.03942708	
738.2	0.0112617	0.03929991	
738.4	0.01106475	0.03917315	
738.6	0.01138504	0.0390468	
738.8	0.01181813	0.03892085	
739	0.01164543	0.03879532	
739.2	0.01216833	0.03867018	
739.4	0.01202929	0.03854545	
739.6	0.01211765	0.03842113	
739.8	0.01185007	0.0382972	
740	0.01187344	0.03817368	
740.2	0.0118867	0.03805055	
740.4	0.01080393	0.03792782	
740.6	0.01048707	0.03780548	
740.8	0.01014374	0.03768354	
741	0.00988409	0.037562	
741.2	0.00995938	0.03744084	
741.4	0.00945685	0.03732008	
741.6	0.00902358	0.0371997	
741.8	0.00916334	0.03707972	
742	0.00882836	0.03696012	
742.2	0.00874395	0.03684091	
742.4	0.00906527	0.03672208	
742.6	0.00902607	0.03660363	
742.8	0.00915071	0.03648557	
743	0.00845966	0.03636789	
743.2	0.00875268	0.03625058	
743.4	0.00849171	0.03613366	
743.6	0.00832964	0.03601711	
743.8	0.0082089	0.03590094	
744	0.00752386	0.03578514	
744.2	0.00683086	0.03566972	
744.4	0.00655426	0.03555467	
744.6	0.00652864	0.03543999	
744.8	0.00661171	0.03532568	
745	0.00630042	0.03521174	
745.2	0.00554956	0.03509816	
745.4	0.00500747	0.03498496	
745.6	0.00469319	0.03487211	
745.8	0.00445264	0.03475964	
746	0.00398243	0.03464752	
746.2	0.00339727	0.03453577	
746.4	0.00347794	0.03442437	
746.6	0.00306367	0.03431334	
746.8	0.00290929	0.03420266	
747	0.00273322	0.03409234	
747.2	0.00300346	0.03398238	
747.4	0.00308261	0.03387277	
747.6	0.00313516	0.03376352	
747.8	0.00301311	0.03365461	
748	0.00258829	0.03354606	
748.2	0.00309853	0.03343786	
748.4	0.00385764	0.03333001	
748.6	0.00372966	0.0332225	
748.8	0.00340698	0.03311535	
749	0.00294705	0.03300853	
749.2	0.00247872	0.03290207	
749.4	0.00213004	0.03279594	
749.6	0.0013905	0.03269016	
749.8	0.00090222	0.03258472	
750	0.00036414	0.03247962	
750.2	0.00045036	0.03237486	
750.4	0.00055495	0.03227043	
750.6	0.00061131	0.03216635	
750.8	0.00076493	0.0320626	
751	0.00148714	0.03195918	
751.2	0.00198766	0.0318561	
751.4	0.00241477	0.03175335	
751.6	0.00274115	0.03165093	
751.8	0.00297816	0.03154884	
752	0.00297669	0.03144708	
752.2	0.00344865	0.03134565	
752.4	0.00365843	0.03124454	
752.6	0.00309286	0.03114377	
752.8	0.0026715	0.03104331	
753	0.00257191	0.03094319	
753.2	0.00195705	0.03084338	
753.4	0.00129906	0.0307439	
753.6	0.00048545	0.03064473	
753.8	0.00034439	0.03054589	
754	0.00014503	0.03044736	
754.2	0.00001837	0.03034916	
754.4	-0.00038182	0.03025127	
754.6	-0.00044981	0.03015369	
754.8	-0.00072568	0.03005644	
755	-0.00087678	0.02995949	
755.2	-0.00119835	0.02986286	
755.4	-0.00160743	0.02976654	
755.6	-0.00187134	0.02967052	
755.8	-0.00212771	0.02957482	
756	-0.00221116	0.02947943	
756.2	-0.00218281	0.02938435	
756.4	-0.00223884	0.02928957	
756.6	-0.00250271	0.0291951	
756.8	-0.00255737	0.02910093	
757	-0.00261835	0.02900707	
757.2	-0.00303787	0.0289135	
757.4	-0.0030865	0.02882025	
757.6	-0.00342645	0.02872729	
757.8	-0.00322842	0.02863463	
758	-0.00350816	0.02854227	
758.2	-0.00383949	0.02845021	
758.4	-0.00392039	0.02835844	
758.6	-0.00406982	0.02826697	
758.8	-0.00435907	0.0281758	
759	-0.00447581	0.02808492	
759.2	-0.00450437	0.02799433	
759.4	-0.00465988	0.02790404	
759.6	-0.00495881	0.02781404	
759.8	-0.00495326	0.02772432	
760	-0.00495875	0.0276349	
760.2	-0.0050491	0.02754576	
760.4	-0.0048463	0.02745692	
760.6	-0.00509862	0.02736836	
760.8	-0.00541537	0.02728008	
761	-0.0054547	0.02719209	
761.2	-0.00560219	0.02710438	
761.4	-0.00531438	0.02701696	
761.6	-0.00531268	0.02692982	
761.8	-0.00538809	0.02684296	
762	-0.00554824	0.02675637	
762.2	-0.00554702	0.02667007	
762.4	-0.00551041	0.02658405	
762.6	-0.00555514	0.0264983	
762.8	-0.00570893	0.02641284	
763	-0.0057576	0.02632764	
763.2	-0.0061834	0.02624272	
763.4	-0.00666918	0.02615808	
763.6	-0.00716479	0.02607371	
763.8	-0.00728456	0.02598961	
764	-0.00777216	0.02590578	
764.2	-0.00815849	0.02582222	
764.4	-0.00844805	0.02573893	
764.6	-0.00941501	0.02565591	
764.8	-0.00967547	0.02557316	
765	-0.00966216	0.02549068	
765.2	-0.00962779	0.02540846	
765.4	-0.00953921	0.0253265	
765.6	-0.00984674	0.02524481	
765.8	-0.00980881	0.02516339	
766	-0.0096791	0.02508222	
766.2	-0.00940899	0.02500132	
766.4	-0.00936827	0.02492068	
766.6	-0.00959464	0.0248403	
766.8	-0.00929171	0.02476018	
767	-0.00901617	0.02468032	
767.2	-0.00900764	0.02460071	
767.4	-0.00920244	0.02452136	
767.6	-0.009237	0.02444227	
767.8	-0.00931926	0.02436343	
768	-0.00953608	0.02428485	
768.2	-0.01007708	0.02420652	
768.4	-0.00999199	0.02412844	
768.6	-0.01024409	0.02405062	
768.8	-0.01004196	0.02397304	
769	-0.01025232	0.02389572	
769.2	-0.01015379	0.02381865	
769.4	-0.01029668	0.02374182	
769.6	-0.01054116	0.02366524	
769.8	-0.01056881	0.02358891	
770	-0.01055544	0.02351283	
770.2	-0.0105083	0.02343699	
770.4	-0.01084535	0.02336139	
770.6	-0.01126601	0.02328604	
770.8	-0.01122973	0.02321093	
771	-0.01157427	0.02313607	
771.2	-0.01177247	0.02306144	
771.4	-0.01204603	0.02298706	
771.6	-0.01230523	0.02291292	
771.8	-0.01250828	0.02283901	
772	-0.01245703	0.02276534	
772.2	-0.01265893	0.02269192	
772.4	-0.01232406	0.02261872	
772.6	-0.01280279	0.02254577	
772.8	-0.01316192	0.02247305	
773	-0.01346888	0.02240056	
773.2	-0.01378666	0.02232831	
773.4	-0.01436568	0.02225629	
773.6	-0.01441082	0.0221845	
773.8	-0.01420144	0.02211295	
774	-0.01427017	0.02204163	
774.2	-0.0144098	0.02197053	
774.4	-0.01493665	0.02189967	
774.6	-0.01549949	0.02182903	
774.8	-0.01558459	0.02175862	
775	-0.01612035	0.02168844	
775.2	-0.01599788	0.02161848	
775.4	-0.01596066	0.02154876	
775.6	-0.01615886	0.02147925	
775.8	-0.01554767	0.02140997	
776	-0.01497884	0.02134091	
776.2	-0.01481079	0.02127208	
776.4	-0.01518253	0.02120347	
776.6	-0.01589217	0.02113508	
776.8	-0.01614608	0.02106691	
777	-0.01619355	0.02099896	
777.2	-0.01603322	0.02093122	
777.4	-0.01589032	0.02086371	
777.6	-0.0152729	0.02079642	
777.8	-0.01532859	0.02072934	
778	-0.01576334	0.02066248	
778.2	-0.01596205	0.02059583	
778.4	-0.01638048	0.0205294	
778.6	-0.01646896	0.02046318	
778.8	-0.01642865	0.02039718	
779	-0.0166833	0.02033139	
779.2	-0.01629863	0.02026581	
779.4	-0.01599521	0.02020045	
779.6	-0.01583359	0.02013529	
779.8	-0.0152207	0.02007035	
