Conc1	3.125E-08	
Start1	420	
Stop1	779.8	
Kobs	0.0161533364471026	
Error Kobs	0.000108886941950246	
Koff	0	
Error Koff	0	
Time1	Data1	Fit1	
420	-0.00952431	0	
420.2	-0.00913631	0.0005951	
420.4	-0.00866084	0.00118766	
420.6	-0.00794133	0.0017777	
420.8	-0.00720417	0.00236522	
421	-0.00645214	0.00295023	
421.2	-0.00555107	0.00353274	
421.4	-0.00456205	0.00411277	
421.6	-0.00387939	0.00469033	
421.8	-0.00302511	0.00526542	
422	-0.00274841	0.00583806	
422.2	-0.00235304	0.00640825	
422.4	-0.00134014	0.00697602	
422.6	-0.00046223	0.00754136	
422.8	0.0004443	0.00810429	
423	0.00108401	0.00866481	
423.2	0.00167009	0.00922295	
423.4	0.00249153	0.0097787	
423.6	0.00325505	0.01033209	
423.8	0.00383117	0.01088311	
424	0.00502329	0.01143178	
424.2	0.00536566	0.01197812	
424.4	0.00597865	0.01252212	
424.6	0.0064469	0.0130638	
424.8	0.00695786	0.01360317	
425	0.00791086	0.01414023	
425.2	0.00848233	0.01467501	
425.4	0.00903323	0.01520751	
425.6	0.00928732	0.01573773	
425.8	0.00979718	0.01626569	
426	0.0098639	0.0167914	
426.2	0.01062637	0.01731487	
426.4	0.01147174	0.0178361	
426.6	0.01212612	0.01835511	
426.8	0.01229967	0.01887191	
427	0.01255693	0.0193865	
427.2	0.01270671	0.01989889	
427.4	0.01336262	0.0204091	
427.6	0.01421512	0.02091713	
427.8	0.01539222	0.021423	
428	0.01623781	0.02192671	
428.2	0.01663485	0.02242826	
428.4	0.01705145	0.02292768	
428.6	0.01768376	0.02342497	
428.8	0.01870948	0.02392014	
429	0.01954959	0.02441319	
429.2	0.02004139	0.02490414	
429.4	0.02111036	0.025393	
429.6	0.02170877	0.02587977	
429.8	0.0223207	0.02636446	
430	0.02316086	0.02684709	
430.2	0.02405199	0.02732766	
430.4	0.02474569	0.02780617	
430.6	0.02513316	0.02828265	
430.8	0.02483532	0.02875709	
431	0.02533813	0.02922951	
431.2	0.02555815	0.02969991	
431.4	0.02587833	0.03016831	
431.6	0.0269611	0.03063471	
431.8	0.02762734	0.03109912	
432	0.02767988	0.03156154	
432.2	0.02811938	0.032022	
432.4	0.02844071	0.03248049	
432.6	0.02880315	0.03293702	
432.8	0.02904831	0.03339161	
433	0.02962777	0.03384426	
433.2	0.03052176	0.03429497	
433.4	0.0310812	0.03474377	
433.6	0.03135493	0.03519064	
433.8	0.03192731	0.03563562	
434	0.0326121	0.03607869	
434.2	0.03337986	0.03651987	
434.4	0.03400359	0.03695918	
434.6	0.03485905	0.0373966	
434.8	0.03528744	0.03783216	
435	0.03564951	0.03826587	
435.2	0.0363343	0.03869772	
435.4	0.03743943	0.03912773	
435.6	0.03853641	0.03955591	
435.8	0.03914142	0.03998225	
436	0.03966006	0.04040678	
436.2	0.04023509	0.0408295	
436.4	0.04049039	0.04125042	
436.6	0.04093145	0.04166954	
436.8	0.04132211	0.04208687	
437	0.04179481	0.04250242	
437.2	0.042061	0.0429162	
437.4	0.04207592	0.04332822	
437.6	0.04241294	0.04373847	
437.8	0.04250323	0.04414698	
438	0.04268401	0.04455374	
438.2	0.04340564	0.04495877	
438.4	0.04376623	0.04536207	
438.6	0.04441636	0.04576365	
438.8	0.0443827	0.04616351	
439	0.04487663	0.04656167	
439.2	0.04576852	0.04695813	
439.4	0.04659583	0.0473529	
439.6	0.04702049	0.04774599	
439.8	0.0477059	0.0481374	
440	0.04834291	0.04852714	
440.2	0.04868442	0.04891521	
440.4	0.04931728	0.04930163	
440.6	0.04981276	0.04968641	
440.8	0.05015691	0.05006954	
441	0.05061741	0.05045103	
441.2	0.0513581	0.0508309	
441.4	0.05184704	0.05120915	
441.6	0.05261753	0.05158578	
441.8	0.05290963	0.05196081	
442	0.05313154	0.05233424	
442.2	0.05348488	0.05270607	
442.4	0.05404439	0.05307632	
442.6	0.05489984	0.05344499	
442.8	0.05532788	0.05381209	
443	0.05603878	0.05417762	
443.2	0.05661969	0.05454159	
443.4	0.05750951	0.054904	
443.6	0.05815595	0.05526488	
443.8	0.05879191	0.05562421	
444	0.05932493	0.05598201	
444.2	0.05999884	0.05633828	
444.4	0.06057703	0.05669303	
444.6	0.06083068	0.05704627	
444.8	0.06151298	0.057398	
445	0.0617933	0.05774823	
445.2	0.0624171	0.05809697	
445.4	0.06252912	0.05844422	
445.6	0.06302051	0.05878999	
445.8	0.06271559	0.05913428	
446	0.06267895	0.05947711	
446.2	0.0628296	0.05981847	
446.4	0.06291924	0.06015837	
446.6	0.06306099	0.06049683	
446.8	0.06318626	0.06083384	
447	0.06370775	0.06116942	
447.2	0.06457439	0.06150356	
447.4	0.06528753	0.06183627	
447.6	0.06569344	0.06216757	
447.8	0.06621423	0.06249746	
448	0.0668545	0.06282593	
448.2	0.06766552	0.06315301	
448.4	0.06798502	0.06347869	
448.6	0.06855935	0.06380298	
448.8	0.0693012	0.06412588	
449	0.06990963	0.06444741	
449.2	0.07060643	0.06476757	
449.4	0.07079039	0.06508636	
449.6	0.07143934	0.06540379	
449.8	0.07147008	0.06571987	
450	0.07178171	0.0660346	
450.2	0.07173346	0.06634799	
450.4	0.0719232	0.06666004	
450.6	0.07249466	0.06697076	
450.8	0.07289121	0.06728015	
451	0.07348887	0.06758822	
451.2	0.07427417	0.06789498	
451.4	0.07436607	0.06820043	
451.6	0.07425112	0.06850458	
451.8	0.07468936	0.06880742	
452	0.07511871	0.06910898	
452.2	0.07529899	0.06940925	
452.4	0.07501356	0.06970824	
452.6	0.07546095	0.07000596	
452.8	0.07577024	0.0703024	
453	0.07628973	0.07059758	
453.2	0.07676966	0.0708915	
453.4	0.07695382	0.07118416	
453.6	0.07708079	0.07147558	
453.8	0.07715998	0.07176576	
454	0.07733499	0.07205469	
454.2	0.07745344	0.0723424	
454.4	0.07795034	0.07262887	
454.6	0.07841054	0.07291413	
454.8	0.07858773	0.07319816	
455	0.07899457	0.07348099	
455.2	0.0798773	0.07376261	
455.4	0.0801866	0.07404303	
455.6	0.08059267	0.07432225	
455.8	0.08118255	0.07460028	
456	0.08153719	0.07487712	
456.2	0.08178446	0.07515278	
456.4	0.08198901	0.07542727	
456.6	0.08300474	0.07570058	
456.8	0.08344172	0.07597273	
457	0.08425054	0.07624372	
457.2	0.08454988	0.07651356	
457.4	0.0845892	0.07678224	
457.6	0.08465606	0.07704977	
457.8	0.08486988	0.07731617	
458	0.08471671	0.07758142	
458.2	0.08489764	0.07784555	
458.4	0.0851557	0.07810855	
458.6	0.08536768	0.07837042	
458.8	0.08549298	0.07863118	
459	0.08572706	0.07889083	
459.2	0.0865693	0.07914937	
459.4	0.0870214	0.07940681	
459.6	0.08696883	0.07966315	
459.8	0.08707563	0.07991839	
460	0.08749067	0.08017255	
460.2	0.08818237	0.08042562	
460.4	0.08819099	0.08067761	
460.6	0.08879637	0.08092853	
460.8	0.08893066	0.08117837	
461	0.08960014	0.08142715	
461.2	0.08954756	0.08167487	
461.4	0.08971268	0.08192153	
461.6	0.08990908	0.08216714	
461.8	0.09009347	0.08241171	
462	0.09053608	0.08265522	
462.2	0.09112756	0.0828977	
462.4	0.09101586	0.08313915	
462.6	0.09144262	0.08337957	
462.8	0.09188181	0.08361896	
463	0.09206598	0.08385732	
463.2	0.09277305	0.08409468	
463.4	0.09352602	0.08433101	
463.6	0.09340882	0.08456634	
463.8	0.09384009	0.08480067	
464	0.09412144	0.085034	
464.2	0.09443291	0.08526633	
464.4	0.09451788	0.08549767	
464.6	0.09475267	0.08572802	
464.8	0.09482846	0.0859574	
465	0.09497194	0.08618579	
465.2	0.09493405	0.08641321	
465.4	0.09536159	0.08663965	
465.6	0.0956926	0.08686513	
465.8	0.09568797	0.08708965	
466	0.09594656	0.08731322	
466.2	0.09585684	0.08753582	
466.4	0.09588265	0.08775748	
466.6	0.09628925	0.0879782	
466.8	0.09653495	0.08819797	
467	0.0967063	0.0884168	
467.2	0.09734229	0.0886347	
467.4	0.09746471	0.08885167	
467.6	0.09747616	0.08906772	
467.8	0.09787968	0.08928284	
468	0.09779393	0.08949704	
468.2	0.09828052	0.08971034	
468.4	0.09883979	0.08992272	
468.6	0.09913226	0.09013419	
468.8	0.09957781	0.09034477	
469	0.09978692	0.09055444	
469.2	0.10038677	0.09076322	
469.4	0.10028054	0.09097111	
469.6	0.10029812	0.09117811	
469.8	0.10025927	0.09138423	
470	0.10064962	0.09158947	
470.2	0.10089886	0.09179384	
470.4	0.10148649	0.09199733	
470.6	0.10176303	0.09219996	
470.8	0.10231803	0.09240172	
471	0.10268038	0.09260262	
471.2	0.1029768	0.09280266	
471.4	0.1030079	0.09300185	
471.6	0.10317491	0.09320019	
471.8	0.10294245	0.09339768	
472	0.10303486	0.09359433	
472.2	0.10350835	0.09379014	
472.4	0.10394538	0.09398512	
472.6	0.10423842	0.09417927	
472.8	0.10442535	0.09437258	
473	0.10457938	0.09456507	
473.2	0.10470785	0.09475674	
473.4	0.10464617	0.0949476	
473.6	0.10502293	0.09513763	
473.8	0.10532879	0.09532686	
474	0.1057364	0.09551528	
474.2	0.10635454	0.0957029	
474.4	0.10709486	0.09588972	
474.6	0.10729749	0.09607574	
474.8	0.10780936	0.09626096	
475	0.10787071	0.0964454	
475.2	0.10773084	0.09662905	
475.4	0.10757058	0.09681191	
475.6	0.1073937	0.096994	
475.8	0.10731789	0.0971753	
476	0.10745248	0.09735584	
476.2	0.10769318	0.0975356	
476.4	0.10785124	0.0977146	
476.6	0.10810689	0.09789283	
476.8	0.10849455	0.09807031	
477	0.1088242	0.09824702	
477.2	0.10932867	0.09842299	
477.4	0.10960149	0.0985982	
477.6	0.10999046	0.09877266	
477.8	0.11037514	0.09894638	
478	0.11068898	0.09911936	
478.2	0.11121019	0.0992916	
478.4	0.1112727	0.09946311	
478.6	0.11096386	0.09963388	
478.8	0.11126111	0.09980393	
479	0.11128957	0.09997325	
479.2	0.11137263	0.10014185	
479.4	0.11179252	0.10030973	
479.6	0.11180538	0.10047689	
479.8	0.11161283	0.10064334	
480	0.11136703	0.10080908	
480.2	0.11176444	0.10097411	
480.4	0.11199103	0.10113844	
480.6	0.11258954	0.10130207	
480.8	0.11292368	0.101465	
481	0.11337261	0.10162723	
481.2	0.11333763	0.10178877	
481.4	0.11342919	0.10194963	
481.6	0.11367204	0.10210979	
481.8	0.11367889	0.10226928	
482	0.11388982	0.10242808	
482.2	0.11390825	0.1025862	
482.4	0.11363792	0.10274366	
482.6	0.11342164	0.10290043	
482.8	0.11367204	0.10305654	
483	0.11402294	0.10321199	
483.2	0.11414623	0.10336677	
483.4	0.11448288	0.10352089	
483.6	0.1142629	0.10367435	
483.8	0.1143441	0.10382716	
484	0.11465844	0.10397932	
484.2	0.11555444	0.10413083	
484.4	0.11610471	0.10428169	
484.6	0.11637503	0.10443191	
484.8	0.1159956	0.10458148	
485	0.11629756	0.10473042	
485.2	0.11629238	0.10487872	
485.4	0.11682534	0.1050264	
485.6	0.11703513	0.10517344	
485.8	0.11684773	0.10531985	
486	0.11719918	0.10546564	
486.2	0.1171406	0.1056108	
486.4	0.11667393	0.10575535	
486.6	0.11666758	0.10589928	
486.8	0.11688054	0.1060426	
487	0.11712287	0.1061853	
487.2	0.11725823	0.1063274	
487.4	0.1174744	0.10646889	
487.6	0.11760397	0.10660978	
487.8	0.11792519	0.10675006	
488	0.11791056	0.10688975	
488.2	0.11814408	0.10702884	
488.4	0.11832419	0.10716734	
488.6	0.11832836	0.10730525	
488.8	0.11830892	0.10744257	
489	0.11909741	0.1075793	
489.2	0.11948646	0.10771545	
489.4	0.11971723	0.10785102	
489.6	0.1197256	0.10798601	
489.8	0.11979102	0.10812042	
490	0.12018319	0.10825426	
490.2	0.11995816	0.10838753	
490.4	0.119422	0.10852023	
490.6	0.11985521	0.10865237	
490.8	0.12015742	0.10878394	
491	0.12065624	0.10891495	
491.2	0.12114073	0.1090454	
491.4	0.12124875	0.1091753	
491.6	0.12160659	0.10930464	
491.8	0.12163159	0.10943343	
492	0.12178152	0.10956167	
492.2	0.12207688	0.10968936	
492.4	0.12258974	0.10981651	
492.6	0.12322089	0.10994311	
492.8	0.12358268	0.11006918	
493	0.12415805	0.1101947	
493.2	0.12422996	0.11031969	
493.4	0.12412889	0.11044415	
493.6	0.12421365	0.11056808	
493.8	0.12454735	0.11069148	
494	0.12440419	0.11081435	
494.2	0.12406557	0.1109367	
494.4	0.12378503	0.11105853	
494.6	0.12407014	0.11117983	
494.8	0.12378176	0.11130062	
495	0.12386174	0.11142089	
495.2	0.12362949	0.11154066	
495.4	0.12343441	0.11165991	
495.6	0.1234952	0.11177865	
495.8	0.12342913	0.11189688	
496	0.123721	0.11201461	
496.2	0.12384696	0.11213184	
496.4	0.1244358	0.11224857	
496.6	0.12506613	0.11236479	
496.8	0.12520092	0.11248053	
497	0.12547899	0.11259577	
497.2	0.1254083	0.11271052	
497.4	0.12542428	0.11282478	
497.6	0.12573828	0.11293855	
497.8	0.12567933	0.11305183	
498	0.1254055	0.11316464	
498.2	0.12519392	0.11327696	
498.4	0.12513023	0.1133888	
498.6	0.12490784	0.11350016	
498.8	0.12479332	0.11361105	
499	0.12463567	0.11372147	
499.2	0.12444747	0.11383142	
499.4	0.12450691	0.11394089	
499.6	0.12430273	0.1140499	
499.8	0.12459756	0.11415845	
500	0.1249985	0.11426653	
500.2	0.12544889	0.11437415	
500.4	0.12610213	0.11448131	
500.6	0.12672538	0.11458802	
500.8	0.1269785	0.11469427	
501	0.12738961	0.11480006	
501.2	0.12752426	0.11490541	
501.4	0.1276503	0.1150103	
501.6	0.12766983	0.11511475	
501.8	0.1278746	0.11521875	
502	0.12819557	0.11532231	
502.2	0.12864302	0.11542542	
502.4	0.12890133	0.1155281	
502.6	0.12868365	0.11563034	
502.8	0.12888427	0.11573214	
503	0.12843247	0.11583351	
503.2	0.12830259	0.11593445	
503.4	0.12842958	0.11603495	
503.6	0.12836991	0.11613503	
503.8	0.12849271	0.11623468	
504	0.12868945	0.1163339	
504.2	0.1288301	0.1164327	
504.4	0.12917131	0.11653108	
504.6	0.1296227	0.11662904	
504.8	0.12988652	0.11672658	
505	0.13023106	0.11682371	
505.2	0.13019384	0.11692042	
505.4	0.13045537	0.11701672	
505.6	0.13069823	0.1171126	
505.8	0.13108911	0.11720808	
506	0.13136873	0.11730315	
506.2	0.13137125	0.11739782	
506.4	0.13091523	0.11749208	
506.6	0.1305567	0.11758594	
506.8	0.13064886	0.1176794	
507	0.13038714	0.11777246	
507.2	0.13049995	0.11786513	
507.4	0.13029467	0.11795739	
507.6	0.12997043	0.11804927	
507.8	0.12984456	0.11814075	
508	0.1297643	0.11823184	
508.2	0.12957202	0.11832255	
508.4	0.12962803	0.11841287	
508.6	0.13009106	0.1185028	
508.8	0.13037916	0.11859234	
509	0.13020771	0.11868151	
509.2	0.13026118	0.1187703	
509.4	0.13062207	0.1188587	
509.6	0.13087396	0.11894673	
509.8	0.13077483	0.11903439	
510	0.13105352	0.11912167	
510.2	0.13098295	0.11920857	
510.4	0.13074928	0.11929511	
510.6	0.13054692	0.11938128	
510.8	0.13054864	0.11946708	
511	0.13073056	0.11955251	
511.2	0.13099609	0.11963758	
511.4	0.13111204	0.11972229	
511.6	0.13120907	0.11980663	
511.8	0.13165269	0.11989062	
512	0.13130008	0.11997425	
512.2	0.13186205	0.12005752	
512.4	0.13222059	0.12014043	
512.6	0.13234172	0.12022299	
512.8	0.13237577	0.1203052	
513	0.13218906	0.12038706	
513.2	0.13226381	0.12046857	
513.4	0.13250355	0.12054973	
513.6	0.13233624	0.12063055	
513.8	0.13185833	0.12071102	
514	0.13221106	0.12079115	
514.2	0.13203819	0.12087093	
514.4	0.13172358	0.12095038	
514.6	0.13169174	0.12102948	
514.8	0.13207218	0.12110825	
515	0.13259809	0.12118668	
515.2	0.13326592	0.12126478	
515.4	0.1337122	0.12134255	
515.6	0.1339334	0.12141998	
515.8	0.13445659	0.12149708	
516	0.13451199	0.12157386	
516.2	0.13527298	0.1216503	
516.4	0.1353884	0.12172642	
516.6	0.13522377	0.12180222	
516.8	0.13555128	0.12187769	
517	0.13563539	0.12195284	
517.2	0.13596151	0.12202767	
517.4	0.1358313	0.12210218	
517.6	0.13532954	0.12217637	
517.8	0.13495122	0.12225025	
518	0.13486391	0.12232381	
518.2	0.13467692	0.12239706	
518.4	0.13467933	0.12246999	
518.6	0.13462404	0.12254261	
518.8	0.1347343	0.12261493	
519	0.13510321	0.12268693	
519.2	0.13519934	0.12275863	
519.4	0.13480645	0.12283002	
519.6	0.1344171	0.12290111	
519.8	0.13429204	0.12297189	
520	0.13427129	0.12304237	
520.2	0.13448721	0.12311255	
520.4	0.13447658	0.12318244	
520.6	0.13489764	0.12325202	
520.8	0.13501253	0.12332131	
521	0.13526988	0.1233903	
521.2	0.13520051	0.123459	
521.4	0.13490114	0.1235274	
521.6	0.13472314	0.12359551	
521.8	0.13468968	0.12366333	
522	0.13465293	0.12373087	
522.2	0.13451926	0.12379811	
522.4	0.13481129	0.12386507	
522.6	0.13481212	0.12393174	
522.8	0.13514945	0.12399812	
523	0.13500486	0.12406423	
523.2	0.13481891	0.12413005	
523.4	0.1344859	0.12419559	
523.6	0.13440898	0.12426085	
523.8	0.13476215	0.12432584	
524	0.13477387	0.12439054	
524.2	0.13500596	0.12445497	
524.4	0.13511868	0.12451913	
524.6	0.13575019	0.12458301	
524.8	0.13560627	0.12464662	
525	0.13607435	0.12470995	
525.2	0.13625551	0.12477302	
525.4	0.13651457	0.12483582	
525.6	0.13655963	0.12489835	
525.8	0.13646965	0.12496061	
526	0.13664221	0.12502261	
526.2	0.13649606	0.12508434	
526.4	0.13684779	0.12514581	
526.6	0.13657263	0.12520702	
526.8	0.13669806	0.12526797	
527	0.13669664	0.12532865	
527.2	0.13716111	0.12538908	
527.4	0.13735757	0.12544925	
527.6	0.13766786	0.12550916	
527.8	0.13813702	0.12556882	
528	0.13818102	0.12562823	
528.2	0.13838474	0.12568737	
528.4	0.13848723	0.12574627	
528.6	0.13878948	0.12580492	
528.8	0.13888169	0.12586331	
529	0.13907437	0.12592146	
529.2	0.13915482	0.12597936	
529.4	0.13860818	0.12603701	
529.6	0.13850151	0.12609442	
529.8	0.13801175	0.12615158	
530	0.13790365	0.12620849	
530.2	0.1370334	0.12626517	
530.4	0.1362279	0.1263216	
530.6	0.13580416	0.12637779	
530.8	0.13596442	0.12643374	
531	0.13610555	0.12648946	
531.2	0.13623625	0.12654493	
531.4	0.13627746	0.12660017	
531.6	0.13629873	0.12665517	
531.8	0.13656068	0.12670994	
532	0.13647863	0.12676448	
532.2	0.13682344	0.12681878	
532.4	0.13695061	0.12687285	
532.6	0.13712737	0.12692669	
532.8	0.13756654	0.1269803	
533	0.13761222	0.12703368	
533.2	0.13812108	0.12708683	
533.4	0.13813451	0.12713976	
533.6	0.13864556	0.12719246	
533.8	0.13840787	0.12724494	
534	0.13836046	0.12729719	
534.2	0.13833449	0.12734922	
534.4	0.13813363	0.12740103	
534.6	0.13855205	0.12745261	
534.8	0.13860684	0.12750398	
535	0.13854009	0.12755513	
535.2	0.13853853	0.12760606	
535.4	0.13867612	0.12765677	
535.6	0.13842823	0.12770726	
535.8	0.1382445	0.12775755	
536	0.13805566	0.12780761	
536.2	0.13826436	0.12785746	
536.4	0.13800817	0.1279071	
536.6	0.13803549	0.12795653	
536.8	0.13816545	0.12800575	
537	0.13822945	0.12805475	
537.2	0.13875748	0.12810355	
537.4	0.13898974	0.12815214	
537.6	0.13890888	0.12820052	
537.8	0.13868383	0.1282487	
538	0.1385805	0.12829667	
538.2	0.13881618	0.12834443	
538.4	0.13865499	0.12839199	
538.6	0.13864255	0.12843935	
538.8	0.13878484	0.12848651	
539	0.1390892	0.12853347	
539.2	0.13920722	0.12858022	
539.4	0.13889793	0.12862678	
539.6	0.13830285	0.12867313	
539.8	0.13857373	0.12871929	
540	0.13883458	0.12876526	
540.2	0.13928176	0.12881102	
540.4	0.1393008	0.12885659	
540.6	0.13913965	0.12890197	
540.8	0.13923522	0.12894715	
541	0.13903647	0.12899214	
541.2	0.13907627	0.12903694	
541.4	0.1390625	0.12908155	
541.6	0.1384365	0.12912597	
541.8	0.13845531	0.1291702	
542	0.13824508	0.12921423	
542.2	0.13837685	0.12925809	
542.4	0.13803423	0.12930175	
542.6	0.13800478	0.12934523	
542.8	0.13835442	0.12938852	
543	0.13822085	0.12943163	
543.2	0.13821223	0.12947455	
543.4	0.13813731	0.12951729	
543.6	0.13871964	0.12955985	
543.8	0.13961453	0.12960223	
544	0.13974533	0.12964442	
544.2	0.140261	0.12968644	
544.4	0.14021994	0.12972827	
544.6	0.14037343	0.12976993	
544.8	0.1408226	0.12981141	
545	0.14117709	0.12985272	
545.2	0.14130382	0.12989384	
545.4	0.14130689	0.12993479	
545.6	0.14135042	0.12997557	
545.8	0.14155008	0.13001617	
546	0.14158013	0.1300566	
546.2	0.14119918	0.13009686	
546.4	0.1408315	0.13013695	
546.6	0.1411013	0.13017686	
546.8	0.14118039	0.13021661	
547	0.14107278	0.13025618	
547.2	0.14120197	0.13029559	
547.4	0.14114554	0.13033482	
547.6	0.14141608	0.1303739	
547.8	0.1412633	0.1304128	
548	0.14089553	0.13045154	
548.2	0.14092295	0.13049011	
548.4	0.14087469	0.13052852	
548.6	0.14087392	0.13056676	
548.8	0.14072188	0.13060484	
549	0.14074776	0.13064276	
549.2	0.1403269	0.13068052	
549.4	0.1404321	0.13071811	
549.6	0.14091188	0.13075555	
549.8	0.14101675	0.13079282	
550	0.14100953	0.13082994	
550.2	0.14085273	0.1308669	
550.4	0.14097378	0.1309037	
550.6	0.14111372	0.13094034	
550.8	0.14108964	0.13097683	
551	0.14111145	0.13101316	
551.2	0.14152138	0.13104934	
551.4	0.14132027	0.13108536	
551.6	0.14149759	0.13112123	
551.8	0.14161609	0.13115694	
552	0.14205818	0.13119251	
552.2	0.14204427	0.13122792	
552.4	0.14193783	0.13126318	
552.6	0.14141285	0.13129829	
552.8	0.14165958	0.13133325	
553	0.14172118	0.13136806	
553.2	0.14140977	0.13140272	
553.4	0.14135993	0.13143724	
553.6	0.14130332	0.1314716	
553.8	0.14092927	0.13150582	
554	0.14068363	0.1315399	
554.2	0.14057783	0.13157383	
554.4	0.14012272	0.13160761	
554.6	0.13973025	0.13164125	
554.8	0.13991737	0.13167475	
555	0.13989993	0.1317081	
555.2	0.14037197	0.13174132	
555.4	0.14012238	0.13177439	
555.6	0.14056669	0.13180732	
555.8	0.14112641	0.1318401	
556	0.14118957	0.13187275	
556.2	0.14063636	0.13190526	
556.4	0.14056335	0.13193763	
556.6	0.14048202	0.13196987	
556.8	0.140818	0.13200196	
557	0.14078723	0.13203392	
557.2	0.14085861	0.13206574	
557.4	0.14130729	0.13209743	
557.6	0.14126496	0.13212898	
557.8	0.14150803	0.13216039	
558	0.14205465	0.13219168	
558.2	0.14202835	0.13222282	
558.4	0.14212453	0.13225384	
558.6	0.14229493	0.13228472	
558.8	0.14236338	0.13231548	
559	0.14211077	0.1323461	
559.2	0.14221932	0.13237659	
559.4	0.14187704	0.13240695	
559.6	0.14191745	0.13243718	
559.8	0.14201609	0.13246728	
560	0.14150588	0.13249725	
560.2	0.1411312	0.1325271	
560.4	0.1410462	0.13255681	
560.6	0.14099759	0.1325864	
560.8	0.14072635	0.13261587	
561	0.14076986	0.13264521	
561.2	0.14100355	0.13267442	
561.4	0.14149545	0.13270351	
561.6	0.14146804	0.13273248	
561.8	0.14169209	0.13276132	
562	0.14221641	0.13279004	
562.2	0.14218608	0.13281863	
562.4	0.14233546	0.13284711	
562.6	0.14210939	0.13287546	
562.8	0.14170597	0.13290369	
563	0.14134161	0.1329318	
563.2	0.14134125	0.13295979	
563.4	0.14170054	0.13298767	
563.6	0.14173882	0.13301542	
563.8	0.14166712	0.13304305	
564	0.14193091	0.13307057	
564.2	0.14229227	0.13309797	
564.4	0.14234856	0.13312525	
564.6	0.1423807	0.13315242	
564.8	0.14210725	0.13317947	
565	0.14271818	0.1332064	
565.2	0.14292729	0.13323322	
565.4	0.14341876	0.13325993	
565.6	0.14317304	0.13328652	
565.8	0.14350435	0.133313	
566	0.143569	0.13333936	
566.2	0.1434609	0.13336561	
566.4	0.14305092	0.13339175	
566.6	0.14272438	0.13341778	
566.8	0.14205441	0.1334437	
567	0.14193092	0.13346951	
567.2	0.14179327	0.13349521	
567.4	0.14169986	0.13352079	
567.6	0.14135906	0.13354627	
567.8	0.14174088	0.13357164	
568	0.1423199	0.1335969	
568.2	0.14238965	0.13362206	
568.4	0.14219551	0.1336471	
568.6	0.14225912	0.13367204	
568.8	0.14221984	0.13369688	
569	0.14250308	0.1337216	
569.2	0.14227303	0.13374623	
569.4	0.14259492	0.13377074	
569.6	0.1424525	0.13379516	
569.8	0.1426305	0.13381946	
570	0.14234375	0.13384367	
570.2	0.14226299	0.13386777	
570.4	0.14184799	0.13389177	
570.6	0.14206469	0.13391566	
570.8	0.14198842	0.13393946	
571	0.14203854	0.13396315	
571.2	0.14184213	0.13398674	
571.4	0.14192668	0.13401023	
571.6	0.14199141	0.13403362	
571.8	0.14224572	0.13405691	
572	0.14240752	0.1340801	
572.2	0.14217214	0.1341032	
572.4	0.14221166	0.13412619	
572.6	0.14222812	0.13414909	
572.8	0.1419083	0.13417188	
573	0.14218303	0.13419458	
573.2	0.14192792	0.13421719	
573.4	0.1416314	0.1342397	
573.6	0.14190762	0.13426211	
573.8	0.14197903	0.13428442	
574	0.14213304	0.13430664	
574.2	0.1419856	0.13432877	
574.4	0.14216342	0.1343508	
574.6	0.14254536	0.13437274	
574.8	0.14287221	0.13439458	
575	0.1430942	0.13441633	
575.2	0.14335598	0.13443799	
575.4	0.14345555	0.13445956	
575.6	0.14382058	0.13448103	
575.8	0.14413311	0.13450241	
576	0.14420689	0.1345237	
576.2	0.1438183	0.1345449	
576.4	0.14441259	0.13456601	
576.6	0.14412127	0.13458703	
576.8	0.1436822	0.13460796	
577	0.14372507	0.1346288	
577.2	0.14330017	0.13464955	
577.4	0.14320182	0.13467022	
577.6	0.14339295	0.13469079	
577.8	0.14299536	0.13471128	
578	0.14262932	0.13473168	
578.2	0.14270413	0.13475199	
578.4	0.14288757	0.13477222	
578.6	0.14308797	0.13479236	
578.8	0.14292421	0.13481241	
579	0.14289348	0.13483238	
579.2	0.14267148	0.13485226	
579.4	0.14257277	0.13487206	
579.6	0.14265374	0.13489177	
579.8	0.14276924	0.1349114	
580	0.14286961	0.13493095	
580.2	0.14309309	0.13495041	
580.4	0.14346954	0.13496979	
580.6	0.14331699	0.13498909	
580.8	0.14340058	0.1350083	
581	0.14350531	0.13502744	
581.2	0.14352546	0.13504649	
581.4	0.14339982	0.13506546	
581.6	0.14316364	0.13508435	
581.8	0.1431702	0.13510315	
582	0.14351464	0.13512188	
582.2	0.14398496	0.13514053	
582.4	0.14389448	0.1351591	
582.6	0.14390854	0.13517759	
582.8	0.14337927	0.135196	
583	0.14343037	0.13521433	
583.2	0.14257842	0.13523258	
583.4	0.14272037	0.13525076	
583.6	0.14310544	0.13526886	
583.8	0.14335302	0.13528688	
584	0.14310577	0.13530482	
584.2	0.14323835	0.13532269	
584.4	0.14358722	0.13534048	
584.6	0.14364148	0.1353582	
584.8	0.14361085	0.13537584	
585	0.14362062	0.1353934	
585.2	0.14364966	0.13541089	
585.4	0.14348402	0.13542831	
585.6	0.14353732	0.13544565	
585.8	0.14369743	0.13546291	
586	0.14382388	0.13548011	
586.2	0.14375815	0.13549723	
586.4	0.14388154	0.13551427	
586.6	0.14402447	0.13553125	
586.8	0.14352264	0.13554815	
587	0.14350013	0.13556498	
587.2	0.14360421	0.13558173	
587.4	0.14396794	0.13559842	
587.6	0.14391092	0.13561504	
587.8	0.14367788	0.13563158	
588	0.14335908	0.13564805	
588.2	0.14363822	0.13566446	
588.4	0.14363382	0.13568079	
588.6	0.14336108	0.13569705	
588.8	0.14330206	0.13571325	
589	0.14337788	0.13572937	
589.2	0.14332943	0.13574543	
589.4	0.14290153	0.13576142	
589.6	0.14255634	0.13577734	
589.8	0.14193084	0.13579319	
590	0.14197748	0.13580897	
590.2	0.14207318	0.13582469	
590.4	0.14223074	0.13584034	
590.6	0.14235569	0.13585592	
590.8	0.1420637	0.13587144	
591	0.14219653	0.13588689	
591.2	0.14241564	0.13590227	
591.4	0.14226612	0.13591759	
591.6	0.1422595	0.13593285	
591.8	0.1420995	0.13594803	
592	0.14201635	0.13596316	
592.2	0.14238483	0.13597822	
592.4	0.14272711	0.13599321	
592.6	0.14278292	0.13600814	
592.8	0.14258408	0.13602301	
593	0.14276705	0.13603781	
593.2	0.14287152	0.13605255	
593.4	0.14255076	0.13606723	
593.6	0.14244807	0.13608185	
593.8	0.14247074	0.1360964	
594	0.14253569	0.13611089	
594.2	0.14232146	0.13612532	
594.4	0.14166718	0.13613968	
594.6	0.14113639	0.13615399	
594.8	0.14072903	0.13616823	
595	0.14090671	0.13618242	
595.2	0.14094847	0.13619654	
595.4	0.14084961	0.13621061	
595.6	0.14077808	0.13622461	
595.8	0.14103742	0.13623855	
596	0.14157595	0.13625244	
596.2	0.14169632	0.13626626	
596.4	0.14195266	0.13628003	
596.6	0.1421193	0.13629373	
596.8	0.14243806	0.13630738	
597	0.1430098	0.13632097	
597.2	0.1434495	0.13633451	
597.4	0.14355733	0.13634798	
597.6	0.14387464	0.1363614	
597.8	0.14358273	0.13637476	
598	0.14298884	0.13638806	
598.2	0.14259938	0.13640131	
598.4	0.14193969	0.1364145	
598.6	0.14181879	0.13642763	
598.8	0.14182569	0.13644071	
599	0.14185657	0.13645373	
599.2	0.14148273	0.1364667	
599.4	0.14140646	0.13647961	
599.6	0.14135323	0.13649246	
599.8	0.14132903	0.13650526	
600	0.14132903	0.13651801	
600.2	0.14164845	0.13607768	
600.4	0.14156863	0.13563877	
600.6	0.14150874	0.13520127	
600.8	0.14130767	0.13476518	
601	0.14119834	0.13433051	
601.2	0.14098118	0.13389723	
601.4	0.14033278	0.13346535	
601.6	0.13962167	0.13303486	
601.8	0.13913233	0.13260576	
602	0.13835393	0.13217805	
602.2	0.13734874	0.13175172	
602.4	0.13691645	0.13132676	
602.6	0.13672321	0.13090317	
602.8	0.13620388	0.13048095	
603	0.13572003	0.13006009	
603.2	0.13515922	0.12964058	
603.4	0.13471981	0.12922243	
603.6	0.13418422	0.12880563	
603.8	0.13386136	0.12839018	
604	0.13355233	0.12797606	
604.2	0.13274185	0.12756328	
604.4	0.13194761	0.12715183	
604.6	0.13149068	0.12674171	
604.8	0.13064923	0.12633291	
605	0.13027014	0.12592543	
605.2	0.12942029	0.12551926	
605.4	0.12848502	0.1251144	
605.6	0.12799959	0.12471085	
605.8	0.12739246	0.1243086	
606	0.12679022	0.12390765	
606.2	0.12577837	0.12350799	
606.4	0.12527022	0.12310962	
606.6	0.12449027	0.12271254	
606.8	0.12385006	0.12231673	
607	0.12310122	0.12192221	
607.2	0.12278305	0.12152895	
607.4	0.12217881	0.12113697	
607.6	0.1215651	0.12074625	
607.8	0.12037284	0.12035678	
608	0.11973663	0.11996858	
608.2	0.11907739	0.11958163	
608.4	0.1187503	0.11919592	
608.6	0.11824808	0.11881146	
608.8	0.11759675	0.11842824	
609	0.11751486	0.11804625	
609.2	0.11695828	0.1176655	
609.4	0.11652773	0.11728598	
609.6	0.11619549	0.11690768	
609.8	0.11596865	0.1165306	
610	0.11578496	0.11615473	
610.2	0.11494539	0.11578008	
610.4	0.11459913	0.11540664	
610.6	0.11402781	0.1150344	
610.8	0.11333603	0.11466336	
611	0.11271014	0.11429352	
611.2	0.11277415	0.11392487	
611.4	0.11187634	0.11355741	
611.6	0.11092743	0.11319114	
611.8	0.10999921	0.11282604	
612	0.10980592	0.11246213	
612.2	0.10921586	0.11209939	
612.4	0.10858698	0.11173781	
612.6	0.10786217	0.11137741	
612.8	0.10726357	0.11101817	
613	0.10704408	0.11066008	
613.2	0.1064953	0.11030315	
613.4	0.10613471	0.10994738	
613.6	0.10578778	0.10959275	
613.8	0.10555078	0.10923926	
614	0.10508513	0.10888691	
614.2	0.10448817	0.1085357	
614.4	0.10451111	0.10818563	
614.6	0.10399454	0.10783668	
614.8	0.10356916	0.10748886	
615	0.10348229	0.10714216	
615.2	0.10341402	0.10679657	
615.4	0.10302138	0.10645211	
615.6	0.10267103	0.10610875	
615.8	0.10251143	0.1057665	
616	0.10198852	0.10542536	
616.2	0.10109039	0.10508531	
616.4	0.10031913	0.10474636	
616.6	0.0995219	0.10440851	
616.8	0.09897404	0.10407174	
617	0.09794172	0.10373606	
617.2	0.09674356	0.10340147	
617.4	0.09608566	0.10306795	
617.6	0.0954036	0.10273551	
617.8	0.09489581	0.10240414	
618	0.09441364	0.10207384	
618.2	0.09363967	0.10174461	
618.4	0.09313467	0.10141644	
618.6	0.09216407	0.10108932	
618.8	0.09179508	0.10076326	
619	0.09110606	0.10043826	
619.2	0.09098713	0.1001143	
619.4	0.09098674	0.09979138	
619.6	0.09043149	0.09946951	
619.8	0.09017629	0.09914868	
620	0.08965425	0.09882888	
620.2	0.08917323	0.09851011	
620.4	0.08873696	0.09819237	
620.6	0.08809617	0.09787565	
620.8	0.08786112	0.09755996	
621	0.08731614	0.09724528	
621.2	0.08738491	0.09693162	
621.4	0.08750716	0.09661898	
621.6	0.08732199	0.09630734	
621.8	0.08728967	0.0959967	
622	0.08688566	0.09568707	
622.2	0.08667067	0.09537843	
622.4	0.08635294	0.09507079	
622.6	0.08580299	0.09476415	
622.8	0.08518904	0.09445849	
623	0.08458236	0.09415382	
623.2	0.08441186	0.09385013	
623.4	0.0838956	0.09354742	
623.6	0.08325523	0.09324569	
623.8	0.08272061	0.09294493	
624	0.0821635	0.09264514	
624.2	0.08197552	0.09234632	
624.4	0.0816248	0.09204846	
624.6	0.08102417	0.09175156	
624.8	0.08104152	0.09145562	
625	0.08063932	0.09116063	
625.2	0.08033484	0.0908666	
625.4	0.07984897	0.09057351	
625.6	0.07971983	0.09028137	
625.8	0.07974312	0.08999017	
626	0.07921273	0.08969991	
626.2	0.07900532	0.08941059	
626.4	0.07812664	0.0891222	
626.6	0.07727998	0.08883474	
626.8	0.07648856	0.08854821	
627	0.07573022	0.0882626	
627.2	0.07503206	0.08797791	
627.4	0.07476958	0.08769415	
627.6	0.07437407	0.08741129	
627.8	0.07414772	0.08712935	
628	0.0738887	0.08684832	
628.2	0.07362788	0.08656819	
628.4	0.07318382	0.08628897	
628.6	0.07275548	0.08601065	
628.8	0.07260986	0.08573323	
629	0.07212684	0.0854567	
629.2	0.07205832	0.08518106	
629.4	0.07164768	0.08490631	
629.6	0.07147858	0.08463245	
629.8	0.07126509	0.08435947	
630	0.07031954	0.08408738	
630.2	0.06975201	0.08381616	
630.4	0.06926116	0.08354581	
630.6	0.06862981	0.08327634	
630.8	0.0680436	0.08300773	
631	0.06755127	0.08274	
631.2	0.06721082	0.08247312	
631.4	0.06725449	0.08220711	
631.6	0.06640834	0.08194195	
631.8	0.0661777	0.08167765	
632	0.06602932	0.08141421	
632.2	0.0656897	0.08115161	
632.4	0.06529095	0.08088986	
632.6	0.0652546	0.08062895	
632.8	0.06479439	0.08036889	
633	0.06463915	0.08010966	
633.2	0.06423912	0.07985127	
633.4	0.06407832	0.07959371	
633.6	0.06388018	0.07933699	
633.8	0.06376447	0.07908109	
634	0.06307173	0.07882602	
634.2	0.06309578	0.07857177	
634.4	0.0625529	0.07831834	
634.6	0.06202292	0.07806573	
634.8	0.06181939	0.07781393	
635	0.06166115	0.07756294	
635.2	0.06100642	0.07731277	
635.4	0.06076159	0.0770634	
635.6	0.05977108	0.07681483	
635.8	0.05943188	0.07656707	
636	0.05895135	0.07632011	
636.2	0.05826114	0.07607394	
636.4	0.05736871	0.07582857	
636.6	0.05672538	0.07558399	
636.8	0.05618364	0.07534019	
637	0.05605882	0.07509719	
637.2	0.05550884	0.07485496	
637.4	0.0555693	0.07461352	
637.6	0.05566346	0.07437286	
637.8	0.0556774	0.07413297	
638	0.05568911	0.07389386	
638.2	0.05590727	0.07365552	
638.4	0.05587129	0.07341795	
638.6	0.05630245	0.07318114	
638.8	0.0562809	0.0729451	
639	0.05635035	0.07270982	
639.2	0.05582664	0.0724753	
639.4	0.05529203	0.07224153	
639.6	0.0543816	0.07200852	
639.8	0.05392073	0.07177626	
640	0.05326773	0.07154475	
640.2	0.05244429	0.07131398	
640.4	0.0515495	0.07108396	
640.6	0.05077815	0.07085469	
640.8	0.05038008	0.07062615	
641	0.04975821	0.07039835	
641.2	0.04926389	0.07017128	
641.4	0.0491732	0.06994494	
641.6	0.04930903	0.06971934	
641.8	0.04902558	0.06949446	
642	0.04927753	0.06927031	
642.2	0.0491043	0.06904688	
642.4	0.04850349	0.06882418	
642.6	0.0484047	0.06860219	
642.8	0.04817211	0.06838091	
643	0.04784528	0.06816035	
643.2	0.04731406	0.06794051	
643.4	0.04652055	0.06772137	
643.6	0.04638365	0.06750294	
643.8	0.04612731	0.06728521	
644	0.04580475	0.06706818	
644.2	0.04554265	0.06685186	
644.4	0.04525674	0.06663623	
644.6	0.04488065	0.0664213	
644.8	0.04446915	0.06620706	
645	0.04388366	0.06599351	
645.2	0.04427168	0.06578065	
645.4	0.04428748	0.06556848	
645.6	0.04424553	0.06535699	
645.8	0.04374083	0.06514619	
646	0.04340161	0.06493606	
646.2	0.04301465	0.06472661	
646.4	0.04258675	0.06451784	
646.6	0.04276046	0.06430974	
646.8	0.04208689	0.06410231	
647	0.04129394	0.06389555	
647.2	0.04077408	0.06368946	
647.4	0.04030863	0.06348403	
647.6	0.03994956	0.06327927	
647.8	0.03939085	0.06307516	
648	0.03891448	0.06287172	
648.2	0.03882483	0.06266893	
648.4	0.03872964	0.06246679	
648.6	0.03855401	0.06226531	
648.8	0.03802689	0.06206447	
649	0.03819338	0.06186429	
649.2	0.03860128	0.06166475	
649.4	0.03816406	0.06146585	
649.6	0.03799418	0.06126759	
649.8	0.03752453	0.06106998	
650	0.03758173	0.060873	
650.2	0.03751416	0.06067666	
650.4	0.03732933	0.06048095	
650.6	0.03690971	0.06028587	
650.8	0.03629886	0.06009142	
651	0.03596139	0.0598976	
651.2	0.03544954	0.0597044	
651.4	0.03488833	0.05951183	
651.6	0.03399287	0.05931987	
651.8	0.03352821	0.05912854	
652	0.03328466	0.05893782	
652.2	0.03337019	0.05874772	
652.4	0.0332305	0.05855823	
652.6	0.03286226	0.05836936	
652.8	0.03255154	0.05818109	
653	0.03237975	0.05799343	
653.2	0.03176254	0.05780637	
653.4	0.03165455	0.05761992	
653.6	0.03198903	0.05743407	
653.8	0.03176551	0.05724882	
654	0.03170761	0.05706417	
654.2	0.03148485	0.05688011	
654.4	0.03173852	0.05669665	
654.6	0.031647	0.05651377	
654.8	0.03128201	0.05633149	
655	0.03100454	0.0561498	
655.2	0.03068286	0.05596869	
655.4	0.03016073	0.05578816	
655.6	0.02972618	0.05560822	
655.8	0.02945402	0.05542886	
656	0.02957575	0.05525008	
656.2	0.02929926	0.05507187	
656.4	0.02887117	0.05489424	
656.6	0.02865882	0.05471718	
656.8	0.02821584	0.05454069	
657	0.02734766	0.05436477	
657.2	0.02702411	0.05418942	
657.4	0.02680846	0.05401464	
657.6	0.02677015	0.05384041	
657.8	0.02634548	0.05366675	
658	0.02619641	0.05349365	
658.2	0.02604584	0.05332111	
658.4	0.02629702	0.05314913	
658.6	0.02580726	0.0529777	
658.8	0.02538582	0.05280682	
659	0.02525731	0.0526365	
659.2	0.02507499	0.05246672	
659.4	0.02469331	0.05229749	
659.6	0.02500272	0.05212881	
659.8	0.02494321	0.05196067	
660	0.02487256	0.05179307	
660.2	0.0244936	0.05162601	
660.4	0.02396524	0.0514595	
660.6	0.02343251	0.05129352	
660.8	0.02246119	0.05112807	
661	0.02166655	0.05096316	
661.2	0.02131451	0.05079878	
661.4	0.02093053	0.05063493	
661.6	0.0210959	0.05047161	
661.8	0.02086358	0.05030882	
662	0.02051884	0.05014655	
662.2	0.01989097	0.0499848	
662.4	0.01947866	0.04982358	
662.6	0.01908425	0.04966288	
662.8	0.01899458	0.04950269	
663	0.01896506	0.04934302	
663.2	0.01905597	0.04918387	
663.4	0.01923479	0.04902523	
663.6	0.01974687	0.0488671	
663.8	0.0196125	0.04870948	
664	0.01998485	0.04855237	
664.2	0.01989901	0.04839577	
664.4	0.01917088	0.04823967	
664.6	0.01894585	0.04808407	
664.8	0.01860825	0.04792898	
665	0.01807941	0.04777439	
665.2	0.01781359	0.04762029	
665.4	0.01749198	0.0474667	
665.6	0.01698266	0.0473136	
665.8	0.01637806	0.04716099	
666	0.01581519	0.04700887	
666.2	0.01483364	0.04685725	
666.4	0.01427824	0.04670611	
666.6	0.01429832	0.04655546	
666.8	0.01395774	0.0464053	
667	0.01423188	0.04625562	
667.2	0.01414445	0.04610643	
667.4	0.01412883	0.04595771	
667.6	0.01401482	0.04580948	
667.8	0.01382387	0.04566172	
668	0.0138387	0.04551444	
668.2	0.01331126	0.04536764	
668.4	0.01268156	0.04522131	
668.6	0.01234465	0.04507545	
668.8	0.01132486	0.04493006	
669	0.01063041	0.04478514	
669.2	0.01032575	0.04464069	
669.4	0.00984177	0.0444967	
669.6	0.00974447	0.04435318	
669.8	0.00971476	0.04421012	
670	0.00964453	0.04406752	
670.2	0.00916332	0.04392538	
670.4	0.00928547	0.0437837	
670.6	0.00971204	0.04364248	
670.8	0.00940875	0.04350171	
671	0.00944026	0.0433614	
671.2	0.00916081	0.04322154	
671.4	0.00892582	0.04308213	
671.6	0.0085455	0.04294317	
671.8	0.00860311	0.04280466	
672	0.00787093	0.0426666	
672.2	0.00745288	0.04252898	
672.4	0.00650491	0.0423918	
672.6	0.00610917	0.04225507	
672.8	0.00541529	0.04211878	
673	0.00536035	0.04198293	
673.2	0.00516729	0.04184751	
673.4	0.00519752	0.04171253	
673.6	0.00523157	0.04157799	
673.8	0.00540703	0.04144388	
674	0.00572609	0.04131021	
674.2	0.00576167	0.04117696	
674.4	0.00607384	0.04104415	
674.6	0.00629912	0.04091176	
674.8	0.00608207	0.04077981	
675	0.00642913	0.04064827	
675.2	0.00637636	0.04051716	
675.4	0.00625346	0.04038648	
675.6	0.00596387	0.04025621	
675.8	0.0058076	0.04012637	
676	0.00492024	0.03999694	
676.2	0.00470396	0.03986793	
676.4	0.0042842	0.03973934	
676.6	0.00439227	0.03961116	
676.8	0.00355327	0.0394834	
677	0.00356047	0.03935605	
677.2	0.00349291	0.03922911	
677.4	0.00330374	0.03910257	
677.6	0.00314306	0.03897645	
677.8	0.0031784	0.03885073	
678	0.0029327	0.03872542	
678.2	0.00255361	0.03860052	
678.4	0.00228357	0.03847601	
678.6	0.00239793	0.03835191	
678.8	0.00207978	0.03822821	
679	0.00202002	0.0381049	
679.2	0.00146522	0.037982	
679.4	0.00140428	0.03785949	
679.6	0.00116885	0.03773737	
679.8	0.00090576	0.03761565	
680	0.00056755	0.03749433	
680.2	0.00033767	0.03737339	
680.4	-0.00003536	0.03725284	
680.6	-0.00026578	0.03713269	
680.8	-0.00095212	0.03701292	
681	-0.00117331	0.03689353	
681.2	-0.00115712	0.03677454	
681.4	-0.00148113	0.03665592	
681.6	-0.00182488	0.03653769	
681.8	-0.00213578	0.03641984	
682	-0.00216984	0.03630237	
682.2	-0.00206187	0.03618528	
682.4	-0.00192896	0.03606856	
682.6	-0.00144574	0.03595222	
682.8	-0.00150829	0.03583626	
683	-0.00156416	0.03572067	
683.2	-0.00189947	0.03560546	
683.4	-0.00217428	0.03549062	
683.6	-0.00219046	0.03537614	
683.8	-0.00278162	0.03526204	
684	-0.00315016	0.0351483	
684.2	-0.00402359	0.03503493	
684.4	-0.00470565	0.03492193	
684.6	-0.00486075	0.03480929	
684.8	-0.00564416	0.03469701	
685	-0.00590289	0.0345851	
685.2	-0.0061194	0.03447355	
685.4	-0.00649375	0.03436235	
685.6	-0.00658231	0.03425152	
685.8	-0.00636752	0.03414104	
686	-0.00628998	0.03403092	
686.2	-0.00625886	0.03392116	
686.4	-0.00608509	0.03381175	
686.6	-0.00593412	0.03370269	
686.8	-0.00625273	0.03359398	
687	-0.00666149	0.03348563	
687.2	-0.00677403	0.03337762	
687.4	-0.00667793	0.03326996	
687.6	-0.00667637	0.03316265	
687.8	-0.00733984	0.03305569	
688	-0.00714533	0.03294907	
688.2	-0.00724508	0.03284279	
688.4	-0.00717627	0.03273686	
688.6	-0.00687579	0.03263127	
688.8	-0.00694965	0.03252602	
689	-0.00677676	0.03242111	
689.2	-0.00704909	0.03231653	
689.4	-0.0071085	0.0322123	
689.6	-0.00732801	0.0321084	
689.8	-0.00764195	0.03200483	
690	-0.00835745	0.0319016	
690.2	-0.00874754	0.03179871	
690.4	-0.00915775	0.03169614	
690.6	-0.00951385	0.03159391	
690.8	-0.01003335	0.031492	
691	-0.01059021	0.03139043	
691.2	-0.0106225	0.03128918	
691.4	-0.01101162	0.03118826	
691.6	-0.01149018	0.03108766	
691.8	-0.01141049	0.03098739	
692	-0.01128014	0.03088744	
692.2	-0.01144693	0.03078781	
692.4	-0.01181671	0.03068851	
692.6	-0.01155174	0.03058952	
692.8	-0.01180576	0.03049086	
693	-0.01195719	0.03039251	
693.2	-0.01246412	0.03029448	
693.4	-0.01301205	0.03019677	
693.6	-0.01313374	0.03009937	
693.8	-0.01341192	0.03000229	
694	-0.01367031	0.02990552	
694.2	-0.01374027	0.02980906	
694.4	-0.01376895	0.02971291	
694.6	-0.01382581	0.02961707	
694.8	-0.01421134	0.02952154	
695	-0.01435867	0.02942632	
695.2	-0.01408434	0.02933141	
695.4	-0.01438548	0.0292368	
695.6	-0.01409006	0.0291425	
695.8	-0.01385708	0.0290485	
696	-0.01406093	0.02895481	
696.2	-0.0142415	0.02886142	
696.4	-0.01433373	0.02876832	
696.6	-0.01426768	0.02867553	
696.8	-0.0144282	0.02858304	
697	-0.01455638	0.02849085	
697.2	-0.01506999	0.02839895	
697.4	-0.01505213	0.02830735	
697.6	-0.01544381	0.02821605	
697.8	-0.01571725	0.02812504	
698	-0.01596534	0.02803432	
698.2	-0.01603125	0.0279439	
698.4	-0.01591281	0.02785377	
698.6	-0.01632848	0.02776393	
698.8	-0.01639383	0.02767438	
699	-0.01658232	0.02758511	
699.2	-0.01652067	0.02749614	
699.4	-0.0165917	0.02740745	
699.6	-0.01644163	0.02731905	
699.8	-0.01644404	0.02723093	
700	-0.01651266	0.0271431	
700.2	-0.01689332	0.02705555	
700.4	-0.01681053	0.02696829	
700.6	-0.0169659	0.0268813	
700.8	-0.0170333	0.0267946	
701	-0.01742492	0.02670817	
701.2	-0.01818785	0.02662203	
701.4	-0.01853849	0.02653616	
701.6	-0.01897939	0.02645057	
701.8	-0.01884189	0.02636525	
702	-0.01908041	0.02628021	
702.2	-0.01902746	0.02619545	
702.4	-0.01952874	0.02611095	
702.6	-0.02017235	0.02602673	
702.8	-0.02003844	0.02594279	
703	-0.02028693	0.02585911	
703.2	-0.02028563	0.0257757	
703.4	-0.02031471	0.02569256	
703.6	-0.02042885	0.02560969	
703.8	-0.02022826	0.02552709	
704	-0.02011086	0.02544475	
704.2	-0.02019377	0.02536268	
704.4	-0.01983449	0.02528088	
704.6	-0.01969265	0.02519933	
704.8	-0.01980449	0.02511805	
705	-0.01986471	0.02503704	
705.2	-0.02016421	0.02495628	
705.4	-0.01992367	0.02487579	
705.6	-0.01973979	0.02479555	
705.8	-0.01991711	0.02471557	
706	-0.0201267	0.02463585	
706.2	-0.02037578	0.02455639	
706.4	-0.02077772	0.02447719	
706.6	-0.02113032	0.02439824	
706.8	-0.02140785	0.02431954	
707	-0.02176912	0.0242411	
707.2	-0.02214967	0.02416291	
707.4	-0.02228584	0.02408498	
707.6	-0.02248165	0.02400729	
707.8	-0.02263249	0.02392986	
708	-0.02248433	0.02385267	
708.2	-0.02303767	0.02377574	
708.4	-0.02295244	0.02369905	
708.6	-0.02326787	0.02362261	
708.8	-0.02386377	0.02354641	
709	-0.02365419	0.02347047	
709.2	-0.02391854	0.02339476	
709.4	-0.02399007	0.0233193	
709.6	-0.0236909	0.02324409	
709.8	-0.02336986	0.02316912	
710	-0.02341502	0.02309439	
710.2	-0.02360429	0.0230199	
710.4	-0.02380395	0.02294565	
710.6	-0.02402021	0.02287164	
710.8	-0.02441112	0.02279786	
711	-0.02463126	0.02272433	
711.2	-0.0249055	0.02265103	
711.4	-0.02501403	0.02257798	
711.6	-0.02533539	0.02250515	
711.8	-0.02574924	0.02243256	
712	-0.02608531	0.02236021	
712.2	-0.02670607	0.02228808	
712.4	-0.02652032	0.0222162	
712.6	-0.02698254	0.02214454	
712.8	-0.02732836	0.02207311	
713	-0.02713841	0.02200192	
713.2	-0.02729	0.02193095	
713.4	-0.02730885	0.02186021	
713.6	-0.02731603	0.0217897	
713.8	-0.02717071	0.02171942	
714	-0.02757439	0.02164937	
714.2	-0.02720329	0.02157954	
714.4	-0.02716061	0.02150993	
714.6	-0.02730508	0.02144055	
714.8	-0.02799753	0.0213714	
715	-0.02775236	0.02130247	
715.2	-0.02720901	0.02123376	
715.4	-0.02705318	0.02116527	
715.6	-0.02708382	0.021097	
715.8	-0.02711045	0.02102895	
716	-0.02706573	0.02096112	
716.2	-0.02728835	0.02089352	
716.4	-0.02768164	0.02082612	
716.6	-0.02808523	0.02075895	
716.8	-0.02865265	0.02069199	
717	-0.02894921	0.02062525	
717.2	-0.02912383	0.02055873	
717.4	-0.02977417	0.02049242	
717.6	-0.03031488	0.02042632	
717.8	-0.03038272	0.02036043	
718	-0.03066648	0.02029476	
718.2	-0.03088262	0.0202293	
718.4	-0.03108532	0.02016405	
718.6	-0.03086192	0.02009902	
718.8	-0.03069695	0.02003419	
719	-0.03060414	0.01996957	
719.2	-0.03022177	0.01990516	
719.4	-0.03014601	0.01984095	
719.6	-0.03044387	0.01977696	
719.8	-0.03046247	0.01971317	
720	-0.03049642	0.01964958	
720.2	-0.03100759	0.01958621	
720.4	-0.0313901	0.01952303	
720.6	-0.03125225	0.01946006	
720.8	-0.03124177	0.01939729	
721	-0.03103244	0.01933473	
721.2	-0.03088653	0.01927236	
721.4	-0.03126941	0.0192102	
721.6	-0.03155824	0.01914824	
721.8	-0.03190975	0.01908648	
722	-0.03159155	0.01902492	
722.2	-0.03166506	0.01896355	
722.4	-0.0313213	0.01890239	
722.6	-0.03124621	0.01884142	
722.8	-0.03182133	0.01878065	
723	-0.03218897	0.01872007	
723.2	-0.0320894	0.01865969	
723.4	-0.03240292	0.0185995	
723.6	-0.03281356	0.01853951	
723.8	-0.03303824	0.01847971	
724	-0.03312708	0.01842011	
724.2	-0.03321035	0.01836069	
724.4	-0.03313889	0.01830147	
724.6	-0.03282292	0.01824244	
724.8	-0.03291545	0.0181836	
725	-0.03300855	0.01812495	
725.2	-0.03348639	0.01806649	
725.4	-0.03390453	0.01800822	
725.6	-0.03419493	0.01795013	
725.8	-0.03422087	0.01789224	
726	-0.03411498	0.01783452	
726.2	-0.03444883	0.017777	
726.4	-0.03460779	0.01771966	
726.6	-0.03495349	0.01766251	
726.8	-0.03534309	0.01760554	
727	-0.0353537	0.01754875	
727.2	-0.03566456	0.01749215	
727.4	-0.03587417	0.01743573	
727.6	-0.03611179	0.01737949	
727.8	-0.03622696	0.01732343	
728	-0.0360966	0.01726756	
728.2	-0.03617198	0.01721186	
728.4	-0.03643622	0.01715635	
728.6	-0.03650143	0.01710101	
728.8	-0.03670827	0.01704585	
729	-0.03679465	0.01699087	
729.2	-0.03710494	0.01693607	
729.4	-0.03684515	0.01688144	
729.6	-0.03681115	0.01682699	
729.8	-0.03672745	0.01677272	
730	-0.03705559	0.01671862	
730.2	-0.03751099	0.01666469	
730.4	-0.03780741	0.01661094	
730.6	-0.03787621	0.01655736	
730.8	-0.03771365	0.01650396	
731	-0.03790656	0.01645072	
731.2	-0.03856958	0.01639766	
731.4	-0.03852074	0.01634477	
731.6	-0.03879417	0.01629205	
731.8	-0.03857835	0.0162395	
732	-0.03886884	0.01618712	
732.2	-0.03895551	0.01613491	
732.4	-0.03899227	0.01608287	
732.6	-0.03851513	0.016031	
732.8	-0.03853354	0.01597929	
733	-0.03870029	0.01592775	
733.2	-0.03857194	0.01587637	
733.4	-0.03858575	0.01582517	
733.6	-0.03867149	0.01577412	
733.8	-0.03877955	0.01572324	
734	-0.03917567	0.01567253	
734.2	-0.03941447	0.01562198	
734.4	-0.03964683	0.01557159	
734.6	-0.03959763	0.01552137	
734.8	-0.04002209	0.0154713	
735	-0.04088511	0.0154214	
735.2	-0.04142738	0.01537166	
735.4	-0.04112498	0.01532208	
735.6	-0.04143003	0.01527266	
735.8	-0.04124859	0.0152234	
736	-0.04162986	0.01517429	
736.2	-0.04198338	0.01512535	
736.4	-0.04226408	0.01507656	
736.6	-0.04213315	0.01502793	
736.8	-0.04223434	0.01497946	
737	-0.04241344	0.01493115	
737.2	-0.04235908	0.01488299	
737.4	-0.04276704	0.01483498	
737.6	-0.04255693	0.01478713	
737.8	-0.04243211	0.01473944	
738	-0.04247106	0.0146919	
738.2	-0.04210528	0.01464451	
738.4	-0.04216672	0.01459727	
738.6	-0.04191694	0.01455019	
738.8	-0.04169697	0.01450326	
739	-0.04135839	0.01445648	
739.2	-0.04088798	0.01440985	
739.4	-0.04051204	0.01436337	
739.6	-0.04051688	0.01431705	
739.8	-0.04030366	0.01427087	
740	-0.04041144	0.01422484	
740.2	-0.04058038	0.01417895	
740.4	-0.04043358	0.01413322	
740.6	-0.04055428	0.01408763	
740.8	-0.04064964	0.0140422	
741	-0.04116166	0.0139969	
741.2	-0.04163634	0.01395176	
741.4	-0.04206714	0.01390676	
741.6	-0.04220195	0.0138619	
741.8	-0.04264404	0.01381719	
742	-0.04293361	0.01377262	
742.2	-0.04313203	0.0137282	
742.4	-0.04345597	0.01368392	
742.6	-0.04342541	0.01363978	
742.8	-0.04353126	0.01359579	
743	-0.04379895	0.01355194	
743.2	-0.04422678	0.01350823	
743.4	-0.04450874	0.01346466	
743.6	-0.04489997	0.01342123	
743.8	-0.04483661	0.01337794	
744	-0.04490691	0.01333479	
744.2	-0.04482957	0.01329178	
744.4	-0.0449622	0.0132489	
744.6	-0.0448566	0.01320617	
744.8	-0.04477381	0.01316357	
745	-0.04495444	0.01312112	
745.2	-0.04526634	0.01307879	
745.4	-0.04518156	0.01303661	
745.6	-0.04527994	0.01299456	
745.8	-0.04563003	0.01295265	
746	-0.04573469	0.01291087	
746.2	-0.04605848	0.01286922	
746.4	-0.04571219	0.01282772	
746.6	-0.04560307	0.01278634	
746.8	-0.0455931	0.0127451	
747	-0.04572188	0.01270399	
747.2	-0.04586619	0.01266301	
747.4	-0.04594718	0.01262217	
747.6	-0.04616718	0.01258146	
747.8	-0.04626518	0.01254088	
748	-0.0459269	0.01250043	
748.2	-0.04558005	0.01246011	
748.4	-0.04562579	0.01241992	
748.6	-0.0454371	0.01237986	
748.8	-0.04579697	0.01233993	
749	-0.04604855	0.01230012	
749.2	-0.04609692	0.01226045	
749.4	-0.04621407	0.01222091	
749.6	-0.04659907	0.01218149	
749.8	-0.04671311	0.0121422	
750	-0.04665486	0.01210303	
750.2	-0.04695986	0.012064	
750.4	-0.04707208	0.01202508	
750.6	-0.04728298	0.0119863	
750.8	-0.04763837	0.01194764	
751	-0.04804119	0.0119091	
751.2	-0.04830606	0.01187069	
751.4	-0.04843714	0.0118324	
751.6	-0.04837228	0.01179423	
751.8	-0.04817287	0.01175619	
752	-0.04798848	0.01171827	
752.2	-0.04810205	0.01168048	
752.4	-0.04821142	0.0116428	
752.6	-0.048277	0.01160525	
752.8	-0.04844154	0.01156782	
753	-0.04854401	0.0115305	
753.2	-0.04882964	0.01149331	
753.4	-0.04875341	0.01145624	
753.6	-0.04855082	0.01141929	
753.8	-0.0487129	0.01138246	
754	-0.04915484	0.01134574	
754.2	-0.04958211	0.01130915	
754.4	-0.04976157	0.01127267	
754.6	-0.04990178	0.01123631	
754.8	-0.04959175	0.01120007	
755	-0.04897298	0.01116395	
755.2	-0.04889936	0.01112794	
755.4	-0.04861619	0.01109204	
755.6	-0.04851896	0.01105627	
755.8	-0.04872803	0.01102061	
756	-0.04898695	0.01098506	
756.2	-0.04898939	0.01094963	
756.4	-0.04888243	0.01091431	
756.6	-0.0490186	0.01087911	
756.8	-0.04920362	0.01084402	
757	-0.0493631	0.01080904	
757.2	-0.04927917	0.01077417	
757.4	-0.04925434	0.01073942	
757.6	-0.04982681	0.01070478	
757.8	-0.05019792	0.01067026	
758	-0.05055997	0.01063584	
758.2	-0.05052703	0.01060153	
758.4	-0.05066852	0.01056734	
758.6	-0.05064085	0.01053325	
758.8	-0.05056821	0.01049928	
759	-0.05091452	0.01046542	
759.2	-0.05154397	0.01043166	
759.4	-0.05189908	0.01039801	
759.6	-0.05194316	0.01036447	
759.8	-0.05213465	0.01033104	
760	-0.05232287	0.01029772	
760.2	-0.05222283	0.01026451	
760.4	-0.05230515	0.0102314	
760.6	-0.05265376	0.0101984	
760.8	-0.05273561	0.0101655	
761	-0.05261902	0.01013272	
761.2	-0.05267048	0.01010003	
761.4	-0.05305879	0.01006746	
761.6	-0.05288618	0.01003498	
761.8	-0.05266332	0.01000262	
762	-0.05303784	0.00997035	
762.2	-0.05269485	0.00993819	
762.4	-0.05286125	0.00990614	
762.6	-0.05274059	0.00987419	
762.8	-0.05319121	0.00984234	
763	-0.05303097	0.00981059	
763.2	-0.05318305	0.00977895	
763.4	-0.05298798	0.00974741	
763.6	-0.05306645	0.00971597	
763.8	-0.0534494	0.00968463	
764	-0.05378913	0.00965339	
764.2	-0.05380506	0.00962226	
764.4	-0.05431631	0.00959122	
764.6	-0.05432667	0.00956028	
764.8	-0.05417448	0.00952945	
765	-0.05400587	0.00949871	
765.2	-0.05400818	0.00946807	
765.4	-0.05382622	0.00943753	
765.6	-0.05351583	0.00940709	
765.8	-0.05392977	0.00937675	
766	-0.054043	0.00934651	
766.2	-0.0541183	0.00931636	
766.4	-0.05416857	0.00928631	
766.6	-0.0544687	0.00925636	
766.8	-0.05500265	0.0092265	
767	-0.05482766	0.00919674	
767.2	-0.05522409	0.00916708	
767.4	-0.05545909	0.00913751	
767.6	-0.0563138	0.00910804	
767.8	-0.05676122	0.00907866	
768	-0.05661185	0.00904938	
768.2	-0.05659307	0.00902019	
768.4	-0.05663483	0.0089911	
768.6	-0.05643072	0.0089621	
768.8	-0.05629236	0.00893319	
769	-0.0564611	0.00890437	
769.2	-0.05637345	0.00887565	
769.4	-0.05634551	0.00884703	
769.6	-0.05631463	0.00881849	
769.8	-0.05684719	0.00879005	
770	-0.05657252	0.00876169	
770.2	-0.05701836	0.00873343	
770.4	-0.05688317	0.00870527	
770.6	-0.05756663	0.00867719	
770.8	-0.05756885	0.0086492	
771	-0.0575273	0.0086213	
771.2	-0.0579696	0.00859349	
771.4	-0.05820046	0.00856578	
771.6	-0.05837568	0.00853815	
771.8	-0.05802584	0.00851061	
772	-0.05749544	0.00848316	
772.2	-0.05741786	0.0084558	
772.4	-0.05730745	0.00842852	
772.6	-0.05684559	0.00840134	
772.8	-0.05664096	0.00837424	
773	-0.05709041	0.00834723	
773.2	-0.05710627	0.0083203	
773.4	-0.05713329	0.00829347	
773.6	-0.05667727	0.00826672	
773.8	-0.05707503	0.00824005	
774	-0.05699087	0.00821347	
774.2	-0.05720345	0.00818698	
774.4	-0.05735461	0.00816058	
774.6	-0.05799678	0.00813425	
774.8	-0.05830232	0.00810802	
775	-0.05861612	0.00808187	
775.2	-0.05935163	0.0080558	
775.4	-0.05959017	0.00802981	
775.6	-0.05961288	0.00800391	
775.8	-0.05961967	0.0079781	
776	-0.05958634	0.00795236	
776.2	-0.05983136	0.00792671	
776.4	-0.05990798	0.00790115	
776.6	-0.05976296	0.00787566	
776.8	-0.05971968	0.00785026	
777	-0.05985525	0.00782494	
777.2	-0.059917	0.0077997	
777.4	-0.0595962	0.00777454	
777.6	-0.0592099	0.00774947	
777.8	-0.05956697	0.00772447	
778	-0.05935187	0.00769956	
778.2	-0.05927304	0.00767472	
778.4	-0.05938427	0.00764997	
778.6	-0.05937214	0.00762529	
778.8	-0.05932215	0.0076007	
779	-0.05924342	0.00757618	
779.2	-0.05943796	0.00755175	
779.4	-0.05909295	0.00752739	
779.6	-0.05885036	0.00750311	
779.8	-0.05873982	0.00747891	
