Conc1	3.125E-08	
Start1	420	
Stop1	779.8	
Kobs	0.0023044491822067	
Error Kobs	1.95701090638712E-05	
Koff	0	
Error Koff	0	
Time1	Data1	Fit1	
420	-0.00161027	0	
420.2	-0.00113509	0.00057341	
420.4	-0.00067721	0.00114598	
420.6	-0.00023748	0.00171772	
420.8	0.00014218	0.00228862	
421	0.00066971	0.00285869	
421.2	0.00106662	0.00342793	
421.4	0.00133559	0.00399634	
421.6	0.00186521	0.00456392	
421.8	0.00265224	0.00513067	
422	0.00332057	0.00569659	
422.2	0.00420318	0.00626169	
422.4	0.00477111	0.00682597	
422.6	0.00557618	0.00738942	
422.8	0.00623101	0.00795205	
423	0.00675249	0.00851385	
423.2	0.0071624	0.00907484	
423.4	0.00768723	0.00963501	
423.6	0.00819562	0.01019436	
423.8	0.00841043	0.0107529	
424	0.00857986	0.01131062	
424.2	0.00972058	0.01186753	
424.4	0.01002203	0.01242362	
424.6	0.01072651	0.0129789	
424.8	0.01078509	0.01353338	
425	0.01116566	0.01408704	
425.2	0.01148532	0.0146399	
425.4	0.01199937	0.01519195	
425.6	0.01299866	0.01574319	
425.8	0.01399964	0.01629363	
426	0.01461877	0.01684327	
426.2	0.01551949	0.0173921	
426.4	0.01626049	0.01794014	
426.6	0.01701034	0.01848737	
426.8	0.01802156	0.01903381	
427	0.0188003	0.01957944	
427.2	0.01952936	0.02012429	
427.4	0.02011951	0.02066833	
427.6	0.02083858	0.02121159	
427.8	0.02133624	0.02175405	
428	0.02179734	0.02229572	
428.2	0.02287898	0.0228366	
428.4	0.02363581	0.02337669	
428.6	0.02425089	0.02391599	
428.8	0.02453217	0.02445451	
429	0.02541706	0.02499224	
429.2	0.02618125	0.02552918	
429.4	0.02683626	0.02606534	
429.6	0.02765147	0.02660072	
429.8	0.02806044	0.02713532	
430	0.02861738	0.02766914	
430.2	0.02918133	0.02820218	
430.4	0.02972353	0.02873444	
430.6	0.03040621	0.02926593	
430.8	0.03145238	0.02979664	
431	0.0323068	0.03032657	
431.2	0.03288146	0.03085573	
431.4	0.03333765	0.03138412	
431.6	0.03402558	0.03191174	
431.8	0.03447383	0.03243859	
432	0.03509568	0.03296467	
432.2	0.03618469	0.03348999	
432.4	0.03679412	0.03401453	
432.6	0.03736904	0.03453831	
432.8	0.03831099	0.03506133	
433	0.03902366	0.03558358	
433.2	0.03989463	0.03610508	
433.4	0.04050382	0.03662581	
433.6	0.04134524	0.03714578	
433.8	0.04177526	0.03766499	
434	0.04260376	0.03818345	
434.2	0.04294858	0.03870115	
434.4	0.04359792	0.03921809	
434.6	0.04441162	0.03973428	
434.8	0.04498054	0.04024971	
435	0.04563316	0.0407644	
435.2	0.04628698	0.04127833	
435.4	0.04677488	0.04179151	
435.6	0.04716391	0.04230395	
435.8	0.04766092	0.04281563	
436	0.04796029	0.04332658	
436.2	0.04875926	0.04383677	
436.4	0.04888013	0.04434622	
436.6	0.04954365	0.04485493	
436.8	0.05022326	0.04536289	
437	0.05105502	0.04587012	
437.2	0.05211689	0.0463766	
437.4	0.05267363	0.04688234	
437.6	0.05322344	0.04738735	
437.8	0.05399991	0.04789162	
438	0.05487293	0.04839515	
438.2	0.05539558	0.04889795	
438.4	0.05620357	0.04940002	
438.6	0.05714551	0.04990135	
438.8	0.05766774	0.05040196	
439	0.05838571	0.05090183	
439.2	0.05910056	0.05140097	
439.4	0.05924639	0.05189938	
439.6	0.05968359	0.05239707	
439.8	0.06048183	0.05289403	
440	0.06076003	0.05339027	
440.2	0.0609902	0.05388578	
440.4	0.06077965	0.05438057	
440.6	0.06134026	0.05487463	
440.8	0.06217838	0.05536798	
441	0.06289532	0.0558606	
441.2	0.06327011	0.05635251	
441.4	0.06352667	0.0568437	
441.6	0.06399984	0.05733417	
441.8	0.06467767	0.05782393	
442	0.06554117	0.05831297	
442.2	0.06636149	0.0588013	
442.4	0.06715264	0.05928892	
442.6	0.06807916	0.05977582	
442.8	0.06856506	0.06026202	
443	0.06961747	0.0607475	
443.2	0.07052836	0.06123228	
443.4	0.07079238	0.06171635	
443.6	0.07143181	0.06219971	
443.8	0.072179	0.06268237	
444	0.07214959	0.06316432	
444.2	0.07230839	0.06364558	
444.4	0.07267563	0.06412612	
444.6	0.0733875	0.06460597	
444.8	0.07395622	0.06508512	
445	0.07428702	0.06556357	
445.2	0.0743813	0.06604132	
445.4	0.07493485	0.06651837	
445.6	0.07545409	0.06699473	
445.8	0.0761165	0.06747039	
446	0.07741683	0.06794536	
446.2	0.07836788	0.06841963	
446.4	0.07907093	0.06889322	
446.6	0.07995989	0.06936611	
446.8	0.08058635	0.06983831	
447	0.08123408	0.07030982	
447.2	0.081473	0.07078065	
447.4	0.08163195	0.07125079	
447.6	0.08224042	0.07172024	
447.8	0.08263396	0.07218901	
448	0.08253528	0.07265709	
448.2	0.08301853	0.07312449	
448.4	0.08347573	0.07359121	
448.6	0.08376935	0.07405725	
448.8	0.08436814	0.0745226	
449	0.0850768	0.07498728	
449.2	0.08555053	0.07545128	
449.4	0.08638494	0.07591461	
449.6	0.08725007	0.07637725	
449.8	0.08828858	0.07683923	
450	0.08924478	0.07730053	
450.2	0.09029806	0.07776115	
450.4	0.09072157	0.0782211	
450.6	0.09142679	0.07868039	
450.8	0.09187052	0.079139	
451	0.09214673	0.07959694	
451.2	0.09286149	0.08005422	
451.4	0.09336222	0.08051083	
451.6	0.09374213	0.08096677	
451.8	0.09406369	0.08142204	
452	0.09405468	0.08187666	
452.2	0.09437097	0.0823306	
452.4	0.09496536	0.08278389	
452.6	0.09529164	0.08323652	
452.8	0.09627535	0.08368848	
453	0.09656437	0.08413979	
453.2	0.09699182	0.08459043	
453.4	0.09773997	0.08504042	
453.6	0.09884042	0.08548975	
453.8	0.09955583	0.08593843	
454	0.10026287	0.08638645	
454.2	0.10121518	0.08683382	
454.4	0.10163616	0.08728054	
454.6	0.10232736	0.0877266	
454.8	0.10315099	0.08817202	
455	0.10362289	0.08861678	
455.2	0.10411604	0.0890609	
455.4	0.10444332	0.08950436	
455.6	0.10493336	0.08994718	
455.8	0.10505745	0.09038936	
456	0.105042	0.09083088	
456.2	0.1054536	0.09127177	
456.4	0.10603625	0.09171201	
456.6	0.10625709	0.09215161	
456.8	0.10655619	0.09259056	
457	0.10659032	0.09302888	
457.2	0.10726643	0.09346656	
457.4	0.10790113	0.0939036	
457.6	0.10856076	0.09434	
457.8	0.10894639	0.09477576	
458	0.10936613	0.09521089	
458.2	0.10981321	0.09564539	
458.4	0.10990551	0.09607925	
458.6	0.1101631	0.09651247	
458.8	0.11073706	0.09694507	
459	0.11099865	0.09737703	
459.2	0.11130368	0.09780836	
459.4	0.11181854	0.09823907	
459.6	0.11265911	0.09866914	
459.8	0.11310987	0.09909859	
460	0.11355163	0.09952741	
460.2	0.11448812	0.09995561	
460.4	0.11503352	0.10038318	
460.6	0.11598655	0.10081013	
460.8	0.11663389	0.10123645	
461	0.11745506	0.10166215	
461.2	0.11847461	0.10208723	
461.4	0.11920004	0.10251169	
461.6	0.11996992	0.10293554	
461.8	0.1205847	0.10335876	
462	0.12084908	0.10378136	
462.2	0.12077875	0.10420335	
462.4	0.12085027	0.10462473	
462.6	0.12146603	0.10504549	
462.8	0.12184419	0.10546563	
463	0.12221438	0.10588516	
463.2	0.12263572	0.10630408	
463.4	0.12316153	0.10672239	
463.6	0.12369895	0.10714009	
463.8	0.12366885	0.10755718	
464	0.12404885	0.10797366	
464.2	0.12479558	0.10838953	
464.4	0.12523303	0.10880479	
464.6	0.12624833	0.10921945	
464.8	0.1264335	0.10963351	
465	0.12714129	0.11004696	
465.2	0.12790402	0.11045981	
465.4	0.12818638	0.11087205	
465.6	0.12878223	0.1112837	
465.8	0.12897783	0.11169474	
466	0.12904233	0.11210518	
466.2	0.12939838	0.11251503	
466.4	0.13019165	0.11292427	
466.6	0.13081118	0.11333292	
466.8	0.13133021	0.11374097	
467	0.13200659	0.11414843	
467.2	0.132401	0.11455529	
467.4	0.13288584	0.11496156	
467.6	0.13324605	0.11536724	
467.8	0.13364234	0.11577233	
468	0.1342237	0.11617682	
468.2	0.13458754	0.11658072	
468.4	0.13479449	0.11698404	
468.6	0.13519512	0.11738676	
468.8	0.13533831	0.1177889	
469	0.13579767	0.11819045	
469.2	0.13602183	0.11859142	
469.4	0.13646825	0.1189918	
469.6	0.13722459	0.1193916	
469.8	0.13769143	0.11979081	
470	0.13822284	0.12018944	
470.2	0.13902965	0.12058749	
470.4	0.13961873	0.12098496	
470.6	0.14000674	0.12138185	
470.8	0.14021538	0.12177816	
471	0.14042665	0.12217389	
471.2	0.14109267	0.12256904	
471.4	0.1417659	0.12296362	
471.6	0.14207201	0.12335762	
471.8	0.14262262	0.12375105	
472	0.14296807	0.1241439	
472.2	0.14344026	0.12453618	
472.4	0.14404742	0.12492788	
472.6	0.14470492	0.12531902	
472.8	0.14528389	0.12570959	
473	0.14567462	0.12609958	
473.2	0.14633588	0.12648901	
473.4	0.14723046	0.12687786	
473.6	0.14755617	0.12726615	
473.8	0.14811767	0.12765388	
474	0.14827282	0.12804104	
474.2	0.14865059	0.12842763	
474.4	0.14909684	0.12881366	
474.6	0.14946207	0.12919913	
474.8	0.14988923	0.12958403	
475	0.15068034	0.12996837	
475.2	0.15149204	0.13035215	
475.4	0.15168556	0.13073537	
475.6	0.15200455	0.13111804	
475.8	0.15262663	0.13150014	
476	0.15293373	0.13188169	
476.2	0.15339444	0.13226268	
476.4	0.15375898	0.13264311	
476.6	0.1538832	0.13302299	
476.8	0.15413533	0.13340231	
477	0.15408127	0.13378108	
477.2	0.15425321	0.1341593	
477.4	0.15427419	0.13453697	
477.6	0.15425053	0.13491409	
477.8	0.15479204	0.13529065	
478	0.15510884	0.13566667	
478.2	0.15563177	0.13604213	
478.4	0.15626619	0.13641705	
478.6	0.15683442	0.13679143	
478.8	0.15737986	0.13716525	
479	0.15786297	0.13753853	
479.2	0.15860511	0.13791127	
479.4	0.15914161	0.13828346	
479.6	0.15966748	0.13865511	
479.8	0.16024779	0.13902622	
480	0.16080314	0.13939678	
480.2	0.16115753	0.13976681	
480.4	0.16150016	0.14013629	
480.6	0.16200235	0.14050524	
480.8	0.16230665	0.14087365	
481	0.16264764	0.14124152	
481.2	0.16310935	0.14160885	
481.4	0.16346111	0.14197565	
481.6	0.16376291	0.14234191	
481.8	0.16457376	0.14270764	
482	0.16482127	0.14307283	
482.2	0.16505034	0.14343749	
482.4	0.16561344	0.14380162	
482.6	0.16602022	0.14416522	
482.8	0.16629683	0.14452829	
483	0.16660288	0.14489083	
483.2	0.16720225	0.14525284	
483.4	0.16762535	0.14561432	
483.6	0.16816156	0.14597527	
483.8	0.16827535	0.1463357	
484	0.16842247	0.1466956	
484.2	0.16840147	0.14705497	
484.4	0.16867868	0.14741382	
484.6	0.16894729	0.14777215	
484.8	0.16915032	0.14812996	
485	0.16958197	0.14848724	
485.2	0.16981245	0.148844	
485.4	0.17020582	0.14920024	
485.6	0.17049306	0.14955596	
485.8	0.17116368	0.14991117	
486	0.17173481	0.15026585	
486.2	0.17274095	0.15062002	
486.4	0.17318459	0.15097367	
486.6	0.17336044	0.1513268	
486.8	0.17364338	0.15167942	
487	0.17419109	0.15203152	
487.2	0.17496374	0.15238311	
487.4	0.17543771	0.15273419	
487.6	0.17575931	0.15308476	
487.8	0.17603455	0.15343481	
488	0.17634522	0.15378435	
488.2	0.17673568	0.15413339	
488.4	0.17703319	0.15448191	
488.6	0.17742845	0.15482992	
488.8	0.17782904	0.15517743	
489	0.17849453	0.15552443	
489.2	0.17870947	0.15587093	
489.4	0.17924556	0.15621692	
489.6	0.17938117	0.1565624	
489.8	0.17991647	0.15690738	
490	0.18095201	0.15725186	
490.2	0.18158929	0.15759583	
490.4	0.18143781	0.1579393	
490.6	0.18211728	0.15828227	
490.8	0.18240531	0.15862474	
491	0.18276263	0.15896671	
491.2	0.18290421	0.15930818	
491.4	0.18286056	0.15964916	
491.6	0.18304163	0.15998963	
491.8	0.18332009	0.16032961	
492	0.18328516	0.1606691	
492.2	0.18360851	0.16100808	
492.4	0.18384006	0.16134658	
492.6	0.18449953	0.16168458	
492.8	0.18460536	0.16202208	
493	0.18512149	0.1623591	
493.2	0.18510767	0.16269562	
493.4	0.18537608	0.16303165	
493.6	0.18548153	0.16336719	
493.8	0.18639776	0.16370224	
494	0.18734704	0.1640368	
494.2	0.18788213	0.16437088	
494.4	0.18815231	0.16470447	
494.6	0.18876283	0.16503757	
494.8	0.18860153	0.16537018	
495	0.1888473	0.16570231	
495.2	0.18907705	0.16603395	
495.4	0.18937182	0.16636511	
495.6	0.18969433	0.16669579	
495.8	0.19016166	0.16702599	
496	0.19078413	0.1673557	
496.2	0.19127969	0.16768493	
496.4	0.19140513	0.16801368	
496.6	0.19177584	0.16834195	
496.8	0.19183923	0.16866975	
497	0.19238063	0.16899706	
497.2	0.19239051	0.1693239	
497.4	0.19259239	0.16965026	
497.6	0.19326351	0.16997614	
497.8	0.19382916	0.17030155	
498	0.19387764	0.17062649	
498.2	0.19423256	0.17095094	
498.4	0.19459883	0.17127493	
498.6	0.19470477	0.17159844	
498.8	0.19508651	0.17192149	
499	0.19571179	0.17224406	
499.2	0.19635946	0.17256616	
499.4	0.19676644	0.17288779	
499.6	0.19741711	0.17320895	
499.8	0.19791703	0.17352964	
500	0.19835911	0.17384986	
500.2	0.19840212	0.17416962	
500.4	0.19890696	0.17448891	
500.6	0.19894111	0.17480773	
500.8	0.19910177	0.17512609	
501	0.19931865	0.17544399	
501.2	0.19952526	0.17576142	
501.4	0.19994859	0.17607839	
501.6	0.20041382	0.17639489	
501.8	0.20028583	0.17671093	
502	0.20044059	0.17702652	
502.2	0.20075873	0.17734164	
502.4	0.20121726	0.1776563	
502.6	0.20147659	0.1779705	
502.8	0.20197336	0.17828425	
503	0.20204248	0.17859753	
503.2	0.20230387	0.17891036	
503.4	0.20238983	0.17922274	
503.6	0.20263322	0.17953465	
503.8	0.20289113	0.17984612	
504	0.20329592	0.18015713	
504.2	0.20367219	0.18046768	
504.4	0.20397773	0.18077778	
504.6	0.20404785	0.18108743	
504.8	0.20436752	0.18139663	
505	0.20473037	0.18170537	
505.2	0.20526567	0.18201367	
505.4	0.20564361	0.18232151	
505.6	0.2060214	0.18262891	
505.8	0.20603908	0.18293586	
506	0.20643496	0.18324236	
506.2	0.20671944	0.18354841	
506.4	0.20729519	0.18385401	
506.6	0.20779345	0.18415918	
506.8	0.20806734	0.18446389	
507	0.20815709	0.18476816	
507.2	0.20874611	0.18507199	
507.4	0.20911674	0.18537537	
507.6	0.20960924	0.18567831	
507.8	0.2101129	0.18598081	
508	0.21038946	0.18628287	
508.2	0.21098598	0.18658448	
508.4	0.21148071	0.18688566	
508.6	0.21182722	0.1871864	
508.8	0.21194984	0.18748669	
509	0.21203752	0.18778656	
509.2	0.21216328	0.18808598	
509.4	0.21202056	0.18838496	
509.6	0.21192046	0.18868351	
509.8	0.21207303	0.18898163	
510	0.21205547	0.18927931	
510.2	0.21217449	0.18957655	
510.4	0.21249536	0.18987336	
510.6	0.21263596	0.19016974	
510.8	0.21269097	0.19046568	
511	0.21275945	0.1907612	
511.2	0.21308128	0.19105628	
511.4	0.21327123	0.19135093	
511.6	0.2136171	0.19164515	
511.8	0.21377143	0.19193895	
512	0.21398497	0.19223231	
512.2	0.21439512	0.19252525	
512.4	0.2146193	0.19281776	
512.6	0.21476854	0.19310984	
512.8	0.21539569	0.19340149	
513	0.21548905	0.19369272	
513.2	0.21573336	0.19398353	
513.4	0.21641261	0.19427391	
513.6	0.21659396	0.19456387	
513.8	0.21721944	0.1948534	
514	0.21709504	0.19514251	
514.2	0.21755411	0.1954312	
514.4	0.21797928	0.19571947	
514.6	0.21825589	0.19600732	
514.8	0.21881622	0.19629475	
515	0.21896209	0.19658176	
515.2	0.2192094	0.19686835	
515.4	0.21985377	0.19715452	
515.6	0.22015051	0.19744027	
515.8	0.21992697	0.19772561	
516	0.21996438	0.19801053	
516.2	0.22019814	0.19829504	
516.4	0.22020141	0.19857913	
516.6	0.2208375	0.1988628	
516.8	0.22139372	0.19914607	
517	0.2215498	0.19942891	
517.2	0.22184217	0.19971135	
517.4	0.22243583	0.19999337	
517.6	0.22221715	0.20027499	
517.8	0.22271627	0.20055619	
518	0.223042	0.20083698	
518.2	0.22361066	0.20111736	
518.4	0.22410846	0.20139733	
518.6	0.22472121	0.2016769	
518.8	0.22549376	0.20195605	
519	0.22578792	0.2022348	
519.2	0.22616263	0.20251314	
519.4	0.22659637	0.20279108	
519.6	0.22661494	0.20306861	
519.8	0.2267411	0.20334574	
520	0.22723741	0.20362246	
520.2	0.22724958	0.20389877	
520.4	0.22733597	0.20417469	
520.6	0.2277749	0.2044502	
520.8	0.2277652	0.20472531	
521	0.2277201	0.20500002	
521.2	0.22786862	0.20527433	
521.4	0.22800357	0.20554823	
521.6	0.2280667	0.20582174	
521.8	0.22815204	0.20609485	
522	0.22839302	0.20636756	
522.2	0.22872531	0.20663987	
522.4	0.2291879	0.20691179	
522.6	0.22956498	0.20718331	
522.8	0.2300057	0.20745443	
523	0.22990789	0.20772515	
523.2	0.23019823	0.20799549	
523.4	0.23100714	0.20826542	
523.6	0.23129115	0.20853497	
523.8	0.23151677	0.20880412	
524	0.23167001	0.20907287	
524.2	0.2315752	0.20934124	
524.4	0.2313856	0.20960921	
524.6	0.23157418	0.20987679	
524.8	0.23208493	0.21014399	
525	0.23246362	0.21041079	
525.2	0.23294972	0.2106772	
525.4	0.23291513	0.21094323	
525.6	0.23319559	0.21120886	
525.8	0.23347066	0.21147411	
526	0.23411035	0.21173897	
526.2	0.23493527	0.21200345	
526.4	0.23540592	0.21226754	
526.6	0.23564824	0.21253124	
526.8	0.23612355	0.21279456	
527	0.23617896	0.21305749	
527.2	0.23691746	0.21332005	
527.4	0.23744957	0.21358221	
527.6	0.23708209	0.213844	
527.8	0.23713146	0.2141054	
528	0.23711927	0.21436643	
528.2	0.2371659	0.21462707	
528.4	0.23725279	0.21488733	
528.6	0.23791906	0.21514721	
528.8	0.23828455	0.21540671	
529	0.23842642	0.21566584	
529.2	0.23846968	0.21592458	
529.4	0.23866807	0.21618295	
529.6	0.23915629	0.21644094	
529.8	0.23945715	0.21669856	
530	0.23972133	0.2169558	
530.2	0.23969142	0.21721266	
530.4	0.23962055	0.21746915	
530.6	0.23977489	0.21772526	
530.8	0.2397948	0.217981	
531	0.24015605	0.21823637	
531.2	0.24047827	0.21849137	
531.4	0.24081085	0.21874599	
531.6	0.24070761	0.21900024	
531.8	0.24084388	0.21925412	
532	0.24151117	0.21950763	
532.2	0.24184314	0.21976077	
532.4	0.24231976	0.22001354	
532.6	0.24257087	0.22026595	
532.8	0.24291124	0.22051798	
533	0.24336455	0.22076965	
533.2	0.24380354	0.22102095	
533.4	0.24416056	0.22127188	
533.6	0.24433109	0.22152244	
533.8	0.2443261	0.22177265	
534	0.24429262	0.22202248	
534.2	0.24397866	0.22227195	
534.4	0.24457572	0.22252106	
534.6	0.24481155	0.2227698	
534.8	0.24484421	0.22301818	
535	0.24507638	0.2232662	
535.2	0.24482751	0.22351386	
535.4	0.24482839	0.22376115	
535.6	0.24458839	0.22400809	
535.8	0.24499101	0.22425466	
536	0.24547664	0.22450088	
536.2	0.24530576	0.22474673	
536.4	0.24585904	0.22499223	
536.6	0.24592839	0.22523737	
536.8	0.24609948	0.22548215	
537	0.24671776	0.22572657	
537.2	0.24704608	0.22597064	
537.4	0.24710742	0.22621435	
537.6	0.24768122	0.2264577	
537.8	0.24797734	0.2267007	
538	0.24810119	0.22694335	
538.2	0.24838247	0.22718564	
538.4	0.24873188	0.22742758	
538.6	0.24886696	0.22766916	
538.8	0.24918984	0.2279104	
539	0.24895569	0.22815128	
539.2	0.24899902	0.22839181	
539.4	0.24924891	0.22863198	
539.6	0.2494734	0.22887181	
539.8	0.25028796	0.22911129	
540	0.25053538	0.22935042	
540.2	0.25077676	0.2295892	
540.4	0.25130183	0.22982763	
540.6	0.25123115	0.23006571	
540.8	0.25160462	0.23030345	
541	0.25246232	0.23054084	
541.2	0.25285305	0.23077788	
541.4	0.2530225	0.23101457	
541.6	0.25363933	0.23125093	
541.8	0.25403129	0.23148693	
542	0.25392224	0.23172259	
542.2	0.25391802	0.23195791	
542.4	0.25361501	0.23219289	
542.6	0.25398247	0.23242752	
542.8	0.2537221	0.23266181	
543	0.25335341	0.23289576	
543.2	0.25384965	0.23312936	
543.4	0.25377466	0.23336263	
543.6	0.25372298	0.23359556	
543.8	0.25376129	0.23382814	
544	0.25340541	0.23406039	
544.2	0.25322824	0.2342923	
544.4	0.25299308	0.23452386	
544.6	0.25292007	0.2347551	
544.8	0.25336146	0.23498599	
545	0.25362597	0.23521655	
545.2	0.2538884	0.23544677	
545.4	0.25399002	0.23567665	
545.6	0.25455946	0.2359062	
545.8	0.25477093	0.23613542	
546	0.25491822	0.2363643	
546.2	0.25505811	0.23659284	
546.4	0.25544266	0.23682105	
546.6	0.25625012	0.23704893	
546.8	0.25665341	0.23727648	
547	0.25706455	0.2375037	
547.2	0.25762334	0.23773058	
547.4	0.25779132	0.23795713	
547.6	0.25809586	0.23818335	
547.8	0.25817897	0.23840925	
548	0.25869389	0.23863481	
548.2	0.25858012	0.23886004	
548.4	0.25866497	0.23908495	
548.6	0.2589223	0.23930952	
548.8	0.25900563	0.23953377	
549	0.25914922	0.23975769	
549.2	0.25934007	0.23998129	
549.4	0.25963956	0.24020456	
549.6	0.2598999	0.2404275	
549.8	0.26026628	0.24065012	
550	0.26055051	0.24087241	
550.2	0.26096464	0.24109438	
550.4	0.26120771	0.24131602	
550.6	0.2615291	0.24153734	
550.8	0.26187387	0.24175834	
551	0.26212056	0.24197902	
551.2	0.26269032	0.24219937	
551.4	0.26298291	0.2424194	
551.6	0.26340628	0.24263911	
551.8	0.26357279	0.24285851	
552	0.26351443	0.24307758	
552.2	0.26326998	0.24329633	
552.4	0.2635455	0.24351476	
552.6	0.26375095	0.24373287	
552.8	0.26404912	0.24395067	
553	0.26418328	0.24416814	
553.2	0.26421549	0.2443853	
553.4	0.26448679	0.24460215	
553.6	0.26449358	0.24481867	
553.8	0.26443704	0.24503488	
554	0.2644311	0.24525078	
554.2	0.26462476	0.24546636	
554.4	0.26450612	0.24568163	
554.6	0.26498652	0.24589658	
554.8	0.26526253	0.24611122	
555	0.26565534	0.24632554	
555.2	0.26610343	0.24653955	
555.4	0.26641587	0.24675325	
555.6	0.26668134	0.24696664	
555.8	0.26640088	0.24717972	
556	0.26634414	0.24739248	
556.2	0.26631995	0.24760494	
556.4	0.26654802	0.24781708	
556.6	0.26707427	0.24802892	
556.8	0.26723447	0.24824045	
557	0.26701396	0.24845167	
557.2	0.26715633	0.24866258	
557.4	0.26716323	0.24887318	
557.6	0.2673043	0.24908347	
557.8	0.26765466	0.24929346	
558	0.26786813	0.24950314	
558.2	0.2679192	0.24971252	
558.4	0.26809875	0.24992159	
558.6	0.26818839	0.25013035	
558.8	0.26782037	0.25033882	
559	0.26863985	0.25054697	
559.2	0.26933014	0.25075483	
559.4	0.26950215	0.25096237	
559.6	0.26943794	0.25116962	
559.8	0.26946837	0.25137657	
560	0.26962479	0.25158321	
560.2	0.26971889	0.25178955	
560.4	0.27008906	0.25199559	
560.6	0.27042435	0.25220133	
560.8	0.27041272	0.25240677	
561	0.2706367	0.25261191	
561.2	0.27102269	0.25281675	
561.4	0.27120195	0.25302129	
561.6	0.27144772	0.25322553	
561.8	0.27177658	0.25342948	
562	0.27146113	0.25363312	
562.2	0.2713152	0.25383647	
562.4	0.27134917	0.25403953	
562.6	0.27150519	0.25424228	
562.8	0.2714917	0.25444475	
563	0.27245935	0.25464691	
563.2	0.27276075	0.25484878	
563.4	0.272595	0.25505036	
563.6	0.27298078	0.25525164	
563.8	0.2731952	0.25545263	
564	0.27341629	0.25565333	
564.2	0.27357202	0.25585373	
564.4	0.2739618	0.25605384	
564.6	0.27429809	0.25625366	
564.8	0.27452289	0.25645318	
565	0.27471231	0.25665242	
565.2	0.27465379	0.25685136	
565.4	0.274589	0.25705002	
565.6	0.27486167	0.25724838	
565.8	0.27537371	0.25744646	
566	0.27519351	0.25764424	
566.2	0.27555848	0.25784174	
566.4	0.27587986	0.25803895	
566.6	0.27627133	0.25823587	
566.8	0.27649623	0.25843251	
567	0.27696028	0.25862886	
567.2	0.276962	0.25882492	
567.4	0.27728232	0.25902069	
567.6	0.27742906	0.25921618	
567.8	0.27755744	0.25941139	
568	0.27781363	0.25960631	
568.2	0.27787776	0.25980094	
568.4	0.27806752	0.25999529	
568.6	0.27798269	0.26018936	
568.8	0.27784098	0.26038314	
569	0.27762861	0.26057665	
569.2	0.27753834	0.26076986	
569.4	0.27760779	0.2609628	
569.6	0.27799522	0.26115546	
569.8	0.27789275	0.26134783	
570	0.27785453	0.26153993	
570.2	0.27854279	0.26173174	
570.4	0.27868289	0.26192327	
570.6	0.27916374	0.26211453	
570.8	0.27955284	0.2623055	
571	0.27974164	0.2624962	
571.2	0.28000751	0.26268662	
571.4	0.28049882	0.26287676	
571.6	0.28048869	0.26306662	
571.8	0.28074307	0.26325621	
572	0.28076893	0.26344552	
572.2	0.28068874	0.26363455	
572.4	0.28120603	0.26382331	
572.6	0.2811377	0.26401179	
572.8	0.28119776	0.2642	
573	0.28084869	0.26438793	
573.2	0.2812301	0.26457559	
573.4	0.28123147	0.26476298	
573.6	0.28117865	0.26495009	
573.8	0.28116487	0.26513693	
574	0.2815388	0.26532349	
574.2	0.28166328	0.26550979	
574.4	0.28193259	0.26569581	
574.6	0.2823936	0.26588156	
574.8	0.28274425	0.26606704	
575	0.28294516	0.26625225	
575.2	0.28317561	0.26643718	
575.4	0.28316139	0.26662185	
575.6	0.28321861	0.26680625	
575.8	0.28306448	0.26699038	
576	0.28374751	0.26717424	
576.2	0.28397487	0.26735784	
576.4	0.28460442	0.26754116	
576.6	0.28434293	0.26772422	
576.8	0.28445815	0.26790701	
577	0.28413831	0.26808953	
577.2	0.28486855	0.26827179	
577.4	0.28478173	0.26845378	
577.6	0.28487076	0.26863551	
577.8	0.28509803	0.26881697	
578	0.2850546	0.26899817	
578.2	0.28535082	0.2691791	
578.4	0.28553745	0.26935977	
578.6	0.28535141	0.26954017	
578.8	0.2855559	0.26972031	
579	0.28520424	0.26990019	
579.2	0.28484133	0.27007981	
579.4	0.28437945	0.27025916	
579.6	0.28452589	0.27043825	
579.8	0.28477466	0.27061708	
580	0.28542247	0.27079565	
580.2	0.28509549	0.27097396	
580.4	0.28529157	0.27115201	
580.6	0.2851569	0.2713298	
580.8	0.28508838	0.27150733	
581	0.28576567	0.2716846	
581.2	0.2864679	0.27186162	
581.4	0.2867751	0.27203837	
581.6	0.28722212	0.27221487	
581.8	0.28736089	0.27239111	
582	0.28786077	0.27256709	
582.2	0.28836678	0.27274281	
582.4	0.28844096	0.27291828	
582.6	0.28864138	0.27309349	
582.8	0.28918895	0.27326845	
583	0.28885521	0.27344315	
583.2	0.2889284	0.2736176	
583.4	0.2892214	0.27379179	
583.6	0.28974233	0.27396573	
583.8	0.28967783	0.27413941	
584	0.28965258	0.27431284	
584.2	0.28912973	0.27448602	
584.4	0.28915652	0.27465894	
584.6	0.28935187	0.27483162	
584.8	0.28954766	0.27500404	
585	0.29014642	0.27517621	
585.2	0.2901747	0.27534813	
585.4	0.29043021	0.27551979	
585.6	0.2903089	0.27569121	
585.8	0.29054036	0.27586238	
586	0.29130354	0.27603329	
586.2	0.29149369	0.27620396	
586.4	0.29163286	0.27637438	
586.6	0.29176246	0.27654455	
586.8	0.29226561	0.27671447	
587	0.29242977	0.27688414	
587.2	0.29272632	0.27705357	
587.4	0.29282513	0.27722275	
587.6	0.29255256	0.27739168	
587.8	0.29231219	0.27756037	
588	0.29238329	0.27772881	
588.2	0.29213995	0.277897	
588.4	0.29233725	0.27806495	
588.6	0.29294923	0.27823265	
588.8	0.29314126	0.27840011	
589	0.29336697	0.27856732	
589.2	0.29367631	0.27873429	
589.4	0.29406898	0.27890102	
589.6	0.2940249	0.2790675	
589.8	0.29444497	0.27923375	
590	0.29436692	0.27939974	
590.2	0.29396433	0.2795655	
590.4	0.29412645	0.27973101	
590.6	0.29407808	0.27989629	
590.8	0.29408306	0.28006132	
591	0.29389516	0.28022611	
591.2	0.29381333	0.28039066	
591.4	0.2935089	0.28055497	
591.6	0.29322175	0.28071904	
591.8	0.29364541	0.28088287	
592	0.29389079	0.28104646	
592.2	0.29395444	0.28120981	
592.4	0.29439109	0.28137293	
592.6	0.29470531	0.2815358	
592.8	0.29486708	0.28169844	
593	0.29512106	0.28186085	
593.2	0.29555687	0.28202301	
593.4	0.29609419	0.28218494	
593.6	0.29591613	0.28234663	
593.8	0.29564702	0.28250809	
594	0.29545366	0.28266931	
594.2	0.29557549	0.28283029	
594.4	0.29565349	0.28299104	
594.6	0.29533655	0.28315156	
594.8	0.2951594	0.28331184	
595	0.29523148	0.28347189	
595.2	0.29543892	0.2836317	
595.4	0.29566494	0.28379128	
595.6	0.29611913	0.28395063	
595.8	0.29649192	0.28410975	
596	0.29665517	0.28426863	
596.2	0.29681161	0.28442728	
596.4	0.29723945	0.2845857	
596.6	0.29752971	0.28474389	
596.8	0.29821544	0.28490185	
597	0.29868093	0.28505958	
597.2	0.29942132	0.28521708	
597.4	0.29995979	0.28537435	
597.6	0.29999764	0.28553138	
597.8	0.3001769	0.28568819	
598	0.30049985	0.28584477	
598.2	0.3007266	0.28600113	
598.4	0.30066571	0.28615725	
598.6	0.30071503	0.28631315	
598.8	0.30071231	0.28646882	
599	0.30082452	0.28662426	
599.2	0.30087874	0.28677947	
599.4	0.30096395	0.28693446	
599.6	0.30084508	0.28708922	
599.8	0.3004936	0.28724376	
600	0.3004936	0.28739809	
600.2	0.30046521	0.28726567	
600.4	0.30073933	0.2871333	
600.6	0.30035213	0.28700099	
600.8	0.30006545	0.28686875	
601	0.30000012	0.28673656	
601.2	0.29948249	0.28660444	
601.4	0.29924123	0.28647238	
601.6	0.29875435	0.28634037	
601.8	0.29850683	0.28620843	
602	0.29777837	0.28607655	
602.2	0.29714352	0.28594473	
602.4	0.29700481	0.28581298	
602.6	0.29666563	0.28568128	
602.8	0.29626209	0.28554964	
603	0.29587137	0.28541806	
603.2	0.29534569	0.28528655	
603.4	0.29464878	0.28515509	
603.6	0.29498878	0.2850237	
603.8	0.29469047	0.28489236	
604	0.29429128	0.28476109	
604.2	0.29413276	0.28462988	
604.4	0.29408437	0.28449872	
604.6	0.2933162	0.28436763	
604.8	0.2932297	0.2842366	
605	0.29315726	0.28410563	
605.2	0.29256078	0.28397472	
605.4	0.29254625	0.28384387	
605.6	0.29233759	0.28371307	
605.8	0.29266871	0.28358234	
606	0.29261508	0.28345167	
606.2	0.29232957	0.28332106	
606.4	0.29245883	0.28319051	
606.6	0.29220707	0.28306003	
606.8	0.29205164	0.2829296	
607	0.29218284	0.28279923	
607.2	0.2920668	0.28266892	
607.4	0.29171483	0.28253867	
607.6	0.29196013	0.28240848	
607.8	0.29139061	0.28227835	
608	0.29122559	0.28214828	
608.2	0.29095344	0.28201827	
608.4	0.29071379	0.28188832	
608.6	0.29031658	0.28175843	
608.8	0.29014578	0.2816286	
609	0.28960665	0.28149883	
609.2	0.28909558	0.28136912	
609.4	0.28902775	0.28123947	
609.6	0.28873572	0.28110988	
609.8	0.28870154	0.28098035	
610	0.28787481	0.28085088	
610.2	0.28710589	0.28072147	
610.4	0.28695678	0.28059212	
610.6	0.28666298	0.28046282	
610.8	0.28641014	0.28033359	
611	0.28643807	0.28020442	
611.2	0.2863934	0.2800753	
611.4	0.28616469	0.27994625	
611.6	0.28625087	0.27981726	
611.8	0.2861029	0.27968832	
612	0.28638588	0.27955944	
612.2	0.28630192	0.27943063	
612.4	0.28627113	0.27930187	
612.6	0.28605655	0.27917317	
612.8	0.28564034	0.27904454	
613	0.28486929	0.27891596	
613.2	0.28438663	0.27878744	
613.4	0.28408289	0.27865898	
613.6	0.28342808	0.27853057	
613.8	0.28314441	0.27840223	
614	0.28253484	0.27827395	
614.2	0.28239651	0.27814572	
614.4	0.2821566	0.27801756	
614.6	0.28215656	0.27788945	
614.8	0.28202058	0.27776141	
615	0.28192998	0.27763342	
615.2	0.28188213	0.27750549	
615.4	0.28189992	0.27737762	
615.6	0.2816893	0.27724981	
615.8	0.28157779	0.27712206	
616	0.28158699	0.27699436	
616.2	0.28091937	0.27686673	
616.4	0.28052765	0.27673915	
616.6	0.28012517	0.27661164	
616.8	0.27971896	0.27648418	
617	0.27872537	0.27635678	
617.2	0.27831607	0.27622944	
617.4	0.27794847	0.27610216	
617.6	0.27750147	0.27597493	
617.8	0.27744297	0.27584777	
618	0.27734784	0.27572066	
618.2	0.27705502	0.27559361	
618.4	0.27705468	0.27546663	
618.6	0.27700205	0.27533969	
618.8	0.27662047	0.27521282	
619	0.27671856	0.27508601	
619.2	0.27660064	0.27495925	
619.4	0.2766142	0.27483256	
619.6	0.27651577	0.27470592	
619.8	0.27653596	0.27457934	
620	0.27687163	0.27445282	
620.2	0.27690777	0.27432635	
620.4	0.27658342	0.27419995	
620.6	0.27661036	0.2740736	
620.8	0.27637751	0.27394731	
621	0.27574009	0.27382108	
621.2	0.27562071	0.27369491	
621.4	0.27531448	0.2735688	
621.6	0.27509965	0.27344274	
621.8	0.27477149	0.27331674	
622	0.27428	0.2731908	
622.2	0.27390322	0.27306492	
622.4	0.2735069	0.2729391	
622.6	0.27288366	0.27281333	
622.8	0.2724647	0.27268762	
623	0.27230108	0.27256197	
623.2	0.27193179	0.27243638	
623.4	0.27200226	0.27231085	
623.6	0.2720403	0.27218537	
623.8	0.27174579	0.27205995	
624	0.27177174	0.27193459	
624.2	0.27158767	0.27180929	
624.4	0.27115258	0.27168404	
624.6	0.27179682	0.27155886	
624.8	0.27176278	0.27143373	
625	0.27141273	0.27130865	
625.2	0.27138121	0.27118364	
625.4	0.27088351	0.27105868	
625.6	0.27095651	0.27093378	
625.8	0.27081633	0.27080894	
626	0.27083663	0.27068416	
626.2	0.27092785	0.27055943	
626.4	0.27061163	0.27043476	
626.6	0.27062145	0.27031015	
626.8	0.26991001	0.27018559	
627	0.26954196	0.2700611	
627.2	0.26923068	0.26993666	
627.4	0.2686518	0.26981227	
627.6	0.26802265	0.26968795	
627.8	0.26727639	0.26956368	
628	0.26705469	0.26943947	
628.2	0.26701622	0.26931532	
628.4	0.26673961	0.26919122	
628.6	0.26675713	0.26906718	
628.8	0.26647721	0.2689432	
629	0.26586468	0.26881928	
629.2	0.26607844	0.26869541	
629.4	0.26610387	0.2685716	
629.6	0.26693191	0.26844784	
629.8	0.26694791	0.26832415	
630	0.26730484	0.26820051	
630.2	0.26726753	0.26807693	
630.4	0.267094	0.2679534	
630.6	0.2665602	0.26782993	
630.8	0.26566794	0.26770652	
631	0.26509262	0.26758317	
631.2	0.26488599	0.26745987	
631.4	0.26429353	0.26733663	
631.6	0.26416153	0.26721344	
631.8	0.26412727	0.26709031	
632	0.26373841	0.26696724	
632.2	0.26334285	0.26684423	
632.4	0.2631085	0.26672127	
632.6	0.26276551	0.26659837	
632.8	0.26280756	0.26647553	
633	0.26268685	0.26635274	
633.2	0.2629747	0.26623001	
633.4	0.26336699	0.26610733	
633.6	0.26344983	0.26598472	
633.8	0.26349637	0.26586216	
634	0.26369802	0.26573965	
634.2	0.26335286	0.2656172	
634.4	0.26331641	0.26549481	
634.6	0.26285998	0.26537247	
634.8	0.26252575	0.26525019	
635	0.26201038	0.26512797	
635.2	0.26242142	0.26500581	
635.4	0.26206381	0.26488369	
635.6	0.26193432	0.26476164	
635.8	0.26189277	0.26463964	
636	0.26137503	0.2645177	
636.2	0.26137463	0.26439582	
636.4	0.26093717	0.26427399	
636.6	0.26051312	0.26415221	
636.8	0.26049645	0.2640305	
637	0.26028438	0.26390884	
637.2	0.26015214	0.26378723	
637.4	0.26001124	0.26366568	
637.6	0.25973728	0.26354419	
637.8	0.25970153	0.26342275	
638	0.2595332	0.26330137	
638.2	0.25949175	0.26318005	
638.4	0.25926263	0.26305878	
638.6	0.25866906	0.26293756	
638.8	0.25812501	0.26281641	
639	0.2580576	0.26269531	
639.2	0.2581686	0.26257426	
639.4	0.25746538	0.26245327	
639.6	0.25720587	0.26233234	
639.8	0.2572784	0.26221146	
640	0.25683169	0.26209063	
640.2	0.25650916	0.26196987	
640.4	0.25618042	0.26184916	
640.6	0.25669008	0.2617285	
640.8	0.25638731	0.2616079	
641	0.25628526	0.26148736	
641.2	0.25615904	0.26136687	
641.4	0.2558746	0.26124643	
641.6	0.2556985	0.26112605	
641.8	0.25555505	0.26100573	
642	0.25548643	0.26088546	
642.2	0.25528464	0.26076525	
642.4	0.25512461	0.2606451	
642.6	0.25522025	0.260525	
642.8	0.25470742	0.26040495	
643	0.25491999	0.26028496	
643.2	0.25445361	0.26016502	
643.4	0.25346392	0.26004514	
643.6	0.253488	0.25992532	
643.8	0.25371236	0.25980555	
644	0.25345145	0.25968584	
644.2	0.25339539	0.25956618	
644.4	0.25384288	0.25944657	
644.6	0.25394121	0.25932702	
644.8	0.25342758	0.25920753	
645	0.25291687	0.25908809	
645.2	0.25244342	0.25896871	
645.4	0.25202928	0.25884938	
645.6	0.25164877	0.25873011	
645.8	0.25121887	0.25861089	
646	0.25055545	0.25849172	
646.2	0.24997796	0.25837262	
646.4	0.25004566	0.25825356	
646.6	0.24973638	0.25813456	
646.8	0.24908788	0.25801562	
647	0.24935819	0.25789673	
647.2	0.2488608	0.25777789	
647.4	0.24857192	0.25765912	
647.6	0.24912165	0.25754039	
647.8	0.24918089	0.25742172	
648	0.24891494	0.2573031	
648.2	0.24885295	0.25718454	
648.4	0.24921053	0.25706604	
648.6	0.24897262	0.25694758	
648.8	0.24897438	0.25682919	
649	0.24842345	0.25671084	
649.2	0.24822878	0.25659256	
649.4	0.24825588	0.25647432	
649.6	0.24794017	0.25635614	
649.8	0.24754947	0.25623802	
650	0.24732228	0.25611995	
650.2	0.24744639	0.25600193	
650.4	0.24762554	0.25588397	
650.6	0.24784483	0.25576606	
650.8	0.24792032	0.25564821	
651	0.24787692	0.25553041	
651.2	0.24725641	0.25541267	
651.4	0.24720669	0.25529498	
651.6	0.24729251	0.25517734	
651.8	0.24656736	0.25505976	
652	0.24639181	0.25494223	
652.2	0.24598936	0.25482476	
652.4	0.24590303	0.25470734	
652.6	0.24539839	0.25458998	
652.8	0.24521581	0.25447267	
653	0.24476036	0.25435541	
653.2	0.24441429	0.25423821	
653.4	0.24446198	0.25412106	
653.6	0.24406744	0.25400396	
653.8	0.24388311	0.25388692	
654	0.24384844	0.25376993	
654.2	0.24361478	0.253653	
654.4	0.24365248	0.25353612	
654.6	0.24373001	0.2534193	
654.8	0.24360809	0.25330253	
655	0.2429707	0.25318581	
655.2	0.24267603	0.25306914	
655.4	0.24280464	0.25295253	
655.6	0.24252819	0.25283598	
655.8	0.2422187	0.25271947	
656	0.2424256	0.25260303	
656.2	0.24245326	0.25248663	
656.4	0.242025	0.25237029	
656.6	0.24188588	0.252254	
656.8	0.24185433	0.25213777	
657	0.24194716	0.25202159	
657.2	0.24196445	0.25190546	
657.4	0.24173266	0.25178938	
657.6	0.24191062	0.25167336	
657.8	0.24211248	0.2515574	
658	0.24189742	0.25144148	
658.2	0.2414131	0.25132562	
658.4	0.24143807	0.25120982	
658.6	0.2411272	0.25109406	
658.8	0.24093948	0.25097836	
659	0.24021075	0.25086272	
659.2	0.24005742	0.25074712	
659.4	0.2399151	0.25063158	
659.6	0.23932702	0.2505161	
659.8	0.23939442	0.25040066	
660	0.23951533	0.25028528	
660.2	0.23926972	0.25016995	
660.4	0.23851696	0.25005468	
660.6	0.23843565	0.24993946	
660.8	0.23823782	0.24982429	
661	0.23813003	0.24970918	
661.2	0.23797004	0.24959411	
661.4	0.2379122	0.2494791	
661.6	0.23832041	0.24936415	
661.8	0.23774736	0.24924925	
662	0.23739569	0.2491344	
662.2	0.23724349	0.2490196	
662.4	0.23758697	0.24890485	
662.6	0.23753731	0.24879016	
662.8	0.23725585	0.24867553	
663	0.23694778	0.24856094	
663.2	0.23641872	0.24844641	
663.4	0.23616702	0.24833193	
663.6	0.23605109	0.2482175	
663.8	0.23623118	0.24810312	
664	0.23671882	0.2479888	
664.2	0.23641068	0.24787453	
664.4	0.23628547	0.24776032	
664.6	0.23593638	0.24764615	
664.8	0.23561855	0.24753204	
665	0.23585446	0.24741798	
665.2	0.23588684	0.24730398	
665.4	0.23597332	0.24719002	
665.6	0.23577748	0.24707612	
665.8	0.23574058	0.24696227	
666	0.23631669	0.24684848	
666.2	0.23679802	0.24673473	
666.4	0.23691498	0.24662104	
666.6	0.23670336	0.2465074	
666.8	0.23569705	0.24639382	
667	0.23473045	0.24628028	
667.2	0.23427013	0.2461668	
667.4	0.23437687	0.24605337	
667.6	0.23430808	0.24593999	
667.8	0.23413793	0.24582667	
668	0.23435973	0.2457134	
668.2	0.23391992	0.24560018	
668.4	0.23365895	0.24548701	
668.6	0.23338476	0.24537389	
668.8	0.2334089	0.24526083	
669	0.23340288	0.24514781	
669.2	0.23283389	0.24503485	
669.4	0.23272808	0.24492195	
669.6	0.23231131	0.24480909	
669.8	0.23269011	0.24469629	
670	0.2326691	0.24458353	
670.2	0.23246593	0.24447083	
670.4	0.23183117	0.24435819	
670.6	0.23128191	0.24424559	
670.8	0.23031343	0.24413304	
671	0.23024316	0.24402055	
671.2	0.23025995	0.24390811	
671.4	0.23004825	0.24379572	
671.6	0.22971541	0.24368339	
671.8	0.22965661	0.2435711	
672	0.2297598	0.24345887	
672.2	0.22979958	0.24334668	
672.4	0.22989352	0.24323455	
672.6	0.23006581	0.24312248	
672.8	0.23002807	0.24301045	
673	0.22985338	0.24289847	
673.2	0.22971626	0.24278655	
673.4	0.23010847	0.24267468	
673.6	0.22955436	0.24256286	
673.8	0.22970764	0.24245109	
674	0.22894773	0.24233937	
674.2	0.22851147	0.24222771	
674.4	0.22838971	0.24211609	
674.6	0.22811668	0.24200453	
674.8	0.22778359	0.24189302	
675	0.22750454	0.24178156	
675.2	0.22696521	0.24167015	
675.4	0.22675557	0.24155879	
675.6	0.2262481	0.24144748	
675.8	0.22648054	0.24133623	
676	0.22625916	0.24122502	
676.2	0.22622251	0.24111387	
676.4	0.22641087	0.24100277	
676.6	0.22629918	0.24089172	
676.8	0.22629419	0.24078072	
677	0.22636064	0.24066977	
677.2	0.22634524	0.24055888	
677.4	0.22644177	0.24044803	
677.6	0.22592473	0.24033724	
677.8	0.2257538	0.24022649	
678	0.22560824	0.2401158	
678.2	0.22544601	0.24000516	
678.4	0.22526184	0.23989457	
678.6	0.22517975	0.23978403	
678.8	0.22496201	0.23967354	
679	0.22484479	0.2395631	
679.2	0.22463833	0.23945272	
679.4	0.22422755	0.23934238	
679.6	0.22385369	0.23923209	
679.8	0.22402691	0.23912186	
680	0.22386881	0.23901168	
680.2	0.22371452	0.23890154	
680.4	0.22362094	0.23879146	
680.6	0.22311826	0.23868143	
680.8	0.22306785	0.23857145	
681	0.22311969	0.23846152	
681.2	0.22322762	0.23835164	
681.4	0.22308839	0.23824181	
681.6	0.22298867	0.23813204	
681.8	0.22287206	0.23802231	
682	0.22279801	0.23791263	
682.2	0.22267135	0.237803	
682.4	0.22273678	0.23769343	
682.6	0.22279565	0.2375839	
682.8	0.22303882	0.23747443	
683	0.22319832	0.237365	
683.2	0.22304499	0.23725563	
683.4	0.22275682	0.23714631	
683.6	0.22244892	0.23703703	
683.8	0.22253246	0.23692781	
684	0.22255074	0.23681864	
684.2	0.22179553	0.23670952	
684.4	0.22170755	0.23660044	
684.6	0.2212344	0.23649142	
684.8	0.2210067	0.23638245	
685	0.22061835	0.23627353	
685.2	0.22054098	0.23616466	
685.4	0.21985635	0.23605584	
685.6	0.21950318	0.23594707	
685.8	0.21938571	0.23583835	
686	0.21882277	0.23572968	
686.2	0.21864409	0.23562106	
686.4	0.2182168	0.23551249	
686.6	0.21823492	0.23540397	
686.8	0.2184549	0.2352955	
687	0.21836314	0.23518708	
687.2	0.21813831	0.23507871	
687.4	0.21815405	0.23497038	
687.6	0.21799444	0.23486211	
687.8	0.21842622	0.23475389	
688	0.21853695	0.23464572	
688.2	0.21831726	0.2345376	
688.4	0.21840714	0.23442953	
688.6	0.21807416	0.23432151	
688.8	0.21796809	0.23421354	
689	0.21794763	0.23410562	
689.2	0.21799791	0.23399774	
689.4	0.21755537	0.23388992	
689.6	0.2174675	0.23378215	
689.8	0.21725151	0.23367443	
690	0.2170811	0.23356675	
690.2	0.21687489	0.23345913	
690.4	0.21676238	0.23335156	
690.6	0.21670386	0.23324403	
690.8	0.21657213	0.23313656	
691	0.21664887	0.23302913	
691.2	0.21656354	0.23292175	
691.4	0.21659291	0.23281443	
691.6	0.21653452	0.23270715	
691.8	0.21634375	0.23259992	
692	0.21606004	0.23249274	
692.2	0.21563961	0.23238562	
692.4	0.21540344	0.23227854	
692.6	0.21533785	0.23217151	
692.8	0.21523773	0.23206453	
693	0.21503488	0.23195759	
693.2	0.21478753	0.23185071	
693.4	0.21433552	0.23174388	
693.6	0.21425953	0.23163709	
693.8	0.21408567	0.23153036	
694	0.21399195	0.23142367	
694.2	0.21375183	0.23131704	
694.4	0.21368766	0.23121045	
694.6	0.21342597	0.23110391	
694.8	0.21371562	0.23099742	
695	0.21361589	0.23089098	
695.2	0.21349855	0.23078459	
695.4	0.21323944	0.23067825	
695.6	0.21307922	0.23057196	
695.8	0.21271423	0.23046572	
696	0.21260695	0.23035952	
696.2	0.21230092	0.23025337	
696.4	0.21195752	0.23014728	
696.6	0.21184009	0.23004123	
696.8	0.21136924	0.22993523	
697	0.21109805	0.22982928	
697.2	0.21067689	0.22972338	
697.4	0.21028652	0.22961753	
697.6	0.21020493	0.22951172	
697.8	0.2100044	0.22940597	
698	0.20979391	0.22930026	
698.2	0.20956207	0.2291946	
698.4	0.20915605	0.22908899	
698.6	0.20887527	0.22898343	
698.8	0.20889158	0.22887792	
699	0.20872877	0.22877246	
699.2	0.20859615	0.22866704	
699.4	0.2087498	0.22856168	
699.6	0.20871432	0.22845636	
699.8	0.20859918	0.22835109	
700	0.20835179	0.22824587	
700.2	0.20852632	0.2281407	
700.4	0.20848468	0.22803557	
700.6	0.20870288	0.2279305	
700.8	0.20874941	0.22782547	
701	0.20877963	0.22772049	
701.2	0.20849692	0.22761556	
701.4	0.20854236	0.22751068	
701.6	0.20813679	0.22740585	
701.8	0.20774402	0.22730107	
702	0.20724566	0.22719633	
702.2	0.20683847	0.22709164	
702.4	0.20694849	0.226987	
702.6	0.20686374	0.22688241	
702.8	0.20699853	0.22677786	
703	0.20686869	0.22667337	
703.2	0.20675116	0.22656892	
703.4	0.20666031	0.22646452	
703.6	0.20668595	0.22636017	
703.8	0.20648818	0.22625587	
704	0.20653857	0.22615161	
704.2	0.20648384	0.22604741	
704.4	0.20620318	0.22594325	
704.6	0.20621039	0.22583914	
704.8	0.20622802	0.22573507	
705	0.20615927	0.22563106	
705.2	0.20580466	0.22552709	
705.4	0.2056033	0.22542317	
705.6	0.20537316	0.2253193	
705.8	0.20558147	0.22521548	
706	0.20569823	0.2251117	
706.2	0.20584831	0.22500797	
706.4	0.20599821	0.22490429	
706.6	0.20599393	0.22480066	
706.8	0.2063573	0.22469708	
707	0.20609198	0.22459354	
707.2	0.20601635	0.22449005	
707.4	0.20550097	0.22438661	
707.6	0.2053106	0.22428322	
707.8	0.2046783	0.22417987	
708	0.20420559	0.22407657	
708.2	0.2033908	0.22397332	
708.4	0.20299101	0.22387012	
708.6	0.20273055	0.22376696	
708.8	0.20237521	0.22366385	
709	0.20197052	0.22356079	
709.2	0.2014537	0.22345778	
709.4	0.2014306	0.22335481	
709.6	0.20144115	0.2232519	
709.8	0.20139969	0.22314903	
710	0.20125828	0.2230462	
710.2	0.20145274	0.22294343	
710.4	0.20143261	0.2228407	
710.6	0.20155213	0.22273802	
710.8	0.20164705	0.22263538	
711	0.20167427	0.2225328	
711.2	0.20104952	0.22243026	
711.4	0.20029183	0.22232776	
711.6	0.20008998	0.22222532	
711.8	0.20010335	0.22212292	
712	0.1998441	0.22202057	
712.2	0.19973467	0.22191827	
712.4	0.19944367	0.22181601	
712.6	0.19924948	0.2217138	
712.8	0.19879091	0.22161164	
713	0.19878256	0.22150952	
713.2	0.198659	0.22140746	
713.4	0.19863884	0.22130543	
713.6	0.19830319	0.22120346	
713.8	0.1987397	0.22110153	
714	0.19896851	0.22099965	
714.2	0.19886095	0.22089782	
714.4	0.19854096	0.22079604	
714.6	0.19844484	0.2206943	
714.8	0.19819635	0.2205926	
715	0.19812421	0.22049096	
715.2	0.19761266	0.22038936	
715.4	0.19750646	0.22028781	
715.6	0.19755381	0.2201863	
715.8	0.19771586	0.22008484	
716	0.19749947	0.21998343	
716.2	0.19741847	0.21988207	
716.4	0.19697148	0.21978075	
716.6	0.19690643	0.21967948	
716.8	0.19659963	0.21957825	
717	0.19666707	0.21947708	
717.2	0.1963905	0.21937594	
717.4	0.19652428	0.21927486	
717.6	0.19644352	0.21917382	
717.8	0.19712522	0.21907283	
718	0.19672019	0.21897188	
718.2	0.19626264	0.21887099	
718.4	0.19586274	0.21877013	
718.6	0.19591156	0.21866933	
718.8	0.1960186	0.21856857	
719	0.19638049	0.21846786	
719.2	0.19639845	0.21836719	
719.4	0.1962331	0.21826657	
719.6	0.19616472	0.218166	
719.8	0.19616897	0.21806547	
720	0.19593582	0.21796499	
720.2	0.19590402	0.21786455	
720.4	0.19543853	0.21776416	
720.6	0.1952542	0.21766382	
720.8	0.19466145	0.21756353	
721	0.1944481	0.21746328	
721.2	0.19398343	0.21736307	
721.4	0.19366369	0.21726292	
721.6	0.19320545	0.2171628	
721.8	0.19304416	0.21706274	
722	0.19245873	0.21696272	
722.2	0.19214932	0.21686275	
722.4	0.19196527	0.21676282	
722.6	0.1923141	0.21666294	
722.8	0.1925489	0.21656311	
723	0.19236223	0.21646332	
723.2	0.19239474	0.21636357	
723.4	0.19276379	0.21626388	
723.6	0.19313318	0.21616423	
723.8	0.19311097	0.21606462	
724	0.19302863	0.21596506	
724.2	0.1929429	0.21586555	
724.4	0.19261926	0.21576608	
724.6	0.19273552	0.21566666	
724.8	0.19250754	0.21556728	
725	0.19216878	0.21546795	
725.2	0.19202195	0.21536867	
725.4	0.19194592	0.21526943	
725.6	0.19200015	0.21517024	
725.8	0.19206968	0.21507109	
726	0.1920541	0.21497199	
726.2	0.19179858	0.21487294	
726.4	0.19159712	0.21477393	
726.6	0.19171021	0.21467496	
726.8	0.19170725	0.21457604	
727	0.1916306	0.21447717	
727.2	0.19175632	0.21437834	
727.4	0.1917619	0.21427956	
727.6	0.19162341	0.21418082	
727.8	0.19119758	0.21408213	
728	0.19110048	0.21398349	
728.2	0.19082191	0.21388489	
728.4	0.19051397	0.21378633	
728.6	0.19038043	0.21368782	
728.8	0.18965481	0.21358936	
729	0.18973152	0.21349094	
729.2	0.18983476	0.21339257	
729.4	0.18974785	0.21329424	
729.6	0.18979481	0.21319596	
729.8	0.18956767	0.21309772	
730	0.18911416	0.21299953	
730.2	0.18861972	0.21290138	
730.4	0.18818122	0.21280328	
730.6	0.18829328	0.21270522	
730.8	0.18812445	0.21260721	
731	0.1878741	0.21250925	
731.2	0.18735977	0.21241133	
731.4	0.18697452	0.21231345	
731.6	0.1868047	0.21221562	
731.8	0.18616243	0.21211783	
732	0.18609898	0.21202009	
732.2	0.18574863	0.2119224	
732.4	0.1857214	0.21182475	
732.6	0.18587906	0.21172714	
732.8	0.18574556	0.21162958	
733	0.18635564	0.21153207	
733.2	0.18613063	0.2114346	
733.4	0.18640474	0.21133717	
733.6	0.18639908	0.21123979	
733.8	0.18627277	0.21114245	
734	0.18589047	0.21104516	
734.2	0.1857115	0.21094792	
734.4	0.18573329	0.21085072	
734.6	0.18592425	0.21075356	
734.8	0.18568012	0.21065645	
735	0.1853289	0.21055938	
735.2	0.18499364	0.21046236	
735.4	0.18484554	0.21036538	
735.6	0.18456824	0.21026845	
735.8	0.18440783	0.21017156	
736	0.18449498	0.21007472	
736.2	0.18447596	0.20997792	
736.4	0.18463171	0.20988116	
736.6	0.18481926	0.20978445	
736.8	0.18420362	0.20968779	
737	0.18426148	0.20959117	
737.2	0.18381907	0.20949459	
737.4	0.18365314	0.20939806	
737.6	0.18319249	0.20930157	
737.8	0.18263237	0.20920513	
738	0.18209683	0.20910873	
738.2	0.18190185	0.20901238	
738.4	0.18163508	0.20891607	
738.6	0.18147459	0.2088198	
738.8	0.18099223	0.20872358	
739	0.18088747	0.2086274	
739.2	0.18107672	0.20853127	
739.4	0.18098383	0.20843518	
739.6	0.18099381	0.20833914	
739.8	0.18107322	0.20824314	
740	0.18090075	0.20814719	
740.2	0.18117131	0.20805128	
740.4	0.18104798	0.20795541	
740.6	0.18113841	0.20785959	
740.8	0.18104153	0.20776381	
741	0.18136066	0.20766807	
741.2	0.18117739	0.20757238	
741.4	0.18096344	0.20747674	
741.6	0.18077148	0.20738114	
741.8	0.18065639	0.20728558	
742	0.18073572	0.20719006	
742.2	0.1805785	0.2070946	
742.4	0.18040261	0.20699917	
742.6	0.18038796	0.20690379	
742.8	0.18013415	0.20680845	
743	0.18022166	0.20671316	
743.2	0.18024006	0.20661791	
743.4	0.1798412	0.2065227	
743.6	0.17957592	0.20642754	
743.8	0.17920973	0.20633242	
744	0.17889033	0.20623734	
744.2	0.17885415	0.20614231	
744.4	0.17850822	0.20604733	
744.6	0.17864669	0.20595238	
744.8	0.17859384	0.20585748	
745	0.17841045	0.20576263	
745.2	0.17825	0.20566782	
745.4	0.17768827	0.20557305	
745.6	0.17783428	0.20547832	
745.8	0.17760655	0.20538364	
746	0.17736629	0.205289	
746.2	0.17699945	0.20519441	
746.4	0.17668013	0.20509986	
746.6	0.17675949	0.20500535	
746.8	0.17683255	0.20491089	
747	0.17698714	0.20481647	
747.2	0.17719256	0.20472209	
747.4	0.17695298	0.20462776	
747.6	0.17677415	0.20453347	
747.8	0.17669824	0.20443923	
748	0.17649924	0.20434503	
748.2	0.17637179	0.20425087	
748.4	0.17609316	0.20415675	
748.6	0.17608101	0.20406268	
748.8	0.17614392	0.20396865	
749	0.17616604	0.20387466	
749.2	0.17578757	0.20378072	
749.4	0.17521425	0.20368682	
749.6	0.17527773	0.20359297	
749.8	0.17493546	0.20349916	
750	0.17497373	0.20340539	
750.2	0.1748454	0.20331166	
750.4	0.17477176	0.20321798	
750.6	0.17490983	0.20312434	
750.8	0.17497712	0.20303074	
751	0.17517313	0.20293719	
751.2	0.17480186	0.20284368	
751.4	0.17406722	0.20275021	
751.6	0.17419502	0.20265679	
751.8	0.17393413	0.20256341	
752	0.17380407	0.20247007	
752.2	0.17351185	0.20237677	
752.4	0.17353052	0.20228352	
752.6	0.17364854	0.20219031	
752.8	0.1737488	0.20209715	
753	0.17353112	0.20200402	
753.2	0.17337561	0.20191094	
753.4	0.17321386	0.20181791	
753.6	0.17338801	0.20172491	
753.8	0.17354482	0.20163196	
754	0.1733889	0.20153905	
754.2	0.173162	0.20144619	
754.4	0.17309213	0.20135336	
754.6	0.17271016	0.20126058	
754.8	0.17246291	0.20116785	
755	0.17250442	0.20107515	
755.2	0.17223193	0.2009825	
755.4	0.17252552	0.20088989	
755.6	0.17279182	0.20079732	
755.8	0.17236378	0.2007048	
756	0.17214963	0.20061232	
756.2	0.17204205	0.20051988	
756.4	0.17231151	0.20042748	
756.6	0.17239941	0.20033513	
756.8	0.172579	0.20024282	
757	0.1723874	0.20015055	
757.2	0.1721971	0.20005832	
757.4	0.17168237	0.19996614	
757.6	0.17154225	0.199874	
757.8	0.17089293	0.1997819	
758	0.17021243	0.19968984	
758.2	0.16978622	0.19959783	
758.4	0.16945099	0.19950586	
758.6	0.16911117	0.19941393	
758.8	0.16911575	0.19932204	
759	0.16935999	0.1992302	
759.2	0.16931054	0.19913839	
759.4	0.16941354	0.19904663	
759.6	0.16897701	0.19895492	
759.8	0.1688909	0.19886324	
760	0.16918494	0.19877161	
760.2	0.16919434	0.19868002	
760.4	0.16945191	0.19858847	
760.6	0.16947623	0.19849696	
760.8	0.1694001	0.1984055	
761	0.16897734	0.19831408	
761.2	0.16887986	0.1982227	
761.4	0.16880225	0.19813136	
761.6	0.16869475	0.19804006	
761.8	0.16810659	0.19794881	
762	0.16798642	0.1978576	
762.2	0.16777566	0.19776643	
762.4	0.16769705	0.1976753	
762.6	0.16770702	0.19758422	
762.8	0.1677765	0.19749317	
763	0.16777344	0.19740217	
763.2	0.16784478	0.19731121	
763.4	0.16802448	0.19722029	
763.6	0.1679725	0.19712942	
763.8	0.16796388	0.19703858	
764	0.16758884	0.19694779	
764.2	0.16690665	0.19685704	
764.4	0.16661122	0.19676633	
764.6	0.16649795	0.19667567	
764.8	0.1661869	0.19658504	
765	0.16585951	0.19649446	
765.2	0.16588542	0.19640392	
765.4	0.16570731	0.19631342	
765.6	0.16567019	0.19622296	
765.8	0.16543192	0.19613254	
766	0.16549292	0.19604217	
766.2	0.16550127	0.19595183	
766.4	0.16516932	0.19586154	
766.6	0.16513586	0.19577129	
766.8	0.16542359	0.19568109	
767	0.16561511	0.19559092	
767.2	0.16569183	0.19550079	
767.4	0.16579025	0.19541071	
767.6	0.16534947	0.19532067	
767.8	0.16501526	0.19523067	
768	0.1644552	0.19514071	
768.2	0.16441366	0.19505079	
768.4	0.16412069	0.19496091	
768.6	0.16427002	0.19487108	
768.8	0.16409045	0.19478129	
769	0.16392315	0.19469153	
769.2	0.16395259	0.19460182	
769.4	0.16349413	0.19451215	
769.6	0.16362137	0.19442253	
769.8	0.16342766	0.19433294	
770	0.16335985	0.19424339	
770.2	0.1630412	0.19415389	
770.4	0.16293521	0.19406443	
770.6	0.16273484	0.19397501	
770.8	0.16278068	0.19388562	
771	0.16281797	0.19379629	
771.2	0.16267569	0.19370699	
771.4	0.16254971	0.19361773	
771.6	0.16246547	0.19352851	
771.8	0.16221829	0.19343934	
772	0.16209335	0.19335021	
772.2	0.16186441	0.19326111	
772.4	0.16184729	0.19317206	
772.6	0.16187891	0.19308305	
772.8	0.16175638	0.19299408	
773	0.16144957	0.19290515	
773.2	0.16123987	0.19281627	
773.4	0.16093503	0.19272742	
773.6	0.16100036	0.19263861	
773.8	0.16085031	0.19254985	
774	0.16085207	0.19246113	
774.2	0.16037682	0.19237244	
774.4	0.16021176	0.1922838	
774.6	0.15972145	0.1921952	
774.8	0.15966325	0.19210664	
775	0.15978073	0.19201812	
775.2	0.15963504	0.19192964	
775.4	0.15969582	0.1918412	
775.6	0.15981949	0.1917528	
775.8	0.15921556	0.19166445	
776	0.15926383	0.19157613	
776.2	0.15893353	0.19148786	
776.4	0.15897039	0.19139962	
776.6	0.15884582	0.19131143	
776.8	0.15895286	0.19122328	
777	0.15890855	0.19113516	
777.2	0.15868528	0.19104709	
777.4	0.15847522	0.19095906	
777.6	0.15827029	0.19087107	
777.8	0.1582655	0.19078312	
778	0.15813643	0.19069521	
778.2	0.15775861	0.19060734	
778.4	0.15781662	0.19051951	
778.6	0.15781956	0.19043172	
778.8	0.15778615	0.19034397	
779	0.1579325	0.19025627	
779.2	0.15792877	0.1901686	
779.4	0.15809792	0.19008097	
779.6	0.15802693	0.18999339	
779.8	0.1578049	0.18990584	
