Conc1	2.5E-08	
Start1	180	
Stop1	299.8	
Kobs	0.0581717488893242	
Error Kobs	0.000486965419822274	
Koff	0	
Error Koff	0	
Time1	Data1	Fit1	
180	0.00042659	0	
180.2	-0.00007866	0.00011722	
180.4	-0.0002814	0.00023299	
180.6	-0.00061349	0.00034733	
180.8	-0.00072364	0.00046026	
181	-0.00125164	0.00057179	
181.2	-0.00179445	0.00068194	
181.4	-0.001821	0.00079074	
181.6	-0.00166271	0.00089818	
181.8	-0.00149161	0.0010043	
182	-0.00095412	0.00110911	
182.2	-0.00058609	0.00121262	
182.4	-0.00001163	0.00131485	
182.6	-0.00018478	0.00141581	
182.8	0.00017186	0.00151553	
183	0.00046528	0.00161402	
183.2	0.00103656	0.00171129	
183.4	0.00186212	0.00180735	
183.6	0.0024953	0.00190223	
183.8	0.00345746	0.00199594	
184	0.00372156	0.00208848	
184.2	0.00393594	0.00217989	
184.4	0.00415379	0.00227016	
184.6	0.00433339	0.00235932	
184.8	0.00433397	0.00244737	
185	0.00351109	0.00253434	
185.2	0.003369	0.00262023	
185.4	0.00376308	0.00270506	
185.6	0.00355738	0.00278884	
185.8	0.0035214	0.00287159	
186	0.00329153	0.00295331	
186.2	0.00313047	0.00303402	
186.4	0.00311392	0.00311374	
186.6	0.00309382	0.00319247	
186.8	0.00352869	0.00327022	
187	0.00356586	0.00334702	
187.2	0.00389673	0.00342286	
187.4	0.00440815	0.00349777	
187.6	0.00447998	0.00357175	
187.8	0.00481393	0.00364482	
188	0.00439881	0.00371698	
188.2	0.00449794	0.00378826	
188.4	0.00482208	0.00385865	
188.6	0.00533303	0.00392817	
188.8	0.0055071	0.00399683	
189	0.0054599	0.00406464	
189.2	0.00612585	0.00413162	
189.4	0.00595594	0.00419776	
189.6	0.00563484	0.00426309	
189.8	0.00570617	0.00432761	
190	0.00565244	0.00439133	
190.2	0.00594222	0.00445427	
190.4	0.00588282	0.00451643	
190.6	0.00568981	0.00457782	
190.8	0.00536146	0.00463845	
191	0.00552422	0.00469833	
191.2	0.00544887	0.00475747	
191.4	0.0055932	0.00481588	
191.6	0.0054135	0.00487357	
191.8	0.00557899	0.00493054	
192	0.00523679	0.00498681	
192.2	0.005651	0.00504238	
192.4	0.00587532	0.00509727	
192.6	0.00619153	0.00515148	
192.8	0.00604614	0.00520502	
193	0.00624096	0.0052579	
193.2	0.0063987	0.00531012	
193.4	0.00570649	0.0053617	
193.6	0.00582585	0.00541264	
193.8	0.00577639	0.00546295	
194	0.00556349	0.00551263	
194.2	0.00497989	0.00556171	
194.4	0.00481563	0.00561018	
194.6	0.00513665	0.00565804	
194.8	0.00523368	0.00570532	
195	0.00542416	0.00575201	
195.2	0.00503794	0.00579813	
195.4	0.00565524	0.00584367	
195.6	0.00556081	0.00588865	
195.8	0.00515342	0.00593308	
196	0.00560661	0.00597696	
196.2	0.00599542	0.00602029	
196.4	0.00597965	0.00606309	
196.6	0.00640554	0.00610536	
196.8	0.00641652	0.00614711	
197	0.00692508	0.00618834	
197.2	0.00703072	0.00622906	
197.4	0.0073905	0.00626928	
197.6	0.00781779	0.006309	
197.8	0.00773527	0.00634823	
198	0.00711338	0.00638697	
198.2	0.00714891	0.00642524	
198.4	0.0077904	0.00646303	
198.6	0.00786539	0.00650035	
198.8	0.00734338	0.00653722	
199	0.00763165	0.00657363	
199.2	0.0075598	0.00660958	
199.4	0.00799937	0.0066451	
199.6	0.00706507	0.00668017	
199.8	0.00716359	0.00671481	
200	0.00775027	0.00674903	
200.2	0.00715353	0.00678282	
200.4	0.00727452	0.00681619	
200.6	0.00702407	0.00684915	
200.8	0.00649987	0.0068817	
201	0.00637969	0.00691385	
201.2	0.00682169	0.0069456	
201.4	0.00725827	0.00697696	
201.6	0.00644499	0.00700793	
201.8	0.0061097	0.00703852	
202	0.00579796	0.00706874	
202.2	0.00631009	0.00709857	
202.4	0.00651921	0.00712804	
202.6	0.00631559	0.00715715	
202.8	0.00660052	0.00718589	
203	0.00756171	0.00721428	
203.2	0.00774862	0.00724232	
203.4	0.00774721	0.00727001	
203.6	0.00797451	0.00729736	
203.8	0.0092257	0.00732437	
204	0.00955578	0.00735105	
204.2	0.00944523	0.0073774	
204.4	0.00968922	0.00740342	
204.6	0.00916468	0.00742912	
204.8	0.00920013	0.0074545	
205	0.00963555	0.00747957	
205.2	0.00990471	0.00750433	
205.4	0.00955459	0.00752878	
205.6	0.00860268	0.00755293	
205.8	0.00897126	0.00757679	
206	0.00853298	0.00760034	
206.2	0.00810056	0.00762361	
206.4	0.00763876	0.00764659	
206.6	0.00705414	0.00766928	
206.8	0.00721049	0.00769169	
207	0.00683182	0.00771383	
207.2	0.00617722	0.00773569	
207.4	0.00579514	0.00775729	
207.6	0.00640667	0.00777861	
207.8	0.00693618	0.00779968	
208	0.0066924	0.00782048	
208.2	0.00617243	0.00784102	
208.4	0.00638684	0.00786131	
208.6	0.00631028	0.00788135	
208.8	0.00678795	0.00790114	
209	0.00714299	0.00792069	
209.2	0.00752957	0.00794	
209.4	0.00785262	0.00795907	
209.6	0.00804757	0.0079779	
209.8	0.00879709	0.0079965	
210	0.00842926	0.00801486	
210.2	0.00852744	0.00803301	
210.4	0.00851547	0.00805092	
210.6	0.00825358	0.00806862	
210.8	0.00815357	0.0080861	
211	0.00751703	0.00810336	
211.2	0.00776524	0.0081204	
211.4	0.00793232	0.00813724	
211.6	0.00828135	0.00815387	
211.8	0.0082937	0.00817029	
212	0.00798172	0.00818651	
212.2	0.008037	0.00820253	
212.4	0.00797546	0.00821836	
212.6	0.00727485	0.00823398	
212.8	0.00740732	0.00824941	
213	0.00769306	0.00826466	
213.2	0.00778216	0.00827971	
213.4	0.00744343	0.00829458	
213.6	0.00751885	0.00830926	
213.8	0.00747155	0.00832376	
214	0.00691586	0.00833809	
214.2	0.00718861	0.00835223	
214.4	0.00723394	0.0083662	
214.6	0.00734101	0.00838	
214.8	0.00721204	0.00839363	
215	0.00807779	0.00840709	
215.2	0.00855649	0.00842038	
215.4	0.00838624	0.00843351	
215.6	0.00879988	0.00844648	
215.8	0.00892203	0.00845928	
216	0.00963702	0.00847193	
216.2	0.01002421	0.00848442	
216.4	0.00978438	0.00849676	
216.6	0.00962058	0.00850895	
216.8	0.00996088	0.00852098	
217	0.00979423	0.00853286	
217.2	0.00920939	0.0085446	
217.4	0.00937839	0.0085562	
217.6	0.00915769	0.00856765	
217.8	0.00855666	0.00857895	
218	0.00836091	0.00859012	
218.2	0.00817606	0.00860115	
218.4	0.00804148	0.00861205	
218.6	0.00765411	0.00862281	
218.8	0.00773335	0.00863343	
219	0.00851059	0.00864393	
219.2	0.00869184	0.00865429	
219.4	0.00846975	0.00866453	
219.6	0.00866085	0.00867464	
219.8	0.0089945	0.00868463	
220	0.01009772	0.00869449	
220.2	0.0104816	0.00870423	
220.4	0.01067948	0.00871385	
220.6	0.01079397	0.00872335	
220.8	0.01081842	0.00873273	
221	0.01072915	0.008742	
221.2	0.01044299	0.00875115	
221.4	0.0104043	0.00876019	
221.6	0.00957105	0.00876912	
221.8	0.00925907	0.00877794	
222	0.0090009	0.00878665	
222.2	0.00872495	0.00879525	
222.4	0.0090458	0.00880374	
222.6	0.00883599	0.00881213	
222.8	0.00902301	0.00882042	
223	0.00931525	0.0088286	
223.2	0.00924371	0.00883668	
223.4	0.00899466	0.00884467	
223.6	0.00905663	0.00885255	
223.8	0.0094552	0.00886034	
224	0.00947884	0.00886803	
224.2	0.00934484	0.00887562	
224.4	0.00910843	0.00888312	
224.6	0.00928312	0.00889053	
224.8	0.00909967	0.00889785	
225	0.00921688	0.00890507	
225.2	0.00941034	0.00891221	
225.4	0.00958449	0.00891926	
225.6	0.00960925	0.00892622	
225.8	0.00995632	0.0089331	
226	0.01030434	0.00893989	
226.2	0.01051131	0.00894659	
226.4	0.01021172	0.00895322	
226.6	0.0102105	0.00895976	
226.8	0.01048015	0.00896622	
227	0.01070446	0.0089726	
227.2	0.01026384	0.0089789	
227.4	0.01002257	0.00898513	
227.6	0.00982878	0.00899127	
227.8	0.00893259	0.00899735	
228	0.00812412	0.00900334	
228.2	0.00814744	0.00900926	
228.4	0.0081364	0.00901511	
228.6	0.00808566	0.00902089	
228.8	0.00819285	0.00902659	
229	0.0086366	0.00903223	
229.2	0.00899822	0.00903779	
229.4	0.00864507	0.00904329	
229.6	0.00901488	0.00904872	
229.8	0.00932612	0.00905408	
230	0.00937337	0.00905938	
230.2	0.00882204	0.0090646	
230.4	0.00868033	0.00906977	
230.6	0.00936202	0.00907487	
230.8	0.00968101	0.00907991	
231	0.00965774	0.00908488	
231.2	0.00957094	0.0090898	
231.4	0.00979761	0.00909465	
231.6	0.00939953	0.00909945	
231.8	0.0086525	0.00910418	
232	0.00889348	0.00910885	
232.2	0.00879724	0.00911347	
232.4	0.00910039	0.00911803	
232.6	0.00929102	0.00912254	
232.8	0.00987466	0.00912699	
233	0.00967701	0.00913138	
233.2	0.00978271	0.00913572	
233.4	0.01013995	0.00914001	
233.6	0.01065054	0.00914424	
233.8	0.01035286	0.00914842	
234	0.01005561	0.00915255	
234.2	0.00964291	0.00915662	
234.4	0.01005947	0.00916065	
234.6	0.01036273	0.00916463	
234.8	0.01050912	0.00916856	
235	0.01048821	0.00917244	
235.2	0.01002343	0.00917627	
235.4	0.00995664	0.00918005	
235.6	0.00906579	0.00918379	
235.8	0.00951297	0.00918748	
236	0.00971435	0.00919113	
236.2	0.00962815	0.00919473	
236.4	0.01068597	0.00919829	
236.6	0.01104168	0.0092018	
236.8	0.01103207	0.00920527	
237	0.01101856	0.00920869	
237.2	0.01161241	0.00921208	
237.4	0.01212615	0.00921542	
237.6	0.01148935	0.00921872	
237.8	0.01143544	0.00922198	
238	0.0113746	0.0092252	
238.2	0.01137468	0.00922838	
238.4	0.01136441	0.00923152	
238.6	0.01096674	0.00923462	
238.8	0.01049544	0.00923768	
239	0.00982593	0.00924071	
239.2	0.00899625	0.0092437	
239.4	0.00871163	0.00924665	
239.6	0.00815812	0.00924956	
239.8	0.00824679	0.00925244	
240	0.00824679	0.00925528	
240.2	0.00844652	0.00914823	
240.4	0.00886921	0.00904241	
240.6	0.00878292	0.00893782	
240.8	0.00899166	0.00883443	
241	0.00824022	0.00873225	
241.2	0.00835953	0.00863124	
241.4	0.00834538	0.0085314	
241.6	0.00829749	0.00843272	
241.8	0.00807442	0.00833518	
242	0.00783926	0.00823877	
242.2	0.0077204	0.00814347	
242.4	0.00764498	0.00804928	
242.6	0.00730834	0.00795617	
242.8	0.00729017	0.00786414	
243	0.00719099	0.00777318	
243.2	0.00664021	0.00768327	
243.4	0.00694207	0.0075944	
243.6	0.00680779	0.00750655	
243.8	0.00737154	0.00741972	
244	0.00737763	0.0073339	
244.2	0.00815985	0.00724907	
244.4	0.00823862	0.00716522	
244.6	0.00806891	0.00708234	
244.8	0.00836663	0.00700042	
245	0.00760776	0.00691945	
245.2	0.00769489	0.00683941	
245.4	0.00752801	0.0067603	
245.6	0.00741573	0.0066821	
245.8	0.00719479	0.00660481	
246	0.00629283	0.00652841	
246.2	0.00631506	0.0064529	
246.4	0.00561478	0.00637826	
246.6	0.00493132	0.00630448	
246.8	0.00451303	0.00623156	
247	0.00447637	0.00615948	
247.2	0.00466228	0.00608823	
247.4	0.00444631	0.00601781	
247.6	0.0042147	0.0059482	
247.8	0.00466605	0.0058794	
248	0.00426406	0.00581139	
248.2	0.00396804	0.00574417	
248.4	0.00383131	0.00567773	
248.6	0.00386136	0.00561206	
248.8	0.00365978	0.00554714	
249	0.00321158	0.00548298	
249.2	0.00354734	0.00541956	
249.4	0.0037113	0.00535687	
249.6	0.00380201	0.00529491	
249.8	0.00362154	0.00523366	
250	0.0037062	0.00517313	
250.2	0.00483898	0.00511329	
250.4	0.00436939	0.00505414	
250.6	0.00497899	0.00499568	
250.8	0.00549595	0.0049379	
251	0.00590305	0.00488078	
251.2	0.00605373	0.00482433	
251.4	0.00569632	0.00476852	
251.6	0.00553474	0.00471337	
251.8	0.00504163	0.00465885	
252	0.00410893	0.00460496	
252.2	0.00359253	0.00455169	
252.4	0.00314513	0.00449904	
252.6	0.00242212	0.004447	
252.8	0.00256211	0.00439556	
253	0.00241756	0.00434472	
253.2	0.00255643	0.00429447	
253.4	0.00206729	0.00424479	
253.6	0.00208466	0.00419569	
253.8	0.00230441	0.00414716	
254	0.00259348	0.00409919	
254.2	0.00297468	0.00405178	
254.4	0.00286187	0.00400491	
254.6	0.00311917	0.00395859	
254.8	0.00297834	0.0039128	
255	0.00289712	0.00386754	
255.2	0.00302152	0.0038228	
255.4	0.00259268	0.00377858	
255.6	0.00234443	0.00373488	
255.8	0.00261459	0.00369168	
256	0.00217514	0.00364898	
256.2	0.00188572	0.00360677	
256.4	0.00194152	0.00356505	
256.6	0.00208796	0.00352381	
256.8	0.00267537	0.00348305	
257	0.00268357	0.00344276	
257.2	0.0027407	0.00340294	
257.4	0.00275712	0.00336358	
257.6	0.00251389	0.00332467	
257.8	0.00300688	0.00328622	
258	0.00291669	0.00324821	
258.2	0.00292474	0.00321063	
258.4	0.00292613	0.0031735	
258.6	0.002465	0.00313679	
258.8	0.00305708	0.00310051	
259	0.00232468	0.00306464	
259.2	0.00227172	0.00302919	
259.4	0.00205929	0.00299416	
259.6	0.00171687	0.00295952	
259.8	0.00202256	0.00292529	
260	0.00142931	0.00289145	
260.2	0.00144061	0.00285801	
260.4	0.00110173	0.00282495	
260.6	0.0007335	0.00279227	
260.8	0.00110554	0.00275998	
261	0.000684	0.00272805	
261.2	0.00025109	0.0026965	
261.4	0.00063865	0.00266531	
261.6	0.00072598	0.00263448	
261.8	0.0007447	0.002604	
262	0.00013659	0.00257388	
262.2	0.00006834	0.00254411	
262.4	0.000661	0.00251468	
262.6	0.00032874	0.0024856	
262.8	0.00059832	0.00245685	
263	0.00006364	0.00242843	
263.2	0.00035213	0.00240034	
263.4	0.00024083	0.00237257	
263.6	0.00028524	0.00234513	
263.8	0.00058074	0.002318	
264	-0.00008054	0.00229119	
264.2	-0.00056795	0.00226469	
264.4	-0.0008272	0.0022385	
264.6	-0.00055924	0.0022126	
264.8	-0.00023763	0.00218701	
265	-0.0007055	0.00216171	
265.2	-0.00040215	0.00213671	
265.4	0.00009266	0.00211199	
265.6	0.00011002	0.00208756	
265.8	-0.00052347	0.00206342	
266	-0.00000057	0.00203955	
266.2	0.00041013	0.00201596	
266.4	0.00090336	0.00199264	
266.6	0.00074622	0.00196959	
266.8	0.0013806	0.00194681	
267	0.00161262	0.00192429	
267.2	0.00165143	0.00190203	
267.4	0.0019266	0.00188003	
267.6	0.00166014	0.00185829	
267.8	0.00161445	0.00183679	
268	0.00140758	0.00181554	
268.2	0.00105451	0.00179454	
268.4	0.00104837	0.00177379	
268.6	0.00098791	0.00175327	
268.8	0.00081185	0.00173299	
269	0.00050047	0.00171294	
269.2	0.00044125	0.00169313	
269.4	0.00064736	0.00167355	
269.6	0.00023307	0.00165419	
269.8	-0.00011274	0.00163505	
270	0.00019193	0.00161614	
270.2	-0.00004457	0.00159745	
270.4	0.00027837	0.00157897	
270.6	-0.00000211	0.00156071	
270.8	0.00058839	0.00154265	
271	0.00025936	0.00152481	
271.2	0.00003294	0.00150717	
271.4	0.0002826	0.00148974	
271.6	-0.00033478	0.00147251	
271.8	-0.00017239	0.00145548	
272	-0.00030545	0.00143864	
272.2	-0.00093462	0.001422	
272.4	-0.00096229	0.00140555	
272.6	-0.00144768	0.00138929	
272.8	-0.00130688	0.00137322	
273	-0.00158831	0.00135734	
273.2	-0.00173373	0.00134164	
273.4	-0.00131488	0.00132612	
273.6	-0.00158363	0.00131078	
273.8	-0.00164731	0.00129562	
274	-0.00150292	0.00128063	
274.2	-0.00151617	0.00126582	
274.4	-0.00074633	0.00125118	
274.6	-0.00055728	0.00123671	
274.8	0.00011119	0.0012224	
275	-0.00044014	0.00120826	
275.2	-0.00044078	0.00119429	
275.4	0.00000022	0.00118047	
275.6	-0.00023074	0.00116682	
275.8	-0.00017766	0.00115332	
276	-0.00014024	0.00113998	
276.2	-0.00070188	0.00112679	
276.4	-0.00107757	0.00111376	
276.6	-0.00200101	0.00110088	
276.8	-0.00180048	0.00108814	
277	-0.00228534	0.00107556	
277.2	-0.0025963	0.00106312	
277.4	-0.00215057	0.00105082	
277.6	-0.00226825	0.00103867	
277.8	-0.00265858	0.00102665	
278	-0.00244941	0.00101478	
278.2	-0.00268182	0.00100304	
278.4	-0.00215987	0.00099144	
278.6	-0.00197887	0.00097997	
278.8	-0.00182377	0.00096863	
279	-0.00237608	0.00095743	
279.2	-0.00197612	0.00094635	
279.4	-0.00169948	0.00093541	
279.6	-0.00186158	0.00092459	
279.8	-0.0018417	0.00091389	
280	-0.00138058	0.00090332	
280.2	-0.00125753	0.00089287	
280.4	-0.00102206	0.00088255	
280.6	-0.00153733	0.00087234	
280.8	-0.00107327	0.00086225	
281	-0.00142701	0.00085227	
281.2	-0.001154	0.00084242	
281.4	-0.00056336	0.00083267	
281.6	-0.00050372	0.00082304	
281.8	-0.00060984	0.00081352	
282	-0.0004583	0.00080411	
282.2	-0.00079797	0.00079481	
282.4	-0.00069872	0.00078562	
282.6	-0.00131336	0.00077653	
282.8	-0.00197523	0.00076755	
283	-0.00275702	0.00075867	
283.2	-0.00278142	0.00074989	
283.4	-0.00294054	0.00074122	
283.6	-0.00316964	0.00073265	
283.8	-0.00300073	0.00072417	
284	-0.00281642	0.00071579	
284.2	-0.00304948	0.00070751	
284.4	-0.00333485	0.00069933	
284.6	-0.00343298	0.00069124	
284.8	-0.00339722	0.00068325	
285	-0.00342429	0.00067534	
285.2	-0.00316875	0.00066753	
285.4	-0.00307422	0.00065981	
285.6	-0.00314798	0.00065218	
285.8	-0.00285807	0.00064463	
286	-0.00298981	0.00063718	
286.2	-0.00308259	0.00062981	
286.4	-0.00355278	0.00062252	
286.6	-0.00444003	0.00061532	
286.8	-0.00451869	0.0006082	
287	-0.00486575	0.00060117	
287.2	-0.00415081	0.00059422	
287.4	-0.0033842	0.00058734	
287.6	-0.00359772	0.00058055	
287.8	-0.00298412	0.00057383	
288	-0.00314121	0.0005672	
288.2	-0.00321292	0.00056064	
288.4	-0.00228697	0.00055415	
288.6	-0.00219904	0.00054774	
288.8	-0.00185958	0.00054141	
289	-0.00152749	0.00053514	
289.2	-0.00154215	0.00052895	
289.4	-0.00162189	0.00052283	
289.6	-0.0018565	0.00051679	
289.8	-0.00180637	0.00051081	
290	-0.0021009	0.0005049	
290.2	-0.00198561	0.00049906	
290.4	-0.0027261	0.00049329	
290.6	-0.00334014	0.00048758	
290.8	-0.00293691	0.00048194	
291	-0.00290551	0.00047637	
291.2	-0.00209392	0.00047086	
291.4	-0.00172755	0.00046541	
291.6	-0.00192153	0.00046003	
291.8	-0.00121429	0.00045471	
292	-0.00137482	0.00044945	
292.2	-0.00060404	0.00044425	
292.4	-0.00042098	0.00043911	
292.6	-0.00098319	0.00043403	
292.8	-0.00039727	0.00042901	
293	-0.00096599	0.00042405	
293.2	-0.001785	0.00041914	
293.4	-0.0029505	0.0004143	
293.6	-0.00363481	0.0004095	
293.8	-0.00393511	0.00040477	
294	-0.00434856	0.00040008	
294.2	-0.0048803	0.00039546	
294.4	-0.00527577	0.00039088	
294.6	-0.00542264	0.00038636	
294.8	-0.00496184	0.00038189	
295	-0.00471587	0.00037747	
295.2	-0.00398728	0.00037311	
295.4	-0.00383855	0.00036879	
295.6	-0.00320969	0.00036453	
295.8	-0.002388	0.00036031	
296	-0.00199777	0.00035614	
296.2	-0.00155043	0.00035202	
296.4	-0.00163728	0.00034795	
296.6	-0.00139675	0.00034393	
296.8	-0.00154273	0.00033995	
297	-0.0018162	0.00033602	
297.2	-0.00194551	0.00033213	
297.4	-0.00260755	0.00032829	
297.6	-0.00248721	0.00032449	
297.8	-0.00229697	0.00032074	
298	-0.00247683	0.00031703	
298.2	-0.00244007	0.00031336	
298.4	-0.00211656	0.00030974	
298.6	-0.00216812	0.00030615	
298.8	-0.00200462	0.00030261	
299	-0.00189765	0.00029911	
299.2	-0.00207323	0.00029565	
299.4	-0.00228358	0.00029223	
299.6	-0.00172777	0.00028885	
299.8	-0.00162537	0.00028551	
