Conc1	5E-08	
Start1	180	
Stop1	299.8	
Kobs	0.119014237372356	
Error Kobs	0.0015832293296416	
Koff	0	
Error Koff	0	
Time1	Data1	Fit1	
180	0.00464206	0	
180.2	0.00549305	0.00052035	
180.4	0.00612599	0.00102636	
180.6	0.00692399	0.00151841	
180.8	0.0081413	0.0019969	
181	0.00898431	0.0024622	
181.2	0.00950657	0.00291466	
181.4	0.00981033	0.00335466	
181.6	0.01018076	0.00378252	
181.8	0.01063214	0.00419858	
182	0.01071582	0.00460317	
182.2	0.0108498	0.00499661	
182.4	0.01039853	0.0053792	
182.6	0.01036426	0.00575124	
182.8	0.01019899	0.00611302	
183	0.00998253	0.00646483	
183.2	0.01016271	0.00680694	
183.4	0.00949358	0.00713961	
183.6	0.00966711	0.00746312	
183.8	0.00947682	0.0077777	
184	0.00874023	0.00808361	
184.2	0.00914827	0.00838109	
184.4	0.00917192	0.00867036	
184.6	0.00979588	0.00895166	
184.8	0.01082062	0.0092252	
185	0.01109077	0.0094912	
185.2	0.01122176	0.00974987	
185.4	0.01196222	0.0100014	
185.6	0.01232924	0.010246	
185.8	0.0124685	0.01048386	
186	0.01261283	0.01071515	
186.2	0.01288106	0.01094007	
186.4	0.01278309	0.01115879	
186.6	0.01305215	0.01137148	
186.8	0.0129495	0.0115783	
187	0.01273866	0.01177943	
187.2	0.01281295	0.011975	
187.4	0.01244531	0.01216519	
187.6	0.01248462	0.01235013	
187.8	0.01184418	0.01252997	
188	0.0114022	0.01270485	
188.2	0.01240128	0.01287491	
188.4	0.01262935	0.01304028	
188.6	0.01315559	0.0132011	
188.8	0.01419859	0.01335747	
189	0.01443811	0.01350954	
189.2	0.01477445	0.01365742	
189.4	0.01527694	0.01380121	
189.6	0.01474076	0.01394105	
189.8	0.01471829	0.01407702	
190	0.01516899	0.01420925	
190.2	0.01550611	0.01433783	
190.4	0.01575216	0.01446287	
190.6	0.01577984	0.01458446	
190.8	0.01578637	0.0147027	
191	0.0157089	0.01481768	
191.2	0.01601457	0.01492948	
191.4	0.01585267	0.01503821	
191.6	0.01628017	0.01514393	
191.8	0.0157544	0.01524675	
192	0.01553785	0.01534672	
192.2	0.01632089	0.01544394	
192.4	0.01626809	0.01553848	
192.6	0.01679874	0.01563042	
192.8	0.01750232	0.01571982	
193	0.01738012	0.01580675	
193.2	0.01749529	0.01589129	
193.4	0.01731113	0.01597349	
193.6	0.01697184	0.01605343	
193.8	0.01669619	0.01613117	
194	0.01637004	0.01620676	
194.2	0.01642405	0.01628027	
194.4	0.01613939	0.01635175	
194.6	0.01619167	0.01642126	
194.8	0.01667693	0.01648885	
195	0.01702653	0.01655458	
195.2	0.01731419	0.0166185	
195.4	0.01727157	0.01668066	
195.6	0.01735395	0.0167411	
195.8	0.01702084	0.01679987	
196	0.01692834	0.01685703	
196.2	0.01767589	0.01691261	
196.4	0.01802774	0.01696666	
196.6	0.0186017	0.01701921	
196.8	0.01903582	0.01707032	
197	0.01862935	0.01712002	
197.2	0.01883812	0.01716835	
197.4	0.01875579	0.01721534	
197.6	0.01861206	0.01726104	
197.8	0.01811645	0.01730548	
198	0.01812214	0.0173487	
198.2	0.01835363	0.01739072	
198.4	0.01811018	0.01743158	
198.6	0.01830822	0.01747132	
198.8	0.01860842	0.01750996	
199	0.01848473	0.01754754	
199.2	0.01801811	0.01758408	
199.4	0.01736255	0.01761961	
199.6	0.01714241	0.01765417	
199.8	0.01716749	0.01768777	
200	0.01729106	0.01772044	
200.2	0.01743387	0.01775222	
200.4	0.01742948	0.01778311	
200.6	0.01803543	0.01781316	
200.8	0.01822554	0.01784238	
201	0.01818897	0.01787079	
201.2	0.01870979	0.01789842	
201.4	0.0187684	0.01792528	
201.6	0.01897058	0.01795141	
201.8	0.01888672	0.01797681	
202	0.01954516	0.01800152	
202.2	0.01949331	0.01802554	
202.4	0.01960763	0.0180489	
202.6	0.01963206	0.01807162	
202.8	0.01962122	0.01809371	
203	0.01909851	0.01811519	
203.2	0.01875712	0.01813608	
203.4	0.01862728	0.0181564	
203.6	0.0188025	0.01817615	
203.8	0.01845293	0.01819536	
204	0.01833914	0.01821404	
204.2	0.01785827	0.0182322	
204.4	0.01796528	0.01824987	
204.6	0.01798016	0.01826704	
204.8	0.01748598	0.01828375	
205	0.01730638	0.01829999	
205.2	0.01723318	0.01831578	
205.4	0.01763847	0.01833114	
205.6	0.01803201	0.01834608	
205.8	0.01759598	0.0183606	
206	0.01803264	0.01837472	
206.2	0.01791618	0.01838846	
206.4	0.01843934	0.01840181	
206.6	0.01803015	0.0184148	
206.8	0.01772513	0.01842743	
207	0.01752965	0.01843971	
207.2	0.01813862	0.01845165	
207.4	0.01847588	0.01846326	
207.6	0.01846196	0.01847456	
207.8	0.01822181	0.01848554	
208	0.01821681	0.01849622	
208.2	0.01853033	0.0185066	
208.4	0.0185428	0.0185167	
208.6	0.01853757	0.01852652	
208.8	0.01857166	0.01853607	
209	0.0190595	0.01854535	
209.2	0.01939518	0.01855438	
209.4	0.0200861	0.01856316	
209.6	0.02003136	0.0185717	
209.8	0.01886927	0.01858	
210	0.01906183	0.01858808	
210.2	0.01866823	0.01859593	
210.4	0.01846297	0.01860356	
210.6	0.01771397	0.01861099	
210.8	0.01762469	0.01861821	
211	0.01791837	0.01862523	
211.2	0.01806232	0.01863206	
211.4	0.01779144	0.0186387	
211.6	0.01743672	0.01864515	
211.8	0.01713272	0.01865143	
212	0.01729212	0.01865753	
212.2	0.01748025	0.01866347	
212.4	0.01731114	0.01866924	
212.6	0.01743599	0.01867486	
212.8	0.0175438	0.01868032	
213	0.01753178	0.01868562	
213.2	0.01767608	0.01869079	
213.4	0.01803861	0.01869581	
213.6	0.01741675	0.01870069	
213.8	0.01705287	0.01870543	
214	0.01733797	0.01871005	
214.2	0.01674805	0.01871454	
214.4	0.01634959	0.0187189	
214.6	0.01657279	0.01872315	
214.8	0.01688387	0.01872727	
215	0.01752689	0.01873129	
215.2	0.01734271	0.01873519	
215.4	0.01770028	0.01873899	
215.6	0.01806141	0.01874268	
215.8	0.01801424	0.01874627	
216	0.01849624	0.01874976	
216.2	0.01914967	0.01875315	
216.4	0.01936498	0.01875645	
216.6	0.01954138	0.01875966	
216.8	0.02024515	0.01876278	
217	0.02031088	0.01876581	
217.2	0.02062993	0.01876876	
217.4	0.02050504	0.01877163	
217.6	0.01969157	0.01877442	
217.8	0.01995173	0.01877714	
218	0.01930262	0.01877978	
218.2	0.01870439	0.01878234	
218.4	0.01844009	0.01878484	
218.6	0.01889782	0.01878726	
218.8	0.01924814	0.01878962	
219	0.01965682	0.01879192	
219.2	0.0196015	0.01879415	
219.4	0.019821	0.01879632	
219.6	0.02048405	0.01879843	
219.8	0.02056838	0.01880048	
220	0.02145126	0.01880248	
220.2	0.02154585	0.01880442	
220.4	0.02078582	0.0188063	
220.6	0.02098505	0.01880814	
220.8	0.02055534	0.01880992	
221	0.0200177	0.01881166	
221.2	0.01978946	0.01881334	
221.4	0.01873266	0.01881498	
221.6	0.01790284	0.01881658	
221.8	0.01806743	0.01881813	
222	0.01745153	0.01881964	
222.2	0.01727182	0.01882111	
222.4	0.01686279	0.01882253	
222.6	0.01716112	0.01882392	
222.8	0.01738317	0.01882527	
223	0.01746083	0.01882658	
223.2	0.0174312	0.01882786	
223.4	0.01800474	0.0188291	
223.6	0.01904089	0.0188303	
223.8	0.01907739	0.01883148	
224	0.01942907	0.01883262	
224.2	0.0188426	0.01883372	
224.4	0.01788869	0.0188348	
224.6	0.01788646	0.01883585	
224.8	0.01764666	0.01883687	
225	0.01780927	0.01883786	
225.2	0.01750751	0.01883883	
225.4	0.01727668	0.01883977	
225.6	0.01708916	0.01884068	
225.8	0.0170383	0.01884157	
226	0.01716562	0.01884243	
226.2	0.01737017	0.01884327	
226.4	0.01783354	0.01884408	
226.6	0.01872106	0.01884487	
226.8	0.01892141	0.01884565	
227	0.01921175	0.0188464	
227.2	0.01933688	0.01884712	
227.4	0.02012992	0.01884783	
227.6	0.02067336	0.01884852	
227.8	0.02078119	0.01884919	
228	0.02044527	0.01884985	
228.2	0.02012977	0.01885048	
228.4	0.0198108	0.0188511	
228.6	0.01987071	0.0188517	
228.8	0.02007314	0.01885228	
229	0.0200918	0.01885285	
229.2	0.02004323	0.0188534	
229.4	0.01993635	0.01885393	
229.6	0.01922443	0.01885446	
229.8	0.01910858	0.01885496	
230	0.01896861	0.01885546	
230.2	0.01833772	0.01885593	
230.4	0.01874226	0.0188564	
230.6	0.01888491	0.01885685	
230.8	0.01831235	0.0188573	
231	0.01777402	0.01885772	
231.2	0.01710609	0.01885814	
231.4	0.01676094	0.01885855	
231.6	0.01666933	0.01885894	
231.8	0.01645069	0.01885932	
232	0.01618193	0.0188597	
232.2	0.01608195	0.01886006	
232.4	0.01550812	0.01886041	
232.6	0.01520263	0.01886075	
232.8	0.01605408	0.01886109	
233	0.01614559	0.01886141	
233.2	0.01607324	0.01886173	
233.4	0.01610171	0.01886203	
233.6	0.01622211	0.01886233	
233.8	0.01650695	0.01886262	
234	0.01636574	0.0188629	
234.2	0.01680784	0.01886318	
234.4	0.01843484	0.01886344	
234.6	0.01820706	0.0188637	
234.8	0.01765458	0.01886395	
235	0.01819196	0.0188642	
235.2	0.01840593	0.01886444	
235.4	0.01922217	0.01886467	
235.6	0.02017888	0.0188649	
235.8	0.02041588	0.01886511	
236	0.01988532	0.01886533	
236.2	0.01945423	0.01886553	
236.4	0.01936775	0.01886574	
236.6	0.02030801	0.01886593	
236.8	0.02062639	0.01886612	
237	0.02046449	0.01886631	
237.2	0.02045425	0.01886649	
237.4	0.02029715	0.01886666	
237.6	0.02034606	0.01886683	
237.8	0.02017307	0.018867	
238	0.0198275	0.01886716	
238.2	0.01983848	0.01886732	
238.4	0.01963779	0.01886747	
238.6	0.01853756	0.01886762	
238.8	0.01852341	0.01886776	
239	0.01903665	0.0188679	
239.2	0.01886048	0.01886804	
239.4	0.01901852	0.01886817	
239.6	0.01869927	0.0188683	
239.8	0.01810581	0.01886842	
240	0.01810581	0.01886855	
240.2	0.01808702	0.01842473	
240.4	0.01866964	0.01799134	
240.6	0.01855191	0.01756815	
240.8	0.0184592	0.01715492	
241	0.01801461	0.0167514	
241.2	0.01734251	0.01635738	
241.4	0.01694321	0.01597263	
241.6	0.01601896	0.01559692	
241.8	0.01515442	0.01523005	
242	0.01451623	0.01487182	
242.2	0.01383615	0.014522	
242.4	0.01362882	0.01418042	
242.6	0.01312241	0.01384687	
242.8	0.01231207	0.01352117	
243	0.0115779	0.01320313	
243.2	0.01089651	0.01289257	
243.4	0.01048172	0.01258931	
243.6	0.01037601	0.01229319	
243.8	0.01071181	0.01200403	
244	0.01089801	0.01172167	
244.2	0.01050422	0.01144596	
244.4	0.01041082	0.01117673	
244.6	0.00950933	0.01091383	
244.8	0.00925356	0.01065712	
245	0.00873475	0.01040644	
245.2	0.00824535	0.01016167	
245.4	0.00767145	0.00992264	
245.6	0.00721858	0.00968925	
245.8	0.00677272	0.00946134	
246	0.00658738	0.00923879	
246.2	0.00662087	0.00902148	
246.4	0.00666293	0.00880928	
246.6	0.00607689	0.00860207	
246.8	0.00603835	0.00839973	
247	0.0059738	0.00820215	
247.2	0.00603669	0.00800922	
247.4	0.00654055	0.00782083	
247.6	0.00670604	0.00763687	
247.8	0.00739648	0.00745724	
248	0.00686478	0.00728183	
248.2	0.0068036	0.00711055	
248.4	0.00672481	0.0069433	
248.6	0.00703044	0.00677998	
248.8	0.00760173	0.0066205	
249	0.00741898	0.00646478	
249.2	0.00718859	0.00631271	
249.4	0.00664857	0.00616423	
249.6	0.00648807	0.00601923	
249.8	0.00582991	0.00587765	
250	0.00514703	0.0057394	
250.2	0.0046569	0.0056044	
250.4	0.0042274	0.00547257	
250.6	0.00391727	0.00534385	
250.8	0.00394961	0.00521815	
251	0.00393051	0.00509541	
251.2	0.00444473	0.00497555	
251.4	0.00450912	0.00485852	
251.6	0.00435994	0.00474424	
251.8	0.00480405	0.00463265	
252	0.00401807	0.00452368	
252.2	0.00413482	0.00441727	
252.4	0.00405154	0.00431337	
252.6	0.00446144	0.00421191	
252.8	0.0038394	0.00411284	
253	0.00324701	0.0040161	
253.2	0.00286003	0.00392163	
253.4	0.00207701	0.00382939	
253.6	0.0019496	0.00373932	
253.8	0.00174631	0.00365136	
254	0.00128037	0.00356547	
254.2	0.00134142	0.00348161	
254.4	0.0016708	0.00339971	
254.6	0.00199794	0.00331975	
254.8	0.00246359	0.00324166	
255	0.00292982	0.00316541	
255.2	0.00310817	0.00309095	
255.4	0.00288744	0.00301825	
255.6	0.00270225	0.00294726	
255.8	0.00300797	0.00287793	
256	0.00264703	0.00281024	
256.2	0.00300421	0.00274413	
256.4	0.00238702	0.00267959	
256.6	0.0027958	0.00261656	
256.8	0.00249022	0.00255501	
257	0.00233576	0.00249491	
257.2	0.00241253	0.00243623	
257.4	0.00210821	0.00237892	
257.6	0.00197928	0.00232297	
257.8	0.0019503	0.00226833	
258	0.00131776	0.00221497	
258.2	0.00155487	0.00216287	
258.4	0.0016134	0.002112	
258.6	0.00160843	0.00206232	
258.8	0.00176302	0.00201381	
259	0.00173392	0.00196644	
259.2	0.00177145	0.00192019	
259.4	0.00173486	0.00187502	
259.6	0.00160879	0.00183092	
259.8	0.0016089	0.00178785	
260	0.00146482	0.0017458	
260.2	0.00141202	0.00170473	
260.4	0.00094426	0.00166464	
260.6	0.00163592	0.00162548	
260.8	0.00153386	0.00158725	
261	0.00166978	0.00154991	
261.2	0.00188183	0.00151345	
261.4	0.00148482	0.00147785	
261.6	0.00091794	0.00144309	
261.8	0.00070046	0.00140915	
262	-0.00016788	0.001376	
262.2	0.0001293	0.00134364	
262.4	-0.0003291	0.00131203	
262.6	-0.00058813	0.00128117	
262.8	-0.00041462	0.00125104	
263	-0.00026695	0.00122161	
263.2	-0.00031679	0.00119287	
263.4	-0.00069009	0.00116482	
263.6	-0.00064188	0.00113742	
263.8	-0.0002459	0.00111066	
264	0.00003836	0.00108454	
264.2	0.000069	0.00105903	
264.4	-0.00046918	0.00103412	
264.6	-0.00043285	0.00100979	
264.8	-0.00024942	0.00098604	
265	0.00021652	0.00096285	
265.2	-0.00002836	0.0009402	
265.4	-0.00000633	0.00091809	
265.6	-0.00028597	0.00089649	
265.8	-0.00072009	0.0008754	
266	-0.00100771	0.00085481	
266.2	-0.0007568	0.00083471	
266.4	-0.00081417	0.00081507	
266.6	-0.00089002	0.0007959	
266.8	-0.00068613	0.00077718	
267	-0.00071861	0.0007589	
267.2	-0.00082542	0.00074105	
267.4	-0.00082313	0.00072362	
267.6	-0.00064964	0.0007066	
267.8	-0.00036776	0.00068998	
268	-0.00048671	0.00067375	
268.2	-0.00104234	0.0006579	
268.4	-0.00152099	0.00064242	
268.6	-0.00145532	0.00062731	
268.8	-0.00133148	0.00061256	
269	-0.00099875	0.00059815	
269.2	-0.00125908	0.00058408	
269.4	-0.00099398	0.00057034	
269.6	-0.00127422	0.00055692	
269.8	-0.00120513	0.00054382	
270	-0.00106143	0.00053103	
270.2	-0.00098255	0.00051854	
270.4	-0.00078935	0.00050635	
270.6	-0.00108036	0.00049444	
270.8	-0.0010074	0.00048281	
271	-0.00049986	0.00047145	
271.2	-0.00021578	0.00046036	
271.4	-0.00060315	0.00044953	
271.6	-0.00045745	0.00043896	
271.8	-0.00051966	0.00042863	
272	-0.00054895	0.00041855	
272.2	-0.00094269	0.0004087	
272.4	-0.00065005	0.00039909	
272.6	-0.00062297	0.0003897	
272.8	-0.0005257	0.00038054	
273	-0.00027175	0.00037159	
273.2	-0.00048896	0.00036285	
273.4	-0.00006196	0.00035431	
273.6	-0.00011228	0.00034598	
273.8	0.00021651	0.00033784	
274	0.00011999	0.00032989	
274.2	0.00013767	0.00032213	
274.4	0.00012982	0.00031456	
274.6	-0.0001631	0.00030716	
274.8	0.00028724	0.00029993	
275	0.00024586	0.00029288	
275.2	-0.00037965	0.00028599	
275.4	-0.00057363	0.00027926	
275.6	-0.00058016	0.00027269	
275.8	-0.00106376	0.00026628	
276	-0.00086105	0.00026001	
276.2	-0.00124016	0.0002539	
276.4	-0.00122205	0.00024793	
276.6	-0.0009571	0.0002421	
276.8	-0.00097426	0.0002364	
277	-0.00112027	0.00023084	
277.2	-0.00127177	0.00022541	
277.4	-0.00133899	0.00022011	
277.6	-0.0014855	0.00021493	
277.8	-0.00196257	0.00020988	
278	-0.00175773	0.00020494	
278.2	-0.00163056	0.00020012	
278.4	-0.00252768	0.00019541	
278.6	-0.00274886	0.00019081	
278.8	-0.00271201	0.00018633	
279	-0.00292092	0.00018194	
279.2	-0.00276815	0.00017766	
279.4	-0.00270695	0.00017348	
279.6	-0.00261111	0.0001694	
279.8	-0.00256138	0.00016542	
280	-0.00208437	0.00016153	
280.2	-0.00222779	0.00015773	
280.4	-0.0016074	0.00015402	
280.6	-0.00112301	0.0001504	
280.8	-0.00098421	0.00014686	
281	-0.00100136	0.0001434	
281.2	-0.00054258	0.00014003	
281.4	-0.00118644	0.00013674	
281.6	-0.00083665	0.00013352	
281.8	-0.00094517	0.00013038	
282	-0.0002754	0.00012731	
282.2	-0.00040423	0.00012432	
282.4	-0.00096234	0.00012139	
282.6	-0.00049537	0.00011854	
282.8	-0.00044538	0.00011575	
283	-0.0005426	0.00011303	
283.2	-0.00053566	0.00011037	
283.4	-0.0007138	0.00010777	
283.6	-0.00060093	0.00010524	
283.8	-0.00055091	0.00010276	
284	-0.00036303	0.00010035	
284.2	-0.00049608	0.00009799	
284.4	-0.00041904	0.00009568	
284.6	-0.00107845	0.00009343	
284.8	-0.0012602	0.00009123	
285	-0.00131494	0.00008909	
285.2	-0.00125608	0.00008699	
285.4	-0.00205981	0.00008495	
285.6	-0.0016306	0.00008295	
285.8	-0.00139156	0.000081	
286	-0.00112618	0.00007909	
286.2	-0.00109945	0.00007723	
286.4	-0.00075636	0.00007541	
286.6	-0.00053117	0.00007364	
286.8	-0.00083913	0.00007191	
287	-0.00111627	0.00007022	
287.2	-0.00111277	0.00006856	
287.4	-0.0009497	0.00006695	
287.6	-0.00091135	0.00006538	
287.8	-0.00068857	0.00006384	
288	-0.00074572	0.00006234	
288.2	-0.00074257	0.00006087	
288.4	-0.00073832	0.00005944	
288.6	-0.00050462	0.00005804	
288.8	-0.00088545	0.00005668	
289	-0.00055332	0.00005534	
289.2	-0.00087211	0.00005404	
289.4	-0.00106358	0.00005277	
289.6	-0.00076176	0.00005153	
289.8	-0.00043008	0.00005032	
290	-0.00032613	0.00004913	
290.2	-0.00046091	0.00004798	
290.4	-0.00098297	0.00004685	
290.6	-0.00135126	0.00004575	
290.8	-0.00154408	0.00004467	
291	-0.00166803	0.00004362	
291.2	-0.00156413	0.00004259	
291.4	-0.00117405	0.00004159	
291.6	-0.00146786	0.00004061	
291.8	-0.00157499	0.00003966	
292	-0.00150456	0.00003873	
292.2	-0.00145822	0.00003782	
292.4	-0.00112487	0.00003693	
292.6	-0.0011514	0.00003606	
292.8	-0.00168435	0.00003521	
293	-0.00177692	0.00003438	
293.2	-0.00209277	0.00003357	
293.4	-0.00209176	0.00003278	
293.6	-0.00234694	0.00003201	
293.8	-0.00246418	0.00003126	
294	-0.00264337	0.00003052	
294.2	-0.00283763	0.00002981	
294.4	-0.0032434	0.0000291	
294.6	-0.00257642	0.00002842	
294.8	-0.00184721	0.00002775	
295	-0.00174428	0.0000271	
295.2	-0.0008951	0.00002646	
295.4	-0.00041161	0.00002584	
295.6	-0.00050786	0.00002523	
295.8	-0.00066412	0.00002464	
296	-0.00098628	0.00002406	
296.2	-0.00088358	0.00002349	
296.4	-0.00072993	0.00002294	
296.6	-0.00121013	0.0000224	
296.8	-0.00147391	0.00002187	
297	-0.00174805	0.00002136	
297.2	-0.00212048	0.00002086	
297.4	-0.00259377	0.00002037	
297.6	-0.00325396	0.00001989	
297.8	-0.00339848	0.00001942	
298	-0.00334365	0.00001896	
298.2	-0.00320118	0.00001852	
298.4	-0.00325886	0.00001808	
298.6	-0.00274393	0.00001765	
298.8	-0.00235899	0.00001724	
299	-0.00209088	0.00001683	
299.2	-0.00152587	0.00001644	
299.4	-0.00169787	0.00001605	
299.6	-0.00195024	0.00001567	
299.8	-0.00224693	0.00001531	
