Conc1	1E-07	
Start1	180	
Stop1	299.8	
Kobs	0.160254346373664	
Error Kobs	0.00476235904646268	
Koff	0	
Error Koff	0	
Time1	Data1	Fit1	
180	0.00466791	0	
180.2	0.00418002	0.00082508	
180.4	0.00343883	0.00162295	
180.6	0.00274452	0.0023945	
180.8	0.00241365	0.00314059	
181	0.00251232	0.00386207	
181.2	0.00317785	0.00455976	
181.4	0.0036074	0.00523442	
181.6	0.00411397	0.00588684	
181.8	0.00508184	0.00651773	
182	0.00609264	0.0071278	
182.2	0.00689717	0.00771776	
182.4	0.0075663	0.00828825	
182.6	0.0081958	0.00883993	
182.8	0.0093114	0.0093734	
183	0.01023205	0.00988928	
183.2	0.01141073	0.01038814	
183.4	0.01171809	0.01087054	
183.6	0.01226356	0.01133703	
183.8	0.01291853	0.01178813	
184	0.01308998	0.01222435	
184.2	0.01310043	0.01264618	
184.4	0.0130479	0.0130541	
184.6	0.01316212	0.01344856	
184.8	0.0141584	0.01383001	
185	0.01471307	0.01419887	
185.2	0.01523052	0.01455557	
185.4	0.01533331	0.0149005	
185.6	0.01575662	0.01523405	
185.8	0.01648231	0.01555659	
186	0.01674493	0.0158685	
186.2	0.016822	0.01617012	
186.4	0.01706306	0.01646179	
186.6	0.0170523	0.01674384	
186.8	0.01776964	0.01701658	
187	0.01754222	0.01728033	
187.2	0.01821786	0.01753537	
187.4	0.01889818	0.01778201	
187.6	0.01958045	0.0180205	
187.8	0.02007571	0.01825113	
188	0.02007593	0.01847416	
188.2	0.01971774	0.01868982	
188.4	0.01961627	0.01889837	
188.6	0.019829	0.01910004	
188.8	0.0202479	0.01929506	
189	0.01998855	0.01948364	
189.2	0.01964976	0.01966601	
189.4	0.0192776	0.01984236	
189.6	0.01931945	0.02001289	
189.8	0.01945727	0.02017779	
190	0.01959232	0.02033726	
190.2	0.01971579	0.02049146	
190.4	0.01927302	0.02064058	
190.6	0.01902183	0.02078478	
190.8	0.01940929	0.02092422	
191	0.01940423	0.02105907	
191.2	0.02027646	0.02118946	
191.4	0.02091838	0.02131555	
191.6	0.02196559	0.02143749	
191.8	0.02212802	0.0215554	
192	0.02225911	0.02166942	
192.2	0.02212129	0.02177968	
192.4	0.0216872	0.0218863	
192.6	0.02232047	0.02198941	
192.8	0.0221554	0.02208911	
193	0.02241499	0.02218553	
193.2	0.02247733	0.02227876	
193.4	0.02204029	0.02236892	
193.6	0.02220454	0.02245611	
193.8	0.02286321	0.02254042	
194	0.02258534	0.02262195	
194.2	0.02293442	0.02270079	
194.4	0.02257923	0.02277702	
194.6	0.02258139	0.02285075	
194.8	0.02279486	0.02292204	
195	0.02329628	0.02299098	
195.2	0.02381644	0.02305764	
195.4	0.02387501	0.02312211	
195.6	0.02468464	0.02318445	
195.8	0.02424465	0.02324473	
196	0.02402237	0.02330303	
196.2	0.02376244	0.0233594	
196.4	0.02376996	0.02341391	
196.6	0.02425032	0.02346662	
196.8	0.02432619	0.0235176	
197	0.02472542	0.02356689	
197.2	0.02455561	0.02361456	
197.4	0.02419768	0.02366065	
197.6	0.02390313	0.02370523	
197.8	0.02394259	0.02374833	
198	0.02299006	0.02379001	
198.2	0.02319227	0.02383032	
198.4	0.02305967	0.0238693	
198.6	0.02300526	0.02390699	
198.8	0.02381756	0.02394344	
199	0.0243547	0.02397868	
199.2	0.02408352	0.02401277	
199.4	0.02454742	0.02404573	
199.6	0.02516819	0.0240776	
199.8	0.02521495	0.02410842	
200	0.02554276	0.02413822	
200.2	0.02559807	0.02416704	
200.4	0.02555421	0.02419491	
200.6	0.0256686	0.02422186	
200.8	0.02593365	0.02424792	
201	0.02669197	0.02427312	
201.2	0.02638217	0.02429749	
201.4	0.02600546	0.02432106	
201.6	0.0251254	0.02434385	
201.8	0.02427982	0.02436589	
202	0.02379383	0.0243872	
202.2	0.02378261	0.0244078	
202.4	0.02406933	0.02442773	
202.6	0.02426356	0.024447	
202.8	0.02506317	0.02446564	
203	0.02496229	0.02448366	
203.2	0.02493687	0.02450108	
203.4	0.02522458	0.02451793	
203.6	0.02514381	0.02453423	
203.8	0.02467997	0.02454998	
204	0.02463462	0.02456522	
204.2	0.02438485	0.02457996	
204.4	0.02413038	0.0245942	
204.6	0.02444668	0.02460798	
204.8	0.02532378	0.02462131	
205	0.02582701	0.02463419	
205.2	0.02538848	0.02464665	
205.4	0.02549373	0.0246587	
205.6	0.02532403	0.02467035	
205.8	0.02506592	0.02468162	
206	0.02572752	0.02469251	
206.2	0.02608184	0.02470305	
206.4	0.02614789	0.02471324	
206.6	0.02634985	0.02472309	
206.8	0.02644624	0.02473262	
207	0.02556489	0.02474183	
207.2	0.02549152	0.02475074	
207.4	0.0251289	0.02475935	
207.6	0.02476586	0.02476768	
207.8	0.02420532	0.02477574	
208	0.02460374	0.02478353	
208.2	0.02433092	0.02479106	
208.4	0.02401354	0.02479835	
208.6	0.02454604	0.02480539	
208.8	0.02528451	0.0248122	
209	0.02527528	0.02481879	
209.2	0.02553017	0.02482516	
209.4	0.02578721	0.02483132	
209.6	0.02595299	0.02483728	
209.8	0.02658876	0.02484304	
210	0.02702697	0.02484861	
210.2	0.02690046	0.02485399	
210.4	0.02724747	0.0248592	
210.6	0.02720796	0.02486424	
210.8	0.02712006	0.02486911	
211	0.02658253	0.02487382	
211.2	0.02666516	0.02487838	
211.4	0.02582593	0.02488278	
211.6	0.02515896	0.02488704	
211.8	0.02490003	0.02489116	
212	0.02478895	0.02489514	
212.2	0.02389196	0.02489899	
212.4	0.02385793	0.02490272	
212.6	0.02400844	0.02490632	
212.8	0.02396027	0.0249098	
213	0.02418104	0.02491317	
213.2	0.02464825	0.02491643	
213.4	0.02501131	0.02491957	
213.6	0.02491684	0.02492262	
213.8	0.02494653	0.02492556	
214	0.02520457	0.02492841	
214.2	0.02570725	0.02493117	
214.4	0.02643943	0.02493383	
214.6	0.02613764	0.0249364	
214.8	0.02617334	0.02493889	
215	0.02604585	0.0249413	
215.2	0.02522972	0.02494363	
215.4	0.02420963	0.02494588	
215.6	0.02423028	0.02494806	
215.8	0.02401938	0.02495017	
216	0.02410825	0.0249522	
216.2	0.02410632	0.02495417	
216.4	0.02455622	0.02495608	
216.6	0.02512958	0.02495792	
216.8	0.02526811	0.0249597	
217	0.02572146	0.02496142	
217.2	0.0257485	0.02496308	
217.4	0.02539141	0.02496469	
217.6	0.02518347	0.02496625	
217.8	0.02535514	0.02496776	
218	0.02582012	0.02496921	
218.2	0.02594229	0.02497062	
218.4	0.02571878	0.02497198	
218.6	0.02553584	0.0249733	
218.8	0.02563425	0.02497457	
219	0.02556524	0.0249758	
219.2	0.02511891	0.02497699	
219.4	0.02520859	0.02497815	
219.6	0.02548038	0.02497926	
219.8	0.02506187	0.02498034	
220	0.02556912	0.02498138	
220.2	0.02611608	0.02498238	
220.4	0.02616291	0.02498336	
220.6	0.0259072	0.0249843	
220.8	0.02544703	0.02498521	
221	0.02566278	0.02498609	
221.2	0.02524913	0.02498694	
221.4	0.0251993	0.02498776	
221.6	0.02521757	0.02498856	
221.8	0.02494513	0.02498933	
222	0.02450729	0.02499007	
222.2	0.0242974	0.02499079	
222.4	0.02426575	0.02499149	
222.6	0.02442353	0.02499216	
222.8	0.0242556	0.02499281	
223	0.02425696	0.02499344	
223.2	0.02426964	0.02499405	
223.4	0.02422726	0.02499464	
223.6	0.024351	0.02499521	
223.8	0.02445301	0.02499576	
224	0.02460828	0.02499629	
224.2	0.02459038	0.02499681	
224.4	0.02432911	0.0249973	
224.6	0.02395579	0.02499779	
224.8	0.02445346	0.02499825	
225	0.0253021	0.0249987	
225.2	0.0253631	0.02499914	
225.4	0.02616198	0.02499956	
225.6	0.0259858	0.02499996	
225.8	0.02599744	0.02500036	
226	0.02583892	0.02500074	
226.2	0.02604005	0.02500111	
226.4	0.02575749	0.02500146	
226.6	0.02551428	0.02500181	
226.8	0.02517443	0.02500214	
227	0.02542251	0.02500246	
227.2	0.02525216	0.02500277	
227.4	0.02511541	0.02500307	
227.6	0.02537162	0.02500336	
227.8	0.02441268	0.02500365	
228	0.02464985	0.02500392	
228.2	0.02491187	0.02500418	
228.4	0.02485939	0.02500443	
228.6	0.02505658	0.02500468	
228.8	0.02527605	0.02500492	
229	0.02579661	0.02500515	
229.2	0.02533695	0.02500537	
229.4	0.02482213	0.02500559	
229.6	0.02406987	0.02500579	
229.8	0.02440577	0.025006	
230	0.02462346	0.02500619	
230.2	0.02468883	0.02500638	
230.4	0.02414533	0.02500656	
230.6	0.02411889	0.02500674	
230.8	0.02442382	0.02500691	
231	0.02465929	0.02500707	
231.2	0.02493506	0.02500723	
231.4	0.02514152	0.02500738	
231.6	0.02532781	0.02500753	
231.8	0.02540273	0.02500768	
232	0.02605391	0.02500782	
232.2	0.02570117	0.02500795	
232.4	0.02544927	0.02500808	
232.6	0.02488545	0.02500821	
232.8	0.02450678	0.02500833	
233	0.02439459	0.02500845	
233.2	0.02389564	0.02500856	
233.4	0.02362674	0.02500867	
233.6	0.02333241	0.02500878	
233.8	0.02364321	0.02500888	
234	0.02344109	0.02500898	
234.2	0.02335167	0.02500907	
234.4	0.0229865	0.02500917	
234.6	0.02304355	0.02500926	
234.8	0.02365408	0.02500934	
235	0.02354598	0.02500943	
235.2	0.0235409	0.02500951	
235.4	0.02357117	0.02500959	
235.6	0.02382474	0.02500966	
235.8	0.02426648	0.02500974	
236	0.02373494	0.02500981	
236.2	0.02367165	0.02500988	
236.4	0.02383363	0.02500994	
236.6	0.02435193	0.02501001	
236.8	0.02479335	0.02501007	
237	0.02501916	0.02501013	
237.2	0.0252841	0.02501019	
237.4	0.02511637	0.02501025	
237.6	0.02471671	0.0250103	
237.8	0.02502482	0.02501035	
238	0.02496535	0.0250104	
238.2	0.02510552	0.02501045	
238.4	0.02463118	0.0250105	
238.6	0.02436532	0.02501055	
238.8	0.02414826	0.02501059	
239	0.02346934	0.02501063	
239.2	0.02321555	0.02501068	
239.4	0.02318245	0.02501072	
239.6	0.02288182	0.02501075	
239.8	0.02242009	0.02501079	
240	0.02242009	0.02501083	
240.2	0.02230139	0.02422192	
240.4	0.02171793	0.0234579	
240.6	0.02123468	0.02271797	
240.8	0.02071679	0.02200138	
241	0.02015178	0.0213074	
241.2	0.01967304	0.02063531	
241.4	0.01911139	0.01998442	
241.6	0.01862162	0.01935405	
241.8	0.01811035	0.01874358	
242	0.01758739	0.01815235	
242.2	0.01686049	0.01757978	
242.4	0.01613535	0.01702527	
242.6	0.01521463	0.01648824	
242.8	0.01485072	0.01596816	
243	0.01411	0.01546448	
243.2	0.01394101	0.01497669	
243.4	0.01343445	0.01450428	
243.6	0.01344739	0.01404678	
243.8	0.01255918	0.01360371	
244	0.01148933	0.01317461	
244.2	0.01033701	0.01275905	
244.4	0.00930342	0.01235659	
244.6	0.00909459	0.01196683	
244.8	0.00903585	0.01158937	
245	0.00864208	0.01122381	
245.2	0.0083973	0.01086978	
245.4	0.00828117	0.01052692	
245.6	0.0082909	0.01019487	
245.8	0.00783575	0.0098733	
246	0.00745783	0.00956186	
246.2	0.00685391	0.00926026	
246.4	0.00635256	0.00896816	
246.6	0.00652105	0.00868528	
246.8	0.00643364	0.00841133	
247	0.00636758	0.00814601	
247.2	0.00661238	0.00788906	
247.4	0.00643892	0.00764022	
247.6	0.00629674	0.00739923	
247.8	0.00519522	0.00716584	
248	0.00592079	0.00693981	
248.2	0.00565142	0.00672091	
248.4	0.00644004	0.00650891	
248.6	0.00648674	0.0063036	
248.8	0.00649037	0.00610477	
249	0.00611911	0.00591221	
249.2	0.00558191	0.00572572	
249.4	0.0051148	0.00554512	
249.6	0.00479426	0.00537021	
249.8	0.00457942	0.00520082	
250	0.00459046	0.00503677	
250.2	0.00413093	0.0048779	
250.4	0.00373742	0.00472404	
250.6	0.00346226	0.00457503	
250.8	0.00290304	0.00443072	
251	0.00277935	0.00429096	
251.2	0.00210888	0.00415561	
251.4	0.00183627	0.00402453	
251.6	0.00135863	0.00389759	
251.8	0.00093758	0.00377465	
252	0.00169785	0.00365559	
252.2	0.00148755	0.00354028	
252.4	0.00157106	0.00342861	
252.6	0.00114098	0.00332046	
252.8	0.00087199	0.00321573	
253	0.00061307	0.00311429	
253.2	-0.00033535	0.00301606	
253.4	0.00003175	0.00292093	
253.6	0.00041231	0.00282879	
253.8	0.00079872	0.00273956	
254	0.00028071	0.00265315	
254.2	0.00020498	0.00256946	
254.4	0.00006983	0.00248842	
254.6	-0.00022151	0.00240992	
254.8	-0.00029637	0.00233391	
255	0.00032155	0.00226029	
255.2	0.00008933	0.002189	
255.4	0.00018534	0.00211995	
255.6	0.00017662	0.00205308	
255.8	0.00016862	0.00198832	
256	0.00052538	0.0019256	
256.2	0.0007944	0.00186486	
256.4	0.00069563	0.00180604	
256.6	0.00061363	0.00174907	
256.8	0.00027694	0.0016939	
257	-0.00009351	0.00164047	
257.2	-0.00068779	0.00158873	
257.4	-0.00005816	0.00153862	
257.6	-0.00031338	0.00149008	
257.8	-0.00048841	0.00144308	
258	-0.00125065	0.00139756	
258.2	-0.00089385	0.00135348	
258.4	-0.00140258	0.00131079	
258.6	-0.00202076	0.00126944	
258.8	-0.00132884	0.0012294	
259	-0.00119088	0.00119062	
259.2	-0.00167052	0.00115307	
259.4	-0.00144158	0.0011167	
259.6	-0.00082466	0.00108147	
259.8	-0.00058511	0.00104736	
260	-0.00035749	0.00101432	
260.2	0.00003248	0.00098233	
260.4	-0.00004107	0.00095134	
260.6	-0.00019224	0.00092134	
260.8	-0.00025836	0.00089227	
261	-0.00060981	0.00086413	
261.2	-0.00029437	0.00083687	
261.4	-0.00004457	0.00081048	
261.6	-0.00055947	0.00078491	
261.8	-0.0011484	0.00076015	
262	-0.00166358	0.00073618	
262.2	-0.00159011	0.00071295	
262.4	-0.00199366	0.00069047	
262.6	-0.00244036	0.00066869	
262.8	-0.0020104	0.00064759	
263	-0.00261269	0.00062717	
263.2	-0.00213609	0.00060739	
263.4	-0.00179209	0.00058823	
263.6	-0.00190897	0.00056967	
263.8	-0.00156722	0.0005517	
264	-0.00215559	0.0005343	
264.2	-0.00199903	0.00051745	
264.4	-0.00232581	0.00050113	
264.6	-0.00242708	0.00048532	
264.8	-0.00239777	0.00047001	
265	-0.00314595	0.00045519	
265.2	-0.00272942	0.00044083	
265.4	-0.00325669	0.00042692	
265.6	-0.00414429	0.00041346	
265.8	-0.00485929	0.00040042	
266	-0.00533839	0.00038779	
266.2	-0.00526896	0.00037555	
266.4	-0.00567599	0.00036371	
266.6	-0.00571126	0.00035223	
266.8	-0.00569481	0.00034112	
267	-0.00549488	0.00033036	
267.2	-0.00463128	0.00031994	
267.4	-0.00478491	0.00030985	
267.6	-0.00394018	0.00030008	
267.8	-0.00327567	0.00029061	
268	-0.00343871	0.00028145	
268.2	-0.00253364	0.00027257	
268.4	-0.0022696	0.00026397	
268.6	-0.00157047	0.00025565	
268.8	-0.00168239	0.00024758	
269	-0.00205421	0.00023977	
269.2	-0.00143942	0.00023221	
269.4	-0.00284556	0.00022488	
269.6	-0.00372854	0.00021779	
269.8	-0.00408296	0.00021092	
270	-0.00403744	0.00020427	
270.2	-0.00380175	0.00019783	
270.4	-0.00437859	0.00019159	
270.6	-0.00437795	0.00018554	
270.8	-0.0045887	0.00017969	
271	-0.00411815	0.00017402	
271.2	-0.00352856	0.00016853	
271.4	-0.00342948	0.00016322	
271.6	-0.0029114	0.00015807	
271.8	-0.00339383	0.00015308	
272	-0.00300697	0.00014825	
272.2	-0.00265222	0.00014358	
272.4	-0.00231371	0.00013905	
272.6	-0.00200063	0.00013466	
272.8	-0.00305243	0.00013041	
273	-0.00347504	0.0001263	
273.2	-0.00402292	0.00012232	
273.4	-0.00475077	0.00011846	
273.6	-0.00505776	0.00011472	
273.8	-0.00505192	0.0001111	
274	-0.00492858	0.0001076	
274.2	-0.00487563	0.00010421	
274.4	-0.00484047	0.00010092	
274.6	-0.00479989	0.00009774	
274.8	-0.00453423	0.00009465	
275	-0.00392468	0.00009167	
275.2	-0.00361913	0.00008878	
275.4	-0.0031361	0.00008598	
275.6	-0.00326554	0.00008326	
275.8	-0.00314272	0.00008064	
276	-0.00229717	0.00007809	
276.2	-0.00236832	0.00007563	
276.4	-0.00213761	0.00007324	
276.6	-0.00249579	0.00007093	
276.8	-0.0028316	0.0000687	
277	-0.00248456	0.00006653	
277.2	-0.0029632	0.00006443	
277.4	-0.00300794	0.0000624	
277.6	-0.00377942	0.00006043	
277.8	-0.0042593	0.00005852	
278	-0.00388093	0.00005668	
278.2	-0.00370435	0.00005489	
278.4	-0.00383623	0.00005316	
278.6	-0.00410055	0.00005148	
278.8	-0.00373092	0.00004986	
279	-0.00342361	0.00004829	
279.2	-0.00311672	0.00004676	
279.4	-0.00308613	0.00004529	
279.6	-0.00369903	0.00004386	
279.8	-0.003583	0.00004248	
280	-0.00312811	0.00004114	
280.2	-0.0032527	0.00003984	
280.4	-0.00320602	0.00003858	
280.6	-0.00306221	0.00003737	
280.8	-0.00241927	0.00003619	
281	-0.00272886	0.00003505	
281.2	-0.00310213	0.00003394	
281.4	-0.00329471	0.00003287	
281.6	-0.00365339	0.00003183	
281.8	-0.00383314	0.00003083	
282	-0.00359188	0.00002986	
282.2	-0.0040121	0.00002891	
282.4	-0.00449335	0.000028	
282.6	-0.00438785	0.00002712	
282.8	-0.0042652	0.00002626	
283	-0.00463692	0.00002544	
283.2	-0.00488759	0.00002463	
283.4	-0.00509006	0.00002386	
283.6	-0.00505446	0.0000231	
283.8	-0.00515829	0.00002237	
284	-0.00469417	0.00002167	
284.2	-0.0045209	0.00002099	
284.4	-0.00448175	0.00002032	
284.6	-0.00430944	0.00001968	
284.8	-0.00410138	0.00001906	
285	-0.00427901	0.00001846	
285.2	-0.00439465	0.00001788	
285.4	-0.00471249	0.00001731	
285.6	-0.00482701	0.00001677	
285.8	-0.00480197	0.00001624	
286	-0.00501771	0.00001573	
286.2	-0.00497482	0.00001523	
286.4	-0.00510398	0.00001475	
286.6	-0.00543685	0.00001429	
286.8	-0.00527029	0.00001383	
287	-0.005349	0.0000134	
287.2	-0.00517477	0.00001298	
287.4	-0.00470818	0.00001257	
287.6	-0.00458748	0.00001217	
287.8	-0.00471476	0.00001179	
288	-0.00453194	0.00001141	
288.2	-0.00437152	0.00001105	
288.4	-0.00432197	0.00001071	
288.6	-0.00434069	0.00001037	
288.8	-0.0044189	0.00001004	
289	-0.00495882	0.00000972	
289.2	-0.00573446	0.00000942	
289.4	-0.00602299	0.00000912	
289.6	-0.00579769	0.00000883	
289.8	-0.00607795	0.00000855	
290	-0.00632089	0.00000828	
290.2	-0.00618472	0.00000802	
290.4	-0.00607393	0.00000777	
290.6	-0.00617371	0.00000752	
290.8	-0.0052859	0.00000729	
291	-0.00530588	0.00000706	
291.2	-0.00479494	0.00000683	
291.4	-0.00450636	0.00000662	
291.6	-0.00412599	0.00000641	
291.8	-0.0039903	0.00000621	
292	-0.00378833	0.00000601	
292.2	-0.00345648	0.00000582	
292.4	-0.00328017	0.00000564	
292.6	-0.00363688	0.00000546	
292.8	-0.0036367	0.00000529	
293	-0.00367866	0.00000512	
293.2	-0.00403305	0.00000496	
293.4	-0.00372753	0.0000048	
293.6	-0.00386766	0.00000465	
293.8	-0.00416195	0.00000451	
294	-0.00410006	0.00000436	
294.2	-0.00416767	0.00000423	
294.4	-0.00439095	0.00000409	
294.6	-0.00452501	0.00000396	
294.8	-0.0045195	0.00000384	
295	-0.00512405	0.00000372	
295.2	-0.00478267	0.0000036	
295.4	-0.00504997	0.00000349	
295.6	-0.00457107	0.00000338	
295.8	-0.00431006	0.00000327	
296	-0.00423151	0.00000317	
296.2	-0.00438903	0.00000307	
296.4	-0.00402303	0.00000297	
296.6	-0.00353993	0.00000288	
296.8	-0.00295826	0.00000279	
297	-0.00318081	0.0000027	
297.2	-0.0035012	0.00000261	
297.4	-0.00332429	0.00000253	
297.6	-0.00361117	0.00000245	
297.8	-0.00389699	0.00000237	
298	-0.00446202	0.0000023	
298.2	-0.00483325	0.00000223	
298.4	-0.00500418	0.00000216	
298.6	-0.00499023	0.00000209	
298.8	-0.0051964	0.00000202	
299	-0.00525428	0.00000196	
299.2	-0.00467859	0.0000019	
299.4	-0.00443812	0.00000184	
299.6	-0.00381354	0.00000178	
299.8	-0.00344091	0.00000172	
