Conc1	2E-07	
Start1	180	
Stop1	299.8	
Kobs	0.0033996384584118	
Error Kobs	0.000624705221162898	
Koff	0	
Error Koff	0	
Time1	Data1	Fit1	
180	-0.00345504	0	
180.2	-0.00320278	0.00010959	
180.4	-0.00294792	0.00021909	
180.6	-0.0028901	0.0003285	
180.8	-0.00276557	0.00043782	
181	-0.0027916	0.00054706	
181.2	-0.00291093	0.0006562	
181.4	-0.00248538	0.00076526	
181.6	-0.00201119	0.00087423	
181.8	-0.00157613	0.00098311	
182	-0.00131037	0.0010919	
182.2	-0.00098042	0.0012006	
182.4	-0.00077968	0.00130922	
182.6	-0.00033734	0.00141774	
182.8	-0.00043071	0.00152618	
183	-0.00005054	0.00163454	
183.2	-0.00000562	0.0017428	
183.4	-0.00015663	0.00185098	
183.6	-0.00036321	0.00195907	
183.8	-0.00006189	0.00206707	
184	0.00023513	0.00217498	
184.2	0.00002563	0.00228281	
184.4	-0.00027106	0.00239054	
184.6	-0.00079513	0.0024982	
184.8	-0.00098987	0.00260576	
185	-0.00101125	0.00271324	
185.2	-0.00053584	0.00282063	
185.4	0.00009313	0.00292793	
185.6	0.00068753	0.00303515	
185.8	0.00086131	0.00314228	
186	0.00052296	0.00324932	
186.2	0.00145019	0.00335627	
186.4	0.00209351	0.00346314	
186.6	0.00262887	0.00356992	
186.8	0.00311445	0.00367662	
187	0.00354635	0.00378323	
187.2	0.00343497	0.00388975	
187.4	0.0039005	0.00399619	
187.6	0.00446528	0.00410254	
187.8	0.00429777	0.0042088	
188	0.00444532	0.00431498	
188.2	0.00422828	0.00442107	
188.4	0.00434518	0.00452708	
188.6	0.00434283	0.004633	
188.8	0.00454462	0.00473884	
189	0.00497302	0.00484458	
189.2	0.00535869	0.00495025	
189.4	0.00503413	0.00505582	
189.6	0.00488448	0.00516132	
189.8	0.00448045	0.00526672	
190	0.00450996	0.00537204	
190.2	0.00529509	0.00547728	
190.4	0.00573243	0.00558243	
190.6	0.00562433	0.00568749	
190.8	0.00605303	0.00579247	
191	0.00577906	0.00589737	
191.2	0.00568397	0.00600218	
191.4	0.00620859	0.0061069	
191.6	0.00658163	0.00621154	
191.8	0.00635033	0.0063161	
192	0.00662985	0.00642057	
192.2	0.00696664	0.00652496	
192.4	0.00688892	0.00662926	
192.6	0.00703071	0.00673347	
192.8	0.0072784	0.00683761	
193	0.00710862	0.00694166	
193.2	0.00722137	0.00704562	
193.4	0.0069173	0.0071495	
193.6	0.00689584	0.00725329	
193.8	0.00678344	0.00735701	
194	0.00714751	0.00746063	
194.2	0.00693882	0.00756418	
194.4	0.00723077	0.00766763	
194.6	0.00697085	0.00777101	
194.8	0.00709114	0.0078743	
195	0.00728142	0.00797751	
195.2	0.00715428	0.00808063	
195.4	0.00785563	0.00818368	
195.6	0.00855606	0.00828663	
195.8	0.00885984	0.00838951	
196	0.00928802	0.0084923	
196.2	0.00932926	0.008595	
196.4	0.00970509	0.00869763	
196.6	0.01013067	0.00880017	
196.8	0.00993658	0.00890263	
197	0.01002208	0.009005	
197.2	0.0106339	0.00910729	
197.4	0.01102784	0.0092095	
197.6	0.01127805	0.00931163	
197.8	0.01105928	0.00941367	
198	0.01149062	0.00951563	
198.2	0.01126503	0.00961751	
198.4	0.01177261	0.00971931	
198.6	0.01196556	0.00982102	
198.8	0.01164419	0.00992265	
199	0.01185084	0.0100242	
199.2	0.01154584	0.01012566	
199.4	0.0123128	0.01022705	
199.6	0.01264039	0.01032835	
199.8	0.01299173	0.01042957	
200	0.01320669	0.01053071	
200.2	0.01315107	0.01063176	
200.4	0.01335781	0.01073274	
200.6	0.01363963	0.01083363	
200.8	0.01376849	0.01093444	
201	0.01455943	0.01103517	
201.2	0.01541679	0.01113581	
201.4	0.01594375	0.01123638	
201.6	0.01610847	0.01133686	
201.8	0.01573844	0.01143727	
202	0.01617474	0.01153759	
202.2	0.01665609	0.01163783	
202.4	0.01644402	0.01173798	
202.6	0.01598262	0.01183806	
202.8	0.01502877	0.01193806	
203	0.01500618	0.01203797	
203.2	0.01497683	0.01213781	
203.4	0.01544413	0.01223756	
203.6	0.01550308	0.01233723	
203.8	0.01533877	0.01243683	
204	0.01514479	0.01253634	
204.2	0.01497242	0.01263577	
204.4	0.01515547	0.01273512	
204.6	0.01557046	0.01283439	
204.8	0.01551904	0.01293358	
205	0.01562902	0.01303268	
205.2	0.01579619	0.01313171	
205.4	0.01569038	0.01323066	
205.6	0.01577468	0.01332953	
205.8	0.01560306	0.01342832	
206	0.01567159	0.01352702	
206.2	0.01562243	0.01362565	
206.4	0.01512071	0.0137242	
206.6	0.01524325	0.01382267	
206.8	0.01523011	0.01392106	
207	0.01590126	0.01401936	
207.2	0.01645216	0.01411759	
207.4	0.01650681	0.01421574	
207.6	0.01617458	0.01431381	
207.8	0.01591419	0.0144118	
208	0.0162166	0.01450971	
208.2	0.0164319	0.01460754	
208.4	0.01620474	0.0147053	
208.6	0.01647571	0.01480297	
208.8	0.0166193	0.01490056	
209	0.01680121	0.01499808	
209.2	0.01731502	0.01509551	
209.4	0.01766264	0.01519287	
209.6	0.01726061	0.01529015	
209.8	0.01728034	0.01538735	
210	0.01698022	0.01548447	
210.2	0.01725052	0.01558151	
210.4	0.01747757	0.01567847	
210.6	0.01826796	0.01577536	
210.8	0.01818371	0.01587216	
211	0.01810783	0.01596889	
211.2	0.01804884	0.01606554	
211.4	0.01777116	0.01616211	
211.6	0.0176086	0.0162586	
211.8	0.01767386	0.01635502	
212	0.0180079	0.01645135	
212.2	0.01809383	0.01654761	
212.4	0.0178427	0.01664379	
212.6	0.01829592	0.01673989	
212.8	0.01822758	0.01683592	
213	0.01878744	0.01693186	
213.2	0.01853027	0.01702773	
213.4	0.0184655	0.01712352	
213.6	0.01841125	0.01721924	
213.8	0.01917296	0.01731487	
214	0.01944786	0.01741043	
214.2	0.01941753	0.01750591	
214.4	0.01973232	0.01760132	
214.6	0.01968202	0.01769664	
214.8	0.01887767	0.01779189	
215	0.01919992	0.01788707	
215.2	0.01923885	0.01798216	
215.4	0.01902218	0.01807718	
215.6	0.01850585	0.01817212	
215.8	0.0188121	0.01826698	
216	0.01852667	0.01836177	
216.2	0.01871035	0.01845648	
216.4	0.0189673	0.01855111	
216.6	0.01947596	0.01864567	
216.8	0.01950182	0.01874015	
217	0.01959856	0.01883455	
217.2	0.01970275	0.01892888	
217.4	0.01993974	0.01902313	
217.6	0.0201725	0.01911731	
217.8	0.02027839	0.0192114	
218	0.01984266	0.01930543	
218.2	0.0194068	0.01939937	
218.4	0.01951327	0.01949324	
218.6	0.01933148	0.01958703	
218.8	0.01986442	0.01968075	
219	0.02077021	0.01977439	
219.2	0.02080699	0.01986796	
219.4	0.0208237	0.01996145	
219.6	0.02088042	0.02005486	
219.8	0.02107516	0.0201482	
220	0.0210707	0.02024146	
220.2	0.02162826	0.02033465	
220.4	0.02169115	0.02042776	
220.6	0.02136	0.0205208	
220.8	0.02105671	0.02061376	
221	0.02104142	0.02070664	
221.2	0.02121575	0.02079945	
221.4	0.02096247	0.02089219	
221.6	0.02078814	0.02098485	
221.8	0.02069082	0.02107743	
222	0.02099557	0.02116994	
222.2	0.02127217	0.02126238	
222.4	0.0217015	0.02135474	
222.6	0.02238944	0.02144702	
222.8	0.0228797	0.02153923	
223	0.02328381	0.02163137	
223.2	0.02313899	0.02172343	
223.4	0.02315254	0.02181542	
223.6	0.02303741	0.02190733	
223.8	0.0227101	0.02199917	
224	0.02272043	0.02209093	
224.2	0.02228119	0.02218262	
224.4	0.02204517	0.02227423	
224.6	0.02137511	0.02236577	
224.8	0.02174446	0.02245724	
225	0.02134486	0.02254863	
225.2	0.02148076	0.02263995	
225.4	0.02163955	0.02273119	
225.6	0.02152242	0.02282236	
225.8	0.02190301	0.02291346	
226	0.02209022	0.02300448	
226.2	0.02185632	0.02309543	
226.4	0.02172132	0.0231863	
226.6	0.02180291	0.0232771	
226.8	0.02171199	0.02336783	
227	0.02179998	0.02345848	
227.2	0.02184713	0.02354906	
227.4	0.02243235	0.02363957	
227.6	0.0228745	0.02373	
227.8	0.02301742	0.02382036	
228	0.02328921	0.02391065	
228.2	0.02381345	0.02400086	
228.4	0.02385246	0.02409101	
228.6	0.02413605	0.02418107	
228.8	0.02462199	0.02427107	
229	0.02488419	0.02436099	
229.2	0.0255657	0.02445084	
229.4	0.0260398	0.02454062	
229.6	0.02605387	0.02463032	
229.8	0.02605956	0.02471995	
230	0.02599664	0.02480951	
230.2	0.0256609	0.02489899	
230.4	0.02526392	0.02498841	
230.6	0.02524195	0.02507775	
230.8	0.02526741	0.02516702	
231	0.0255257	0.02525621	
231.2	0.0254708	0.02534534	
231.4	0.02585564	0.02543439	
231.6	0.02541892	0.02552337	
231.8	0.0253779	0.02561227	
232	0.02539204	0.02570111	
232.2	0.025489	0.02578987	
232.4	0.02518058	0.02587856	
232.6	0.02555106	0.02596718	
232.8	0.02593228	0.02605573	
233	0.02588838	0.02614421	
233.2	0.02616453	0.02623261	
233.4	0.02619108	0.02632094	
233.6	0.02625478	0.0264092	
233.8	0.02594382	0.02649739	
234	0.02591707	0.02658551	
234.2	0.02593532	0.02667356	
234.4	0.02604079	0.02676153	
234.6	0.0262147	0.02684944	
234.8	0.02672098	0.02693727	
235	0.02686793	0.02702503	
235.2	0.02653618	0.02711272	
235.4	0.0265667	0.02720034	
235.6	0.02626415	0.02728789	
235.8	0.02660882	0.02737537	
236	0.02638322	0.02746277	
236.2	0.02611255	0.02755011	
236.4	0.02563807	0.02763738	
236.6	0.02573575	0.02772457	
236.8	0.02566803	0.02781169	
237	0.02512704	0.02789875	
237.2	0.02519057	0.02798573	
237.4	0.02483112	0.02807264	
237.6	0.02451555	0.02815948	
237.8	0.0241576	0.02824625	
238	0.02419995	0.02833296	
238.2	0.02424492	0.02841959	
238.4	0.02401675	0.02850615	
238.6	0.0239796	0.02859264	
238.8	0.02405252	0.02867906	
239	0.02390899	0.02876541	
239.2	0.02377096	0.02885169	
239.4	0.02377115	0.0289379	
239.6	0.0236772	0.02902404	
239.8	0.02360986	0.02911011	
240	0.03381873	0.02919612	
240.2	0.03370437	0.02917627	
240.4	0.03440026	0.02915644	
240.6	0.03485785	0.02913662	
240.8	0.03513406	0.02911682	
241	0.03504574	0.02909703	
241.2	0.03577076	0.02907725	
241.4	0.03603676	0.02905749	
241.6	0.03624853	0.02903774	
241.8	0.03675308	0.029018	
242	0.03683375	0.02899828	
242.2	0.03691239	0.02897857	
242.4	0.0364691	0.02895887	
242.6	0.03675026	0.02893919	
242.8	0.03685031	0.02891952	
243	0.03648404	0.02889986	
243.2	0.03590103	0.02888022	
243.4	0.03515852	0.02886059	
243.6	0.03476292	0.02884097	
243.8	0.03364468	0.02882137	
244	0.0333919	0.02880178	
244.2	0.03310502	0.0287822	
244.4	0.03363462	0.02876264	
244.6	0.03357801	0.02874309	
244.8	0.03333386	0.02872355	
245	0.0332352	0.02870403	
245.2	0.03400633	0.02868452	
245.4	0.03363894	0.02866502	
245.6	0.03388614	0.02864554	
245.8	0.03388049	0.02862607	
246	0.03416235	0.02860661	
246.2	0.03454704	0.02858717	
246.4	0.03456423	0.02856774	
246.6	0.03414914	0.02854832	
246.8	0.0338167	0.02852892	
247	0.03309154	0.02850952	
247.2	0.03326638	0.02849015	
247.4	0.03281477	0.02847078	
247.6	0.03222118	0.02845143	
247.8	0.03184925	0.02843209	
248	0.03183505	0.02841277	
248.2	0.03150197	0.02839346	
248.4	0.03132817	0.02837416	
248.6	0.03135196	0.02835487	
248.8	0.03077434	0.0283356	
249	0.03087455	0.02831634	
249.2	0.03104666	0.02829709	
249.4	0.03037873	0.02827786	
249.6	0.0303272	0.02825864	
249.8	0.02979475	0.02823943	
250	0.03017952	0.02822024	
250.2	0.02992381	0.02820106	
250.4	0.0295814	0.02818189	
250.6	0.02910787	0.02816273	
250.8	0.02963985	0.02814359	
251	0.02991666	0.02812446	
251.2	0.02972347	0.02810534	
251.4	0.02920137	0.02808624	
251.6	0.02921438	0.02806715	
251.8	0.02956999	0.02804807	
252	0.02930234	0.02802901	
252.2	0.02960172	0.02800996	
252.4	0.0302533	0.02799092	
252.6	0.03087392	0.0279719	
252.8	0.03056806	0.02795288	
253	0.03084235	0.02793388	
253.2	0.03066582	0.0279149	
253.4	0.03001912	0.02789592	
253.6	0.02963937	0.02787696	
253.8	0.02917584	0.02785801	
254	0.02952057	0.02783908	
254.2	0.02937922	0.02782016	
254.4	0.02936344	0.02780125	
254.6	0.02914676	0.02778235	
254.8	0.02950481	0.02776347	
255	0.02895178	0.0277446	
255.2	0.02803167	0.02772574	
255.4	0.02839567	0.02770689	
255.6	0.02861582	0.02768806	
255.8	0.02886357	0.02766924	
256	0.02903155	0.02765044	
256.2	0.02929837	0.02763164	
256.4	0.02927762	0.02761286	
256.6	0.02900299	0.02759409	
256.8	0.0281989	0.02757534	
257	0.02767397	0.02755659	
257.2	0.02703164	0.02753786	
257.4	0.02640976	0.02751915	
257.6	0.02603851	0.02750044	
257.8	0.0255975	0.02748175	
258	0.02572816	0.02746307	
258.2	0.02522806	0.0274444	
258.4	0.02505873	0.02742575	
258.6	0.02513929	0.02740711	
258.8	0.02551783	0.02738848	
259	0.0256383	0.02736986	
259.2	0.02606239	0.02735126	
259.4	0.02686326	0.02733267	
259.6	0.02741386	0.02731409	
259.8	0.02765825	0.02729553	
260	0.02801662	0.02727697	
260.2	0.0281311	0.02725843	
260.4	0.02836902	0.02723991	
260.6	0.02863371	0.02722139	
260.8	0.02813883	0.02720289	
261	0.02778721	0.0271844	
261.2	0.02763302	0.02716592	
261.4	0.02730557	0.02714746	
261.6	0.02684749	0.02712901	
261.8	0.02670154	0.02711057	
262	0.02679519	0.02709214	
262.2	0.02675602	0.02707373	
262.4	0.02693073	0.02705532	
262.6	0.02724704	0.02703693	
262.8	0.0268269	0.02701856	
263	0.02678451	0.02700019	
263.2	0.02657391	0.02698184	
263.4	0.02603682	0.0269635	
263.6	0.02567373	0.02694517	
263.8	0.0253697	0.02692686	
264	0.02499459	0.02690856	
264.2	0.02457053	0.02689027	
264.4	0.0241283	0.02687199	
264.6	0.02394648	0.02685373	
264.8	0.02369	0.02683547	
265	0.02367853	0.02681723	
265.2	0.02329216	0.02679901	
265.4	0.02332553	0.02678079	
265.6	0.02360553	0.02676259	
265.8	0.02406316	0.0267444	
266	0.0245545	0.02672622	
266.2	0.024597	0.02670805	
266.4	0.02513524	0.0266899	
266.6	0.02554927	0.02667176	
266.8	0.02541473	0.02665363	
267	0.02588389	0.02663551	
267.2	0.02578936	0.02661741	
267.4	0.02580078	0.02659932	
267.6	0.02553848	0.02658124	
267.8	0.02604497	0.02656317	
268	0.026156	0.02654512	
268.2	0.02631269	0.02652707	
268.4	0.02666619	0.02650904	
268.6	0.02661894	0.02649103	
268.8	0.0265739	0.02647302	
269	0.0263541	0.02645503	
269.2	0.026106	0.02643705	
269.4	0.02636315	0.02641908	
269.6	0.0256895	0.02640112	
269.8	0.02514856	0.02638317	
270	0.02523702	0.02636524	
270.2	0.02472275	0.02634732	
270.4	0.02493671	0.02632941	
270.6	0.02500731	0.02631152	
270.8	0.02441253	0.02629363	
271	0.02421139	0.02627576	
271.2	0.02411775	0.0262579	
271.4	0.02411588	0.02624005	
271.6	0.02373338	0.02622222	
271.8	0.02423711	0.0262044	
272	0.02375176	0.02618659	
272.2	0.02338921	0.02616879	
272.4	0.02343503	0.026151	
272.6	0.02292678	0.02613322	
272.8	0.0231082	0.02611546	
273	0.02343027	0.02609771	
273.2	0.02314774	0.02607997	
273.4	0.02320539	0.02606225	
273.6	0.02321284	0.02604453	
273.8	0.02379535	0.02602683	
274	0.02425288	0.02600914	
274.2	0.02408917	0.02599146	
274.4	0.02478422	0.02597379	
274.6	0.02541605	0.02595614	
274.8	0.02576323	0.0259385	
275	0.02624755	0.02592087	
275.2	0.02615556	0.02590325	
275.4	0.02594599	0.02588564	
275.6	0.02581767	0.02586805	
275.8	0.02565586	0.02585047	
276	0.02505483	0.0258329	
276.2	0.02458027	0.02581534	
276.4	0.02449509	0.02579779	
276.6	0.0243734	0.02578026	
276.8	0.02423188	0.02576273	
277	0.02381305	0.02574522	
277.2	0.02318809	0.02572772	
277.4	0.0232733	0.02571024	
277.6	0.02318408	0.02569276	
277.8	0.02302962	0.0256753	
278	0.02247953	0.02565785	
278.2	0.02269288	0.02564041	
278.4	0.02378736	0.02562298	
278.6	0.02414762	0.02560556	
278.8	0.0243698	0.02558816	
279	0.02367447	0.02557077	
279.2	0.02372329	0.02555339	
279.4	0.02363041	0.02553602	
279.6	0.02339989	0.02551866	
279.8	0.02295929	0.02550132	
280	0.02285877	0.02548398	
280.2	0.02260552	0.02546666	
280.4	0.02304842	0.02544935	
280.6	0.02291179	0.02543205	
280.8	0.02245055	0.02541477	
281	0.02205471	0.02539749	
281.2	0.02216578	0.02538023	
281.4	0.02239065	0.02536298	
281.6	0.02204996	0.02534574	
281.8	0.02229452	0.02532851	
282	0.02245102	0.0253113	
282.2	0.02316991	0.02529409	
282.4	0.02336491	0.0252769	
282.6	0.02353463	0.02525972	
282.8	0.02310823	0.02524255	
283	0.02264763	0.0252254	
283.2	0.02275252	0.02520825	
283.4	0.02231581	0.02519112	
283.6	0.02219764	0.02517399	
283.8	0.021818	0.02515688	
284	0.02158996	0.02513978	
284.2	0.02190841	0.0251227	
284.4	0.02204998	0.02510562	
284.6	0.02198216	0.02508856	
284.8	0.0220195	0.0250715	
285	0.0217477	0.02505446	
285.2	0.02210019	0.02503743	
285.4	0.02187536	0.02502042	
285.6	0.02188124	0.02500341	
285.8	0.02237055	0.02498641	
286	0.02246452	0.02496943	
286.2	0.02251982	0.02495246	
286.4	0.02282465	0.0249355	
286.6	0.02316943	0.02491855	
286.8	0.02277068	0.02490161	
287	0.02255387	0.02488469	
287.2	0.02216032	0.02486777	
287.4	0.02232923	0.02485087	
287.6	0.02216021	0.02483398	
287.8	0.02211668	0.0248171	
288	0.02194089	0.02480023	
288.2	0.02275799	0.02478338	
288.4	0.0228794	0.02476653	
288.6	0.02298424	0.0247497	
288.8	0.02286123	0.02473288	
289	0.02285424	0.02471606	
289.2	0.02261985	0.02469927	
289.4	0.0228953	0.02468248	
289.6	0.0232938	0.0246657	
289.8	0.02310168	0.02464894	
290	0.02292958	0.02463218	
290.2	0.02252411	0.02461544	
290.4	0.02267346	0.02459871	
290.6	0.0224087	0.02458199	
290.8	0.02223526	0.02456528	
291	0.02200301	0.02454858	
291.2	0.02161939	0.0245319	
291.4	0.0219131	0.02451522	
291.6	0.0216643	0.02449856	
291.8	0.02166143	0.02448191	
292	0.02157149	0.02446527	
292.2	0.02252312	0.02444864	
292.4	0.02288147	0.02443202	
292.6	0.0227067	0.02441542	
292.8	0.02312323	0.02439882	
293	0.02325332	0.02438224	
293.2	0.02297019	0.02436566	
293.4	0.0233496	0.0243491	
293.6	0.02282352	0.02433255	
293.8	0.02276068	0.02431601	
294	0.02216831	0.02429949	
294.2	0.02198198	0.02428297	
294.4	0.02211713	0.02426647	
294.6	0.02237961	0.02424997	
294.8	0.02207715	0.02423349	
295	0.02156536	0.02421702	
295.2	0.02124513	0.02420056	
295.4	0.02150171	0.02418411	
295.6	0.02163654	0.02416767	
295.8	0.02139366	0.02415124	
296	0.02161175	0.02413483	
296.2	0.02173885	0.02411842	
296.4	0.02172133	0.02410203	
296.6	0.02156515	0.02408565	
296.8	0.02164989	0.02406928	
297	0.0218742	0.02405292	
297.2	0.02171349	0.02403657	
297.4	0.02176628	0.02402023	
297.6	0.02165903	0.02400391	
297.8	0.02202498	0.02398759	
298	0.02183534	0.02397129	
298.2	0.02209264	0.02395499	
298.4	0.02212735	0.02393871	
298.6	0.02221304	0.02392244	
298.8	0.02167752	0.02390618	
299	0.02145099	0.02388993	
299.2	0.02137174	0.02387369	
299.4	0.02126428	0.02385747	
299.6	0.02081753	0.02384125	
299.8	0.02003528	0.02382504	
