Conc1	6.25E-08	
Start1	420	
Stop1	779.8	
Kobs	0.0161533364471026	
Error Kobs	0.000108886941950246	
Koff	0	
Error Koff	0	
Time1	Data1	Fit1	
420	-0.01503879	0	
420.2	-0.01389825	0.00126171	
420.4	-0.0126577	0.00251673	
420.6	-0.0114951	0.00376508	
420.8	-0.01044078	0.00500681	
421	-0.00932118	0.00624196	
421.2	-0.00828414	0.00747055	
421.4	-0.00725098	0.00869262	
421.6	-0.00575224	0.00990821	
421.8	-0.00436145	0.01111735	
422	-0.00285259	0.01232007	
422.2	-0.00164015	0.01351642	
422.4	-0.00054806	0.01470641	
422.6	0.0004056	0.01589009	
422.8	0.00176603	0.01706749	
423	0.00346525	0.01823864	
423.2	0.00506196	0.01940358	
423.4	0.00721495	0.02056234	
423.6	0.00927178	0.02171495	
423.8	0.0112377	0.02286144	
424	0.01324377	0.02400186	
424.2	0.01494569	0.02513622	
424.4	0.01635633	0.02626456	
424.6	0.01764737	0.02738691	
424.8	0.01911321	0.02850331	
425	0.02047592	0.02961379	
425.2	0.02196351	0.03071837	
425.4	0.02343398	0.0318171	
425.6	0.02520303	0.03290999	
425.8	0.02666991	0.03399709	
426	0.02814823	0.03507842	
426.2	0.02919901	0.03615401	
426.4	0.03061144	0.03722389	
426.6	0.0318738	0.0382881	
426.8	0.03292683	0.03934666	
427	0.03393321	0.0403996	
427.2	0.03541997	0.04144696	
427.4	0.03703588	0.04248876	
427.6	0.03818829	0.04352503	
427.8	0.03976125	0.04455581	
428	0.04055426	0.04558111	
428.2	0.04161762	0.04660098	
428.4	0.04310366	0.04761543	
428.6	0.04462331	0.0486245	
428.8	0.04629621	0.04962822	
429	0.0477244	0.05062661	
429.2	0.04912368	0.05161971	
429.4	0.05035074	0.05260753	
429.6	0.05188485	0.05359012	
429.8	0.05329057	0.05456749	
430	0.0544361	0.05553967	
430.2	0.05558661	0.0565067	
430.4	0.05686401	0.05746859	
430.6	0.05794516	0.05842539	
430.8	0.05882934	0.0593771	
431	0.060225	0.06032377	
431.2	0.0618354	0.06126541	
431.4	0.06295454	0.06220206	
431.6	0.06362041	0.06313374	
431.8	0.06505434	0.06406047	
432	0.06567498	0.06498229	
432.2	0.06700915	0.06589921	
432.4	0.06833018	0.06681128	
432.6	0.06939599	0.0677185	
432.8	0.0709095	0.06862091	
433	0.07177483	0.06951853	
433.2	0.07288685	0.07041138	
433.4	0.07378219	0.07129951	
433.6	0.07490038	0.07218291	
433.8	0.07557444	0.07306163	
434	0.07677083	0.07393569	
434.2	0.07768791	0.07480511	
434.4	0.07822264	0.07566992	
434.6	0.07898045	0.07653014	
434.8	0.08029426	0.0773858	
435	0.08171882	0.07823691	
435.2	0.08258802	0.07908351	
435.4	0.08355007	0.07992562	
435.6	0.08433052	0.08076326	
435.8	0.08547172	0.08159646	
436	0.08588769	0.08242523	
436.2	0.0869042	0.08324961	
436.4	0.08797576	0.08406961	
436.6	0.08893035	0.08488526	
436.8	0.09033123	0.08569659	
437	0.09085358	0.08650361	
437.2	0.09179079	0.08730635	
437.4	0.09220119	0.08810483	
437.6	0.09297118	0.08889907	
437.8	0.09362732	0.0896891	
438	0.09466838	0.09047493	
438.2	0.09522489	0.0912566	
438.4	0.09591665	0.09203412	
438.6	0.09712124	0.09280751	
438.8	0.09833998	0.09357681	
439	0.09957251	0.09434201	
439.2	0.10046657	0.09510316	
439.4	0.10135297	0.09586027	
439.6	0.1026508	0.09661337	
439.8	0.1033553	0.09736247	
440	0.10401463	0.09810759	
440.2	0.10513964	0.09884876	
440.4	0.10586119	0.099586	
440.6	0.10706429	0.10031932	
440.8	0.10799909	0.10104876	
441	0.10848955	0.10177432	
441.2	0.10926146	0.10249604	
441.4	0.11017461	0.10321392	
441.6	0.11114438	0.103928	
441.8	0.11188123	0.10463828	
442	0.11292768	0.1053448	
442.2	0.11400628	0.10604757	
442.4	0.11435475	0.10674662	
442.6	0.11539184	0.10744195	
442.8	0.11612734	0.10813359	
443	0.11732039	0.10882157	
443.2	0.11809243	0.10950589	
443.4	0.11909496	0.11018658	
443.6	0.12017176	0.11086366	
443.8	0.1205634	0.11153715	
444	0.12112736	0.11220707	
444.2	0.1219305	0.11287343	
444.4	0.12258212	0.11353625	
444.6	0.12325292	0.11419556	
444.8	0.12361972	0.11485137	
445	0.12406346	0.1155037	
445.2	0.12471463	0.11615257	
445.4	0.12577635	0.116798	
445.6	0.12648979	0.11744	
445.8	0.12704018	0.11807859	
446	0.12797401	0.1187138	
446.2	0.1284769	0.11934564	
446.4	0.12928734	0.11997412	
446.6	0.13057377	0.12059927	
446.8	0.13151862	0.12122111	
447	0.13223489	0.12183964	
447.2	0.13322423	0.12245489	
447.4	0.1339903	0.12306688	
447.6	0.13508251	0.12367562	
447.8	0.13570742	0.12428113	
448	0.13604781	0.12488343	
448.2	0.13664293	0.12548253	
448.4	0.13698326	0.12607845	
448.6	0.13725249	0.12667122	
448.8	0.13818892	0.12726083	
449	0.13900129	0.12784732	
449.2	0.13964852	0.1284307	
449.4	0.14044231	0.12901098	
449.6	0.14090771	0.12958818	
449.8	0.14128369	0.13016232	
450	0.14171989	0.13073341	
450.2	0.14223219	0.13130148	
450.4	0.14310128	0.13186653	
450.6	0.14330709	0.13242858	
450.8	0.14398199	0.13298765	
451	0.14458199	0.13354375	
451.2	0.14535141	0.1340969	
451.4	0.14591381	0.13464712	
451.6	0.14653146	0.13519442	
451.8	0.1466293	0.13573881	
452	0.1470919	0.13628032	
452.2	0.14774608	0.13681895	
452.4	0.14848408	0.13735472	
452.6	0.14916794	0.13788766	
452.8	0.14997486	0.13841776	
453	0.15047321	0.13894505	
453.2	0.15078356	0.13946955	
453.4	0.15140718	0.13999126	
453.6	0.15168384	0.1405102	
453.8	0.15213722	0.14102639	
454	0.15266693	0.14153984	
454.2	0.15324121	0.14205057	
454.4	0.15399293	0.14255858	
454.6	0.15472268	0.1430639	
454.8	0.15538939	0.14356654	
455	0.15575783	0.14406652	
455.2	0.15573185	0.14456384	
455.4	0.15604374	0.14505852	
455.6	0.15630976	0.14555058	
455.8	0.1565901	0.14604002	
456	0.15750401	0.14652687	
456.2	0.1583685	0.14701114	
456.4	0.158492	0.14749284	
456.6	0.15945581	0.14797198	
456.8	0.15994872	0.14844858	
457	0.16060791	0.14892265	
457.2	0.16115859	0.1493942	
457.4	0.16168997	0.14986325	
457.6	0.16175079	0.15032982	
457.8	0.16222538	0.15079391	
458	0.16270185	0.15125553	
458.2	0.16302367	0.15171471	
458.4	0.16387647	0.15217145	
458.6	0.1641585	0.15262577	
458.8	0.1641833	0.15307767	
459	0.16458585	0.15352718	
459.2	0.1651922	0.15397431	
459.4	0.16540519	0.15441906	
459.6	0.16588574	0.15486145	
459.8	0.16628359	0.15530149	
460	0.16748264	0.1557392	
460.2	0.16810539	0.15617459	
460.4	0.16860903	0.15660767	
460.6	0.16972331	0.15703845	
460.8	0.17013827	0.15746694	
461	0.17077956	0.15789316	
461.2	0.17123495	0.15831712	
461.4	0.17164822	0.15873883	
461.6	0.17173597	0.1591583	
461.8	0.17172871	0.15957555	
462	0.17213642	0.15999058	
462.2	0.17249681	0.16040341	
462.4	0.17292849	0.16081405	
462.6	0.17334189	0.16122251	
462.8	0.17389981	0.16162881	
463	0.17423689	0.16203294	
463.2	0.17457132	0.16243494	
463.4	0.17459811	0.1628348	
463.6	0.17511081	0.16323254	
463.8	0.17551848	0.16362817	
464	0.17615859	0.1640217	
464.2	0.17665904	0.16441314	
464.4	0.17710866	0.16480251	
464.6	0.17782596	0.16518981	
464.8	0.17834038	0.16557505	
465	0.1783124	0.16595825	
465.2	0.17816856	0.16633942	
465.4	0.17848269	0.16671856	
465.6	0.17843401	0.16709569	
465.8	0.17855174	0.16747083	
466	0.17901132	0.16784397	
466.2	0.17935028	0.16821513	
466.4	0.17975637	0.16858432	
466.6	0.18044149	0.16895156	
466.8	0.18076445	0.16931684	
467	0.18142869	0.16968019	
467.2	0.1820608	0.17004161	
467.4	0.18254859	0.17040111	
467.6	0.18301826	0.1707587	
467.8	0.18353783	0.1711144	
468	0.18402778	0.17146821	
468.2	0.18425844	0.17182014	
468.4	0.18461345	0.17217021	
468.6	0.18501902	0.17251841	
468.8	0.18513069	0.17286477	
469	0.18507883	0.1732093	
469.2	0.18515	0.17355199	
469.4	0.18548549	0.17389287	
469.6	0.18578641	0.17423194	
469.8	0.18624746	0.1745692	
470	0.1867351	0.17490468	
470.2	0.18751075	0.17523838	
470.4	0.18816486	0.17557031	
470.6	0.18866569	0.17590048	
470.8	0.18927881	0.17622889	
471	0.19032074	0.17655557	
471.2	0.19047546	0.17688051	
471.4	0.19078374	0.17720372	
471.6	0.19125406	0.17752522	
471.8	0.19176116	0.17784502	
472	0.19236535	0.17816312	
472.2	0.19254412	0.17847953	
472.4	0.19306399	0.17879426	
472.6	0.19323968	0.17910732	
472.8	0.19351953	0.17941872	
473	0.19331855	0.17972847	
473.2	0.19317045	0.18003657	
473.4	0.19338307	0.18034304	
473.6	0.19354976	0.18064789	
473.8	0.19346366	0.18095111	
474	0.19376926	0.18125273	
474.2	0.19395539	0.18155275	
474.4	0.19380896	0.18185118	
474.6	0.19390187	0.18214802	
474.8	0.1945188	0.18244328	
475	0.19483314	0.18273699	
475.2	0.19486772	0.18302913	
475.4	0.19488354	0.18331972	
475.6	0.19522743	0.18360877	
475.8	0.19576501	0.18389629	
476	0.19620255	0.18418228	
476.2	0.19661308	0.18446675	
476.4	0.19684893	0.18474972	
476.6	0.19710432	0.18503118	
476.8	0.19736316	0.18531115	
477	0.19776467	0.18558963	
477.2	0.19819041	0.18586664	
477.4	0.19854565	0.18614218	
477.6	0.19846646	0.18641625	
477.8	0.19882294	0.18668887	
478	0.19947357	0.18696005	
478.2	0.19997642	0.18722978	
478.4	0.20018295	0.18749809	
478.6	0.20066073	0.18776497	
478.8	0.20108513	0.18803043	
479	0.2008669	0.18829449	
479.2	0.20088097	0.18855715	
479.4	0.20101876	0.18881841	
479.6	0.20106346	0.18907828	
479.8	0.20119752	0.18933678	
480	0.20168241	0.1895939	
480.2	0.20198234	0.18984966	
480.4	0.20188072	0.19010407	
480.6	0.20173898	0.19035712	
480.8	0.20169681	0.19060883	
481	0.20166282	0.19085921	
481.2	0.20139602	0.19110826	
481.4	0.20139776	0.19135598	
481.6	0.20136627	0.19160239	
481.8	0.20166724	0.1918475	
482	0.20210566	0.1920913	
482.2	0.20261108	0.19233381	
482.4	0.20270111	0.19257504	
482.6	0.20326224	0.19281498	
482.8	0.20347811	0.19305365	
483	0.20382439	0.19329105	
483.2	0.20453735	0.1935272	
483.4	0.20502062	0.19376209	
483.6	0.20489316	0.19399574	
483.8	0.20564589	0.19422814	
484	0.20579677	0.19445931	
484.2	0.2059012	0.19468926	
484.4	0.2058153	0.19491799	
484.6	0.20567119	0.1951455	
484.8	0.20589822	0.1953718	
485	0.20607055	0.19559691	
485.2	0.20636661	0.19582082	
485.4	0.20654448	0.19604354	
485.6	0.20641249	0.19626508	
485.8	0.20652551	0.19648544	
486	0.20699965	0.19670464	
486.2	0.20762296	0.19692267	
486.4	0.20810055	0.19713955	
486.6	0.20887459	0.19735527	
486.8	0.20915061	0.19756985	
487	0.20983628	0.1977833	
487.2	0.21042969	0.19799561	
487.4	0.21055075	0.19820679	
487.6	0.21069978	0.19841685	
487.8	0.21100696	0.1986258	
488	0.21062062	0.19883364	
488.2	0.21139578	0.19904037	
488.4	0.21146406	0.19924601	
488.6	0.21211179	0.19945056	
488.8	0.21203149	0.19965403	
489	0.21196967	0.19985641	
489.2	0.21191413	0.20005772	
489.4	0.21198369	0.20025796	
489.6	0.2116994	0.20045714	
489.8	0.21195775	0.20065526	
490	0.21213348	0.20085234	
490.2	0.21211751	0.20104836	
490.4	0.21241666	0.20124335	
490.6	0.21273713	0.2014373	
490.8	0.21307463	0.20163022	
491	0.21350985	0.20182212	
491.2	0.21374257	0.202013	
491.4	0.21378152	0.20220287	
491.6	0.21368375	0.20239173	
491.8	0.21382247	0.20257958	
492	0.21397762	0.20276645	
492.2	0.21457286	0.20295232	
492.4	0.21449528	0.2031372	
492.6	0.21468752	0.2033211	
492.8	0.21426411	0.20350403	
493	0.21448199	0.20368598	
493.2	0.21449921	0.20386698	
493.4	0.21465126	0.20404701	
493.6	0.2144495	0.20422608	
493.8	0.21426647	0.20440421	
494	0.21390485	0.20458139	
494.2	0.21414161	0.20475763	
494.4	0.21450131	0.20493293	
494.6	0.21489498	0.20510731	
494.8	0.21510962	0.20528076	
495	0.21533424	0.20545329	
495.2	0.21554573	0.2056249	
495.4	0.21561724	0.2057956	
495.6	0.21571545	0.2059654	
495.8	0.21588696	0.2061343	
496	0.21587244	0.2063023	
496.2	0.21651013	0.20646941	
496.4	0.21654866	0.20663563	
496.6	0.21684002	0.20680097	
496.8	0.21714378	0.20696544	
497	0.21742232	0.20712903	
497.2	0.21743786	0.20729175	
497.4	0.21750333	0.20745361	
497.6	0.21772638	0.20761461	
497.8	0.21731482	0.20777476	
498	0.217517	0.20793405	
498.2	0.21752053	0.2080925	
498.4	0.21734653	0.20825011	
498.6	0.21746454	0.20840689	
498.8	0.21769388	0.20856283	
499	0.21793565	0.20871795	
499.2	0.21826059	0.20887224	
499.4	0.21853254	0.20902571	
499.6	0.21848958	0.20917837	
499.8	0.21839192	0.20933022	
500	0.21847204	0.20948127	
500.2	0.21918312	0.20963151	
500.4	0.21903309	0.20978095	
500.6	0.21920754	0.20992961	
500.8	0.2199138	0.21007747	
501	0.22016409	0.21022455	
501.2	0.22071062	0.21037085	
501.4	0.22086057	0.21051637	
501.6	0.22088552	0.21066112	
501.8	0.22038078	0.2108051	
502	0.22059262	0.21094832	
502.2	0.22054138	0.21109078	
502.4	0.22071706	0.21123248	
502.6	0.22122617	0.21137343	
502.8	0.22170787	0.21151363	
503	0.22178564	0.21165309	
503.2	0.22236807	0.21179181	
503.4	0.22253755	0.21192979	
503.6	0.2224469	0.21206705	
503.8	0.22278907	0.21220357	
504	0.2225007	0.21233937	
504.2	0.22254799	0.21247444	
504.4	0.22240723	0.21260881	
504.6	0.22255769	0.21274245	
504.8	0.22312502	0.21287539	
505	0.22296152	0.21300763	
505.2	0.22295545	0.21313916	
505.4	0.22270011	0.21326999	
505.6	0.22262179	0.21340013	
505.8	0.22225003	0.21352958	
506	0.22234694	0.21365834	
506.2	0.22192803	0.21378642	
506.4	0.22211084	0.21391382	
506.6	0.22244557	0.21404055	
506.8	0.22270123	0.2141666	
507	0.22313223	0.21429198	
507.2	0.22345141	0.2144167	
507.4	0.22374852	0.21454076	
507.6	0.22399365	0.21466415	
507.8	0.22420118	0.2147869	
508	0.22417818	0.21490899	
508.2	0.22473661	0.21503043	
508.4	0.2249586	0.21515123	
508.6	0.2248527	0.21527139	
508.8	0.22508927	0.21539091	
509	0.22510683	0.2155098	
509.2	0.22497678	0.21562805	
509.4	0.22526971	0.21574568	
509.6	0.22529193	0.21586269	
509.8	0.2251046	0.21597907	
510	0.22529435	0.21609484	
510.2	0.22539656	0.21620999	
510.4	0.22594463	0.21632453	
510.6	0.22579483	0.21643846	
510.8	0.22610788	0.21655179	
511	0.2257719	0.21666452	
511.2	0.22579535	0.21677665	
511.4	0.22617179	0.21688818	
511.6	0.22627083	0.21699913	
511.8	0.2263514	0.21710948	
512	0.22674703	0.21721925	
512.2	0.22683439	0.21732843	
512.4	0.22671853	0.21743704	
512.6	0.22659727	0.21754507	
512.8	0.22683301	0.21765253	
513	0.2265741	0.21775942	
513.2	0.22601205	0.21786574	
513.4	0.22604246	0.21797149	
513.6	0.22588253	0.21807669	
513.8	0.22585266	0.21818132	
514	0.22559758	0.2182854	
514.2	0.22553315	0.21838893	
514.4	0.22554004	0.21849191	
514.6	0.22528924	0.21859435	
514.8	0.22547767	0.21869624	
515	0.22527432	0.21879759	
515.2	0.22611489	0.2188984	
515.4	0.22654938	0.21899868	
515.6	0.22643435	0.21909842	
515.8	0.22705067	0.21919764	
516	0.22756739	0.21929632	
516.2	0.22751862	0.21939449	
516.4	0.22810513	0.21949213	
516.6	0.22850477	0.21958926	
516.8	0.22859823	0.21968587	
517	0.22852751	0.21978197	
517.2	0.22862902	0.21987756	
517.4	0.22900271	0.21997264	
517.6	0.22914468	0.22006722	
517.8	0.22946891	0.22016129	
518	0.22972452	0.22025487	
518.2	0.23000759	0.22034795	
518.4	0.23022477	0.22044054	
518.6	0.23023642	0.22053263	
518.8	0.23030991	0.22062424	
519	0.22998398	0.22071536	
519.2	0.23023995	0.22080599	
519.4	0.23003606	0.22089615	
519.6	0.22964078	0.22098582	
519.8	0.23021022	0.22107503	
520	0.23011052	0.22116375	
520.2	0.23001699	0.22125201	
520.4	0.23021765	0.2213398	
520.6	0.23039612	0.22142712	
520.8	0.23031778	0.22151398	
521	0.23065559	0.22160038	
521.2	0.23065953	0.22168632	
521.4	0.23073854	0.22177181	
521.6	0.23069767	0.22185684	
521.8	0.23054146	0.22194142	
522	0.23062965	0.22202555	
522.2	0.23045131	0.22210923	
522.4	0.23032763	0.22219247	
522.6	0.23036707	0.22227527	
522.8	0.23044496	0.22235763	
523	0.23007002	0.22243956	
523.2	0.23037977	0.22252104	
523.4	0.23090012	0.2226021	
523.6	0.23126725	0.22268273	
523.8	0.23189814	0.22276292	
524	0.23196785	0.2228427	
524.2	0.23196255	0.22292204	
524.4	0.23166602	0.22300097	
524.6	0.23156574	0.22307948	
524.8	0.23136271	0.22315758	
525	0.2311986	0.22323525	
525.2	0.23081261	0.22331252	
525.4	0.23067896	0.22338938	
525.6	0.23045024	0.22346582	
525.8	0.23014225	0.22354187	
526	0.23034877	0.22361751	
526.2	0.23031477	0.22369275	
526.4	0.23015567	0.22376758	
526.6	0.23027927	0.22384203	
526.8	0.23005778	0.22391607	
527	0.22983936	0.22398973	
527.2	0.23017125	0.22406299	
527.4	0.23069763	0.22413586	
527.6	0.23076794	0.22420835	
527.8	0.23082769	0.22428046	
528	0.23095252	0.22435218	
528.2	0.23069935	0.22442352	
528.4	0.23062696	0.22449448	
528.6	0.23096888	0.22456506	
528.8	0.23121929	0.22463527	
529	0.23150356	0.22470511	
529.2	0.23151496	0.22477458	
529.4	0.23208076	0.22484368	
529.6	0.23242298	0.22491241	
529.8	0.2328569	0.22498078	
530	0.23314127	0.22504878	
530.2	0.2333097	0.22511643	
530.4	0.23340019	0.22518371	
530.6	0.23343837	0.22525064	
530.8	0.23327357	0.22531721	
531	0.23332881	0.22538343	
531.2	0.23313764	0.2254493	
531.4	0.23307785	0.22551482	
531.6	0.2334455	0.22557999	
531.8	0.23330373	0.22564482	
532	0.23314325	0.2257093	
532.2	0.23295561	0.22577344	
532.4	0.23365476	0.22583724	
532.6	0.23364499	0.2259007	
532.8	0.23330379	0.22596382	
533	0.23364134	0.22602661	
533.2	0.23339193	0.22608907	
533.4	0.23405084	0.22615119	
533.6	0.23407788	0.22621299	
533.8	0.23483555	0.22627445	
534	0.23483548	0.22633559	
534.2	0.23502773	0.22639641	
534.4	0.23493928	0.2264569	
534.6	0.23497928	0.22651708	
534.8	0.23460659	0.22657693	
535	0.2339489	0.22663647	
535.2	0.23374584	0.22669569	
535.4	0.23388013	0.22675459	
535.6	0.23405307	0.22681319	
535.8	0.23378827	0.22687147	
536	0.23386646	0.22692944	
536.2	0.23419898	0.22698711	
536.4	0.23442866	0.22704447	
536.6	0.23404211	0.22710152	
536.8	0.23434348	0.22715827	
537	0.23444847	0.22721473	
537.2	0.23454502	0.22727088	
537.4	0.2349969	0.22732673	
537.6	0.23492807	0.22738229	
537.8	0.23525662	0.22743755	
538	0.23486659	0.22749252	
538.2	0.23457129	0.2275472	
538.4	0.23414501	0.22760159	
538.6	0.23440649	0.22765569	
538.8	0.23417939	0.2277095	
539	0.23406436	0.22776303	
539.2	0.234651	0.22781627	
539.4	0.23486804	0.22786923	
539.6	0.23489151	0.22792191	
539.8	0.23498106	0.22797431	
540	0.23475694	0.22802643	
540.2	0.23457936	0.22807828	
540.4	0.23442932	0.22812985	
540.6	0.23403768	0.22818114	
540.8	0.23395062	0.22823217	
541	0.23371862	0.22828292	
541.2	0.23359861	0.2283334	
541.4	0.23341714	0.22838362	
541.6	0.23308503	0.22843357	
541.8	0.23288992	0.22848326	
542	0.23273971	0.22853268	
542.2	0.23264727	0.22858184	
542.4	0.23288214	0.22863073	
542.6	0.23334249	0.22867937	
542.8	0.23338505	0.22872775	
543	0.23332773	0.22877588	
543.2	0.23365702	0.22882375	
543.4	0.23385769	0.22887136	
543.6	0.23386542	0.22891872	
543.8	0.23389788	0.22896584	
544	0.23403412	0.2290127	
544.2	0.23413931	0.22905931	
544.4	0.2344611	0.22910567	
544.6	0.23467391	0.22915179	
544.8	0.23475415	0.22919767	
545	0.23490284	0.2292433	
545.2	0.23515969	0.22928869	
545.4	0.2356549	0.22933383	
545.6	0.2357197	0.22937874	
545.8	0.2357805	0.22942341	
546	0.23560801	0.22946785	
546.2	0.23562378	0.22951204	
546.4	0.23558535	0.22955601	
546.6	0.23518502	0.22959974	
546.8	0.23520113	0.22964323	
547	0.23484057	0.2296865	
547.2	0.23490744	0.22972954	
547.4	0.23490954	0.22977235	
547.6	0.23486876	0.22981493	
547.8	0.23467089	0.22985728	
548	0.23487844	0.22989941	
548.2	0.23478715	0.22994132	
548.4	0.23481347	0.22998301	
548.6	0.23452195	0.23002447	
548.8	0.23402723	0.23006571	
549	0.23375021	0.23010674	
549.2	0.23393489	0.23014755	
549.4	0.23367489	0.23018814	
549.6	0.23357238	0.23022851	
549.8	0.23395854	0.23026868	
550	0.23397679	0.23030862	
550.2	0.23411489	0.23034836	
550.4	0.234189	0.23038789	
550.6	0.23452278	0.2304272	
550.8	0.23508363	0.23046631	
551	0.23489372	0.23050521	
551.2	0.23512164	0.2305439	
551.4	0.23557167	0.23058239	
551.6	0.23558422	0.23062067	
551.8	0.23580582	0.23065875	
552	0.23604763	0.23069663	
552.2	0.23606976	0.23073431	
552.4	0.23600344	0.23077179	
552.6	0.23591105	0.23080907	
552.8	0.23591341	0.23084615	
553	0.23555878	0.23088303	
553.2	0.23574096	0.23091972	
553.4	0.23588992	0.23095621	
553.6	0.23656153	0.23099251	
553.8	0.23679542	0.23102862	
554	0.23664495	0.23106454	
554.2	0.23652406	0.23110026	
554.4	0.23689113	0.2311358	
554.6	0.23718857	0.23117115	
554.8	0.23711655	0.23120631	
555	0.23672796	0.23124128	
555.2	0.23670126	0.23127607	
555.4	0.2366646	0.23131067	
555.6	0.23672933	0.23134509	
555.8	0.23707336	0.23137933	
556	0.23691257	0.23141338	
556.2	0.23714203	0.23144726	
556.4	0.23731956	0.23148095	
556.6	0.23741926	0.23151447	
556.8	0.23705497	0.23154781	
557	0.23702633	0.23158097	
557.2	0.23713225	0.23161396	
557.4	0.23724363	0.23164677	
557.6	0.23733992	0.2316794	
557.8	0.23702287	0.23171187	
558	0.23757611	0.23174416	
558.2	0.2378984	0.23177628	
558.4	0.23828283	0.23180823	
558.6	0.23818662	0.23184	
558.8	0.23795604	0.23187162	
559	0.23792228	0.23190306	
559.2	0.2377938	0.23193434	
559.4	0.23769859	0.23196545	
559.6	0.23771262	0.23199639	
559.8	0.2376465	0.23202717	
560	0.23760858	0.23205779	
560.2	0.23750623	0.23208825	
560.4	0.23743267	0.23211854	
560.6	0.23750436	0.23214867	
560.8	0.23697265	0.23217865	
561	0.23717013	0.23220846	
561.2	0.23695712	0.23223812	
561.4	0.23714531	0.23226762	
561.6	0.23770596	0.23229696	
561.8	0.23805941	0.23232615	
562	0.23818816	0.23235518	
562.2	0.23853787	0.23238406	
562.4	0.23862337	0.23241278	
562.6	0.23843583	0.23244135	
562.8	0.23863461	0.23246977	
563	0.23874487	0.23249804	
563.2	0.23849453	0.23252616	
563.4	0.23837385	0.23255413	
563.6	0.23853948	0.23258195	
563.8	0.23894286	0.23260963	
564	0.23887458	0.23263716	
564.2	0.2386079	0.23266454	
564.4	0.23876789	0.23269177	
564.6	0.23874183	0.23271887	
564.8	0.23840117	0.23274581	
565	0.23813883	0.23277262	
565.2	0.23805386	0.23279928	
565.4	0.23798623	0.2328258	
565.6	0.23782865	0.23285218	
565.8	0.23725275	0.23287842	
566	0.23663207	0.23290453	
566.2	0.2367762	0.23293049	
566.4	0.23631411	0.23295631	
566.6	0.2362725	0.232982	
566.8	0.23646923	0.23300755	
567	0.2364495	0.23303297	
567.2	0.23654654	0.23305825	
567.4	0.23674216	0.2330834	
567.6	0.23701567	0.23310841	
567.8	0.23712273	0.23313329	
568	0.23711648	0.23315804	
568.2	0.23730756	0.23318266	
568.4	0.23737245	0.23320715	
568.6	0.23732415	0.23323151	
568.8	0.23726601	0.23325573	
569	0.23721649	0.23327983	
569.2	0.23739689	0.23330381	
569.4	0.23766009	0.23332765	
569.6	0.23739395	0.23335137	
569.8	0.23731406	0.23337496	
570	0.23738158	0.23339843	
570.2	0.23747265	0.23342177	
570.4	0.23765072	0.23344499	
570.6	0.23782846	0.23346808	
570.8	0.23789611	0.23349106	
571	0.23841535	0.23351391	
571.2	0.23849996	0.23353664	
571.4	0.23843188	0.23355925	
571.6	0.23820925	0.23358173	
571.8	0.23849069	0.2336041	
572	0.23857074	0.23362636	
572.2	0.2382204	0.23364849	
572.4	0.23789259	0.2336705	
572.6	0.23777225	0.2336924	
572.8	0.23782255	0.23371419	
573	0.23792755	0.23373585	
573.2	0.23808405	0.23375741	
573.4	0.23823008	0.23377884	
573.6	0.23763172	0.23380017	
573.8	0.23805269	0.23382138	
574	0.23858328	0.23384248	
574.2	0.23864232	0.23386346	
574.4	0.23839014	0.23388434	
574.6	0.23835675	0.2339051	
574.8	0.23863703	0.23392576	
575	0.23880797	0.2339463	
575.2	0.23829773	0.23396674	
575.4	0.23828888	0.23398706	
575.6	0.2384012	0.23400728	
575.8	0.23844849	0.23402739	
576	0.23803124	0.2340474	
576.2	0.23737176	0.2340673	
576.4	0.23761523	0.23408709	
576.6	0.23748863	0.23410678	
576.8	0.23737152	0.23412636	
577	0.23724282	0.23414584	
577.2	0.23741494	0.23416522	
577.4	0.23731899	0.2341845	
577.6	0.23730035	0.23420367	
577.8	0.2381014	0.23422274	
578	0.23795216	0.23424171	
578.2	0.23744322	0.23426057	
578.4	0.23743229	0.23427934	
578.6	0.23795218	0.23429801	
578.8	0.23812045	0.23431658	
579	0.23784382	0.23433505	
579.2	0.23787139	0.23435342	
579.4	0.23847148	0.2343717	
579.6	0.23872211	0.23438988	
579.8	0.23860464	0.23440796	
580	0.23852179	0.23442595	
580.2	0.23850224	0.23444384	
580.4	0.23859366	0.23446163	
580.6	0.23815315	0.23447933	
580.8	0.23819662	0.23449694	
581	0.23835544	0.23451445	
581.2	0.23814243	0.23453188	
581.4	0.23768969	0.2345492	
581.6	0.23743736	0.23456644	
581.8	0.23754772	0.23458359	
582	0.23716179	0.23460064	
582.2	0.23707334	0.2346176	
582.4	0.23725643	0.23463448	
582.6	0.23729949	0.23465126	
582.8	0.23701852	0.23466796	
583	0.23700027	0.23468456	
583.2	0.23710004	0.23470108	
583.4	0.2371979	0.23471751	
583.6	0.23712322	0.23473386	
583.8	0.23735609	0.23475011	
584	0.23732411	0.23476628	
584.2	0.23760903	0.23478237	
584.4	0.23774802	0.23479837	
584.6	0.23820181	0.23481428	
584.8	0.23858797	0.23483011	
585	0.23879499	0.23484586	
585.2	0.23895999	0.23486152	
585.4	0.23881251	0.2348771	
585.6	0.23900887	0.2348926	
585.8	0.23913182	0.23490801	
586	0.23911793	0.23492335	
586.2	0.23853108	0.2349386	
586.4	0.23847185	0.23495377	
586.6	0.23839796	0.23496886	
586.8	0.23803644	0.23498387	
587	0.23786018	0.2349988	
587.2	0.23749431	0.23501365	
587.4	0.23718124	0.23502842	
587.6	0.23712589	0.23504312	
587.8	0.23713616	0.23505773	
588	0.23691736	0.23507227	
588.2	0.23730356	0.23508673	
588.4	0.23763202	0.23510112	
588.6	0.23792686	0.23511542	
588.8	0.23820839	0.23512966	
589	0.23811461	0.23514381	
589.2	0.23823315	0.23515789	
589.4	0.23754894	0.2351719	
589.6	0.23736921	0.23518583	
589.8	0.23737077	0.23519969	
590	0.23730403	0.23521348	
590.2	0.2371037	0.23522719	
590.4	0.23743436	0.23524083	
590.6	0.23748343	0.2352544	
590.8	0.23754914	0.23526789	
591	0.23725157	0.23528132	
591.2	0.23733009	0.23529467	
591.4	0.23728707	0.23530795	
591.6	0.23729792	0.23532116	
591.8	0.23759496	0.2353343	
592	0.23788729	0.23534737	
592.2	0.2381268	0.23536037	
592.4	0.23827677	0.23537331	
592.6	0.23840482	0.23538617	
592.8	0.23834986	0.23539897	
593	0.23763925	0.23541169	
593.2	0.23775578	0.23542435	
593.4	0.23770826	0.23543695	
593.6	0.23759519	0.23544947	
593.8	0.23801861	0.23546193	
594	0.23806748	0.23547433	
594.2	0.2380029	0.23548666	
594.4	0.23798315	0.23549892	
594.6	0.23803593	0.23551112	
594.8	0.238192	0.23552325	
595	0.23800792	0.23553532	
595.2	0.2381805	0.23554732	
595.4	0.23810083	0.23555926	
595.6	0.23834471	0.23557114	
595.8	0.23849896	0.23558295	
596	0.23844161	0.23559471	
596.2	0.23858803	0.2356064	
596.4	0.23938016	0.23561802	
596.6	0.23975836	0.23562959	
596.8	0.23947775	0.23564109	
597	0.23944509	0.23565254	
597.2	0.23954409	0.23566392	
597.4	0.2391798	0.23567524	
597.6	0.23848961	0.2356865	
597.8	0.23853471	0.23569771	
598	0.23811222	0.23570885	
598.2	0.23770011	0.23571993	
598.4	0.23764016	0.23573096	
598.6	0.23760162	0.23574192	
598.8	0.23762775	0.23575283	
599	0.23744161	0.23576368	
599.2	0.23732355	0.23577447	
599.4	0.23743643	0.23578521	
599.6	0.23773011	0.23579589	
599.8	0.23786008	0.23580651	
600	0.23786008	0.23581713	
600.2	0.23769992	0.23505651	
600.4	0.23725524	0.23429835	
600.6	0.23660944	0.23354263	
600.8	0.23576395	0.23278935	
601	0.23510699	0.2320385	
601.2	0.23442822	0.23129007	
601.4	0.2334494	0.23054405	
601.6	0.23244413	0.22980044	
601.8	0.23150201	0.22905923	
602	0.23073681	0.22832041	
602.2	0.22999997	0.22758397	
602.4	0.22901509	0.22684991	
602.6	0.22803438	0.22611822	
602.8	0.22695522	0.22538889	
603	0.22630955	0.2246619	
603.2	0.22538143	0.22393727	
603.4	0.22436235	0.22321497	
603.6	0.22357849	0.222495	
603.8	0.22295966	0.22177735	
604	0.22250105	0.22106202	
604.2	0.22155772	0.22034899	
604.4	0.22031371	0.21963827	
604.6	0.21948851	0.21892983	
604.8	0.21885076	0.21822369	
605	0.21810981	0.21751981	
605.2	0.21701125	0.21681821	
605.4	0.21584255	0.21611888	
605.6	0.21485016	0.2154218	
605.8	0.21417819	0.21472696	
606	0.2137711	0.21403437	
606.2	0.21299661	0.21334401	
606.4	0.2119413	0.21265588	
606.6	0.21113905	0.21196997	
606.8	0.21030286	0.21128627	
607	0.20941635	0.21060478	
607.2	0.20853405	0.20992548	
607.4	0.20758009	0.20924837	
607.6	0.20672799	0.20857345	
607.8	0.20612085	0.20790071	
608	0.20505838	0.20723013	
608.2	0.20376226	0.20656172	
608.4	0.20306368	0.20589547	
608.6	0.20261635	0.20523136	
608.8	0.2014933	0.2045694	
609	0.20015328	0.20390957	
609.2	0.19925278	0.20325187	
609.4	0.19876918	0.20259629	
609.6	0.19822164	0.20194282	
609.8	0.19768688	0.20129147	
610	0.19713651	0.20064221	
610.2	0.19620988	0.19999505	
610.4	0.19549612	0.19934997	
610.6	0.19473259	0.19870698	
610.8	0.19432938	0.19806606	
611	0.19328624	0.1974272	
611.2	0.19272889	0.19679041	
611.4	0.19199636	0.19615567	
611.6	0.19132323	0.19552298	
611.8	0.19047493	0.19489233	
612	0.18969956	0.19426372	
612.2	0.18917169	0.19363713	
612.4	0.18852847	0.19301256	
612.6	0.18789945	0.19239001	
612.8	0.18723431	0.19176946	
613	0.18700366	0.19115092	
613.2	0.18677756	0.19053437	
613.4	0.18638229	0.18991981	
613.6	0.18613174	0.18930723	
613.8	0.18548081	0.18869663	
614	0.18502966	0.188088	
614.2	0.18412608	0.18748133	
614.4	0.18356677	0.18687661	
614.6	0.18300901	0.18627385	
614.8	0.1821663	0.18567304	
615	0.1807652	0.18507416	
615.2	0.17959764	0.18447721	
615.4	0.17845015	0.18388218	
615.6	0.177147	0.18328908	
615.8	0.17622975	0.18269789	
616	0.17532379	0.18210861	
616.2	0.17439138	0.18152122	
616.4	0.1733434	0.18093573	
616.6	0.17268226	0.18035213	
616.8	0.1721071	0.17977042	
617	0.17165848	0.17919058	
617.2	0.17072005	0.17861261	
617.4	0.17028053	0.1780365	
617.6	0.16987569	0.17746225	
617.8	0.16942765	0.17688985	
618	0.16912173	0.1763193	
618.2	0.1685481	0.17575059	
618.4	0.1685778	0.17518372	
618.6	0.16822897	0.17461867	
618.8	0.16753776	0.17405545	
619	0.16686242	0.17349404	
619.2	0.16615447	0.17293444	
619.4	0.16557246	0.17237665	
619.6	0.16469475	0.17182066	
619.8	0.16400612	0.17126646	
620	0.16329889	0.17071404	
620.2	0.16267306	0.17016341	
620.4	0.16142857	0.16961456	
620.6	0.16063931	0.16906748	
620.8	0.16029113	0.16852216	
621	0.1595137	0.1679786	
621.2	0.15849528	0.16743679	
621.4	0.15819126	0.16689673	
621.6	0.15758542	0.16635841	
621.8	0.15745946	0.16582183	
622	0.15689414	0.16528698	
622.2	0.15608322	0.16475385	
622.4	0.15593401	0.16422245	
622.6	0.15544013	0.16369276	
622.8	0.15482447	0.16316477	
623	0.15427435	0.16263849	
623.2	0.15342842	0.16211391	
623.4	0.15288224	0.16159102	
623.6	0.15254094	0.16106981	
623.8	0.15234328	0.16055029	
624	0.15201096	0.16003244	
624.2	0.15175324	0.15951626	
624.4	0.1507886	0.15900175	
624.6	0.15038035	0.1584889	
624.8	0.15018976	0.1579777	
625	0.14927812	0.15746815	
625.2	0.14881922	0.15696024	
625.4	0.14804623	0.15645398	
625.6	0.14727465	0.15594934	
625.8	0.14632401	0.15544633	
626	0.14535677	0.15494495	
626.2	0.14456648	0.15444518	
626.4	0.14379305	0.15394702	
626.6	0.14261544	0.15345048	
626.8	0.14170721	0.15295553	
627	0.14114378	0.15246218	
627.2	0.14039679	0.15197042	
627.4	0.14032696	0.15148024	
627.6	0.14027666	0.15099165	
627.8	0.13993162	0.15050463	
628	0.13964908	0.15001919	
628.2	0.13927359	0.14953531	
628.4	0.13836968	0.14905299	
628.6	0.13810427	0.14857223	
628.8	0.13747129	0.14809301	
629	0.1368548	0.14761535	
629.2	0.13655802	0.14713922	
629.4	0.13583463	0.14666463	
629.6	0.13551457	0.14619157	
629.8	0.1346671	0.14572003	
630	0.13425299	0.14525002	
630.2	0.13346579	0.14478152	
630.4	0.1322279	0.14431454	
630.6	0.13145467	0.14384906	
630.8	0.13093527	0.14338508	
631	0.13052562	0.1429226	
631.2	0.13010354	0.14246161	
631.4	0.12993782	0.1420021	
631.6	0.12942831	0.14154408	
631.8	0.12864907	0.14108754	
632	0.12833254	0.14063247	
632.2	0.12765496	0.14017886	
632.4	0.1272365	0.13972672	
632.6	0.12699516	0.13927604	
632.8	0.12641233	0.13882681	
633	0.12613843	0.13837903	
633.2	0.12549194	0.1379327	
633.4	0.12476162	0.1374878	
633.6	0.12428052	0.13704434	
633.8	0.12381321	0.13660231	
634	0.12325188	0.13616171	
634.2	0.12221565	0.13572252	
634.4	0.12124236	0.13528476	
634.6	0.12083509	0.1348484	
634.8	0.12022322	0.13441345	
635	0.11984091	0.13397991	
635.2	0.11913519	0.13354776	
635.4	0.11836432	0.13311701	
635.6	0.11779902	0.13268765	
635.8	0.11701609	0.13225967	
636	0.1168348	0.13183307	
636.2	0.1161187	0.13140785	
636.4	0.11558301	0.130984	
636.6	0.11524004	0.13056152	
636.8	0.11453319	0.1301404	
637	0.11373833	0.12972064	
637.2	0.11310187	0.12930223	
637.4	0.11299689	0.12888517	
637.6	0.11283038	0.12846946	
637.8	0.11266773	0.12805508	
638	0.11196294	0.12764205	
638.2	0.11176879	0.12723034	
638.4	0.11131746	0.12681997	
638.6	0.11118032	0.12641092	
638.8	0.11093677	0.12600318	
639	0.11085863	0.12559677	
639.2	0.11016805	0.12519166	
639.4	0.10990476	0.12478786	
639.6	0.10957984	0.12438536	
639.8	0.10892269	0.12398416	
640	0.10838649	0.12358426	
640.2	0.10778617	0.12318564	
640.4	0.10699346	0.12278831	
640.6	0.10669284	0.12239226	
640.8	0.10591718	0.12199749	
641	0.10544699	0.121604	
641.2	0.10537772	0.12121177	
641.4	0.10514197	0.12082081	
641.6	0.10464307	0.1204311	
641.8	0.10421783	0.12004266	
642	0.10386006	0.11965547	
642.2	0.10383003	0.11926952	
642.4	0.10300784	0.11888482	
642.6	0.10259978	0.11850137	
642.8	0.10243823	0.11811915	
643	0.10177308	0.11773816	
643.2	0.10091186	0.1173584	
643.4	0.10067566	0.11697987	
643.6	0.09982599	0.11660255	
643.8	0.09919592	0.11622646	
644	0.09840152	0.11585157	
644.2	0.09776383	0.1154779	
644.4	0.09670213	0.11510543	
644.6	0.09627148	0.11473416	
644.8	0.09555287	0.11436409	
645	0.09563975	0.11399522	
645.2	0.09540107	0.11362753	
645.4	0.09520211	0.11326103	
645.6	0.09485077	0.11289571	
645.8	0.09495422	0.11253157	
646	0.09461251	0.11216861	
646.2	0.09455922	0.11180681	
646.4	0.09403255	0.11144618	
646.6	0.09388105	0.11108672	
646.8	0.09384832	0.11072841	
647	0.09356543	0.11037126	
647.2	0.09328046	0.11001527	
647.4	0.09286345	0.10966042	
647.6	0.09192857	0.10930671	
647.8	0.09125644	0.10895415	
648	0.09058881	0.10860272	
648.2	0.08974846	0.10825243	
648.4	0.08891908	0.10790327	
648.6	0.08858588	0.10755523	
648.8	0.08806623	0.10720832	
649	0.08769611	0.10686252	
649.2	0.08678549	0.10651784	
649.4	0.08607312	0.10617427	
649.6	0.08557841	0.10583181	
649.8	0.08543141	0.10549046	
650	0.08503328	0.1051502	
650.2	0.08458968	0.10481104	
650.4	0.08419978	0.10447298	
650.6	0.08411496	0.10413601	
650.8	0.08365785	0.10380012	
651	0.08346336	0.10346532	
651.2	0.08314889	0.1031316	
651.4	0.08261877	0.10279895	
651.6	0.08228723	0.10246738	
651.8	0.08207635	0.10213687	
652	0.0817578	0.10180743	
652.2	0.08174558	0.10147906	
652.4	0.08153904	0.10115174	
652.6	0.08105991	0.10082548	
652.8	0.08035018	0.10050028	
653	0.07953937	0.10017612	
653.2	0.07887727	0.099853	
653.4	0.0786905	0.09953093	
653.6	0.07888841	0.0992099	
653.8	0.07856016	0.0988899	
654	0.07838595	0.09857094	
654.2	0.07788295	0.098253	
654.4	0.07788788	0.09793609	
654.6	0.0775419	0.0976202	
654.8	0.07710765	0.09730533	
655	0.07711246	0.09699148	
655.2	0.0769483	0.09667864	
655.4	0.07671911	0.0963668	
655.6	0.07658675	0.09605598	
655.8	0.07621647	0.09574615	
656	0.07554756	0.09543733	
656.2	0.07530623	0.0951295	
656.4	0.07423149	0.09482266	
656.6	0.07341171	0.09451682	
656.8	0.07241024	0.09421196	
657	0.0718062	0.09390808	
657.2	0.07144158	0.09360519	
657.4	0.07084659	0.09330327	
657.6	0.07060879	0.09300232	
657.8	0.07001591	0.09270235	
658	0.06989511	0.09240334	
658.2	0.06969769	0.0921053	
658.4	0.06955588	0.09180822	
658.6	0.06894097	0.09151209	
658.8	0.06889764	0.09121692	
659	0.06889485	0.09092271	
659.2	0.06907876	0.09062944	
659.4	0.06870221	0.09033712	
659.6	0.0685928	0.09004574	
659.8	0.06809919	0.0897553	
660	0.0676016	0.0894658	
660.2	0.06758167	0.08917723	
660.4	0.06665398	0.0888896	
660.6	0.06590275	0.08860289	
660.8	0.06528032	0.0883171	
661	0.06515141	0.08803224	
661.2	0.06494677	0.0877483	
661.4	0.0644149	0.08746527	
661.6	0.06430202	0.08718315	
661.8	0.06396117	0.08690195	
662	0.0639465	0.08662165	
662.2	0.06355777	0.08634225	
662.4	0.06291279	0.08606376	
662.6	0.06190086	0.08578617	
662.8	0.06193416	0.08550947	
663	0.06167363	0.08523366	
663.2	0.06114508	0.08495874	
663.4	0.06039318	0.08468471	
663.6	0.06045983	0.08441157	
663.8	0.05983455	0.0841393	
664	0.05946468	0.08386791	
664.2	0.05926681	0.0835974	
664.4	0.05880436	0.08332776	
664.6	0.0584969	0.08305899	
664.8	0.05866373	0.08279109	
665	0.05890506	0.08252405	
665.2	0.0586267	0.08225787	
665.4	0.05828499	0.08199255	
665.6	0.05807597	0.08172809	
665.8	0.05773594	0.08146448	
666	0.05745526	0.08120172	
666.2	0.05672186	0.08093981	
666.4	0.05632248	0.08067874	
666.6	0.0555902	0.08041851	
666.8	0.05582032	0.08015913	
667	0.05541279	0.07990058	
667.2	0.05524756	0.07964286	
667.4	0.05543175	0.07938598	
667.6	0.05505939	0.07912992	
667.8	0.05477678	0.07887469	
668	0.05494172	0.07862029	
668.2	0.05492251	0.0783667	
668.4	0.05468219	0.07811393	
668.6	0.05421283	0.07786198	
668.8	0.05424258	0.07761084	
669	0.05370853	0.07736051	
669.2	0.05289937	0.07711099	
669.4	0.05229986	0.07686227	
669.6	0.0516775	0.07661435	
669.8	0.05096691	0.07636724	
670	0.05082846	0.07612092	
670.2	0.05038296	0.07587539	
670.4	0.05034419	0.07563066	
670.6	0.0501855	0.07538672	
670.8	0.05055614	0.07514356	
671	0.05036395	0.07490119	
671.2	0.05020254	0.0746596	
671.4	0.05012437	0.07441879	
671.6	0.04993659	0.07417875	
671.8	0.05008909	0.07393949	
672	0.04997106	0.073701	
672.2	0.04911247	0.07346328	
672.4	0.0485648	0.07322633	
672.6	0.04797208	0.07299014	
672.8	0.04760998	0.07275472	
673	0.04664256	0.07252005	
673.2	0.04651213	0.07228614	
673.4	0.04605233	0.07205298	
673.6	0.04561449	0.07182058	
673.8	0.04514619	0.07158893	
674	0.0448906	0.07135802	
674.2	0.04451661	0.07112786	
674.4	0.04426552	0.07089844	
674.6	0.04433805	0.07066976	
674.8	0.04394924	0.07044182	
675	0.04401745	0.07021461	
675.2	0.04360149	0.06998814	
675.4	0.04348086	0.06976239	
675.6	0.04355097	0.06953738	
675.8	0.04322531	0.06931309	
676	0.04306365	0.06908952	
676.2	0.04210838	0.06886668	
676.4	0.04217511	0.06864455	
676.6	0.04197497	0.06842314	
676.8	0.04161684	0.06820244	
677	0.04148906	0.06798246	
677.2	0.04154418	0.06776319	
677.4	0.0412979	0.06754462	
677.6	0.04101194	0.06732676	
677.8	0.04089691	0.0671096	
678	0.04057333	0.06689314	
678.2	0.03996879	0.06667738	
678.4	0.03942296	0.06646231	
678.6	0.03962188	0.06624794	
678.8	0.03918342	0.06603426	
679	0.03899544	0.06582127	
679.2	0.03812528	0.06560897	
679.4	0.03797702	0.06539735	
679.6	0.03778674	0.06518641	
679.8	0.03732984	0.06497616	
680	0.03712684	0.06476658	
680.2	0.03635553	0.06455768	
680.4	0.03662352	0.06434945	
680.6	0.03627058	0.06414189	
680.8	0.03568845	0.06393501	
681	0.03593274	0.06372879	
681.2	0.03565247	0.06352323	
681.4	0.03574433	0.06331834	
681.6	0.03587106	0.06311411	
681.8	0.03543361	0.06291054	
682	0.03492327	0.06270762	
682.2	0.0346187	0.06250536	
682.4	0.03434191	0.06230376	
682.6	0.03470205	0.0621028	
682.8	0.03434738	0.06190249	
683	0.03394974	0.06170282	
683.2	0.03370899	0.0615038	
683.4	0.03366387	0.06130543	
683.6	0.03303675	0.06110769	
683.8	0.03279339	0.06091059	
684	0.0324679	0.06071412	
684.2	0.03152411	0.06051829	
684.4	0.0315341	0.0603231	
684.6	0.03128532	0.06012853	
684.8	0.03067657	0.05993458	
685	0.03063317	0.05974127	
685.2	0.03035884	0.05954857	
685.4	0.03029848	0.0593565	
685.6	0.03024247	0.05916505	
685.8	0.02981341	0.05897422	
686	0.02962865	0.058784	
686.2	0.02958248	0.05859439	
686.4	0.02946473	0.0584054	
686.6	0.02935083	0.05821702	
686.8	0.02902904	0.05802924	
687	0.02874867	0.05784207	
687.2	0.02881635	0.0576555	
687.4	0.02890401	0.05746954	
687.6	0.02844522	0.05728417	
687.8	0.02809893	0.0570994	
688	0.02754258	0.05691523	
688.2	0.02695663	0.05673166	
688.4	0.0268453	0.05654867	
688.6	0.02644263	0.05636628	
688.8	0.02592434	0.05618447	
689	0.02557573	0.05600325	
689.2	0.02545013	0.05582261	
689.4	0.02541144	0.05564256	
689.6	0.02518558	0.05546309	
689.8	0.02492973	0.05528419	
690	0.02442116	0.05510588	
690.2	0.02408929	0.05492813	
690.4	0.02389204	0.05475097	
690.6	0.02336863	0.05457437	
690.8	0.02350869	0.05439834	
691	0.02364535	0.05422288	
691.2	0.0238723	0.05404799	
691.4	0.02421131	0.05387366	
691.6	0.02425061	0.05369989	
691.8	0.02419542	0.05352669	
692	0.02380615	0.05335404	
692.2	0.02357885	0.05318195	
692.4	0.02325995	0.05301041	
692.6	0.02289035	0.05283943	
692.8	0.02256526	0.052669	
693	0.02229086	0.05249912	
693.2	0.02209543	0.05232978	
693.4	0.02201209	0.052161	
693.6	0.02156007	0.05199275	
693.8	0.02122847	0.05182505	
694	0.02082542	0.05165789	
694.2	0.02061027	0.05149127	
694.4	0.02035892	0.05132519	
694.6	0.02018911	0.05115964	
694.8	0.02001985	0.05099463	
695	0.01995642	0.05083015	
695.2	0.01969355	0.0506662	
695.4	0.01965225	0.05050278	
695.6	0.01944835	0.05033988	
695.8	0.01873002	0.05017751	
696	0.01828319	0.05001567	
696.2	0.01788675	0.04985435	
696.4	0.01774505	0.04969354	
696.6	0.01707054	0.04953326	
696.8	0.01650633	0.04937349	
697	0.01588403	0.04921424	
697.2	0.01554722	0.0490555	
697.4	0.01554396	0.04889727	
697.6	0.01513075	0.04873956	
697.8	0.01464633	0.04858235	
698	0.01424209	0.04842565	
698.2	0.01390234	0.04826946	
698.4	0.01370217	0.04811377	
698.6	0.01363962	0.04795858	
698.8	0.01334046	0.04780389	
699	0.01326936	0.0476497	
699.2	0.01308718	0.04749601	
699.4	0.01333374	0.04734281	
699.6	0.0131817	0.04719011	
699.8	0.01323847	0.0470379	
700	0.01357421	0.04688618	
700.2	0.01379702	0.04673495	
700.4	0.01365748	0.04658421	
700.6	0.01347256	0.04643396	
700.8	0.01312722	0.04628418	
701	0.01316791	0.0461349	
701.2	0.0133723	0.04598609	
701.4	0.013167	0.04583776	
701.6	0.01255722	0.04568992	
701.8	0.01186929	0.04554255	
702	0.01150572	0.04539565	
702.2	0.01153345	0.04524923	
702.4	0.0111212	0.04510328	
702.6	0.01071856	0.0449578	
702.8	0.01026818	0.04481279	
703	0.00986606	0.04466825	
703.2	0.00937093	0.04452418	
703.4	0.00947833	0.04438056	
703.6	0.00899208	0.04423742	
703.8	0.00903407	0.04409473	
704	0.00861231	0.04395251	
704.2	0.00803271	0.04381074	
704.4	0.00750666	0.04366943	
704.6	0.00787727	0.04352858	
704.8	0.0070461	0.04338818	
705	0.00691925	0.04324823	
705.2	0.00646107	0.04310873	
705.4	0.00614979	0.04296969	
705.6	0.00597262	0.04283109	
705.8	0.00575989	0.04269294	
706	0.00591558	0.04255524	
706.2	0.00620729	0.04241798	
706.4	0.00594203	0.04228116	
706.6	0.00638237	0.04214479	
706.8	0.00624489	0.04200885	
707	0.00617732	0.04187335	
707.2	0.00635366	0.04173829	
707.4	0.00703023	0.04160367	
707.6	0.00664468	0.04146948	
707.8	0.00669309	0.04133572	
708	0.00632363	0.04120239	
708.2	0.00644068	0.04106949	
708.4	0.00668682	0.04093703	
708.6	0.00650302	0.04080499	
708.8	0.00568405	0.04067337	
709	0.00513194	0.04054218	
709.2	0.00471734	0.04041141	
709.4	0.00436009	0.04028107	
709.6	0.00420808	0.04015114	
709.8	0.00369161	0.04002164	
710	0.0034663	0.03989255	
710.2	0.00322256	0.03976388	
710.4	0.00297059	0.03963562	
710.6	0.00310503	0.03950778	
710.8	0.0026549	0.03938035	
711	0.00241316	0.03925333	
711.2	0.00244378	0.03912672	
711.4	0.00223885	0.03900052	
711.6	0.00153506	0.03887472	
711.8	0.00162398	0.03874934	
712	0.00177368	0.03862435	
712.2	0.00188366	0.03849977	
712.4	0.00175916	0.03837559	
712.6	0.00117471	0.03825181	
712.8	0.00083055	0.03812843	
713	0.0002163	0.03800545	
713.2	0.00020773	0.03788287	
713.4	-0.00031454	0.03776068	
713.6	-0.00082893	0.03763888	
713.8	-0.00083972	0.03751748	
714	-0.00162791	0.03739647	
714.2	-0.00183247	0.03727585	
714.4	-0.00205741	0.03715562	
714.6	-0.00213061	0.03703577	
714.8	-0.00211872	0.03691632	
715	-0.00224649	0.03679724	
715.2	-0.00204571	0.03667856	
715.4	-0.00175102	0.03656025	
715.6	-0.00183742	0.03644233	
715.8	-0.00149678	0.03632478	
716	-0.00131835	0.03620762	
716.2	-0.00169741	0.03609083	
716.4	-0.00154881	0.03597442	
716.6	-0.00175074	0.03585839	
716.8	-0.00176645	0.03574273	
717	-0.00198573	0.03562744	
717.2	-0.00223281	0.03551253	
717.4	-0.00251037	0.03539799	
717.6	-0.00307936	0.03528381	
717.8	-0.00339724	0.03517001	
718	-0.00432824	0.03505657	
718.2	-0.00453673	0.03494349	
718.4	-0.00482882	0.03483078	
718.6	-0.0049409	0.03471844	
718.8	-0.00514735	0.03460646	
719	-0.00544383	0.03449483	
719.2	-0.0056148	0.03438357	
719.4	-0.00555985	0.03427267	
719.6	-0.0061547	0.03416213	
719.8	-0.00614528	0.03405194	
720	-0.00685334	0.0339421	
720.2	-0.00735787	0.03383263	
720.4	-0.0072606	0.0337235	
720.6	-0.00728649	0.03361473	
720.8	-0.00760393	0.0335063	
721	-0.00765317	0.03339823	
721.2	-0.00768456	0.03329051	
721.4	-0.00734493	0.03318313	
721.6	-0.00763153	0.0330761	
721.8	-0.00762083	0.03296941	
722	-0.00749653	0.03286307	
722.2	-0.00748282	0.03275707	
722.4	-0.00754362	0.03265142	
722.6	-0.00754208	0.0325461	
722.8	-0.00773978	0.03244113	
723	-0.00771155	0.03233649	
723.2	-0.00757028	0.03223219	
723.4	-0.00771938	0.03212822	
723.6	-0.00780041	0.0320246	
723.8	-0.00788762	0.0319213	
724	-0.00881121	0.03181834	
724.2	-0.00861128	0.03171571	
724.4	-0.00879703	0.03161342	
724.6	-0.00923156	0.03151145	
724.8	-0.00975895	0.03140981	
725	-0.00956027	0.0313085	
725.2	-0.00978397	0.03120751	
725.4	-0.0099665	0.03110686	
725.6	-0.01057987	0.03100652	
725.8	-0.01101293	0.03090651	
726	-0.01105305	0.03080682	
726.2	-0.01101633	0.03070746	
726.4	-0.01132611	0.03060841	
726.6	-0.01119193	0.03050969	
726.8	-0.01144327	0.03041128	
727	-0.01149172	0.03031319	
727.2	-0.01142806	0.03021542	
727.4	-0.01150452	0.03011796	
727.6	-0.01131003	0.03002081	
727.8	-0.01211636	0.02992398	
728	-0.01300196	0.02982746	
728.2	-0.01302171	0.02973126	
728.4	-0.01363574	0.02963536	
728.6	-0.01373763	0.02953977	
728.8	-0.01344527	0.02944449	
729	-0.0135507	0.02934952	
729.2	-0.01397934	0.02925486	
729.4	-0.01417051	0.0291605	
729.6	-0.01417477	0.02906644	
729.8	-0.01412876	0.02897269	
730	-0.01374535	0.02887924	
730.2	-0.01344991	0.02878609	
730.4	-0.01359526	0.02869324	
730.6	-0.01370597	0.02860069	
730.8	-0.01426373	0.02850844	
731	-0.0146846	0.02841649	
731.2	-0.01467327	0.02832483	
731.4	-0.01465315	0.02823347	
731.6	-0.01565465	0.02814241	
731.8	-0.01663306	0.02805163	
732	-0.01710453	0.02796115	
732.2	-0.01690973	0.02787097	
732.4	-0.01726403	0.02778107	
732.6	-0.01749738	0.02769146	
732.8	-0.017621	0.02760215	
733	-0.0181843	0.02751312	
733.2	-0.01808472	0.02742437	
733.4	-0.01768731	0.02733592	
733.6	-0.01743946	0.02724775	
733.8	-0.01745787	0.02715986	
734	-0.01721352	0.02707226	
734.2	-0.01701938	0.02698494	
734.4	-0.01771857	0.0268979	
734.6	-0.01793408	0.02681114	
734.8	-0.01798666	0.02672466	
735	-0.01814614	0.02663846	
735.2	-0.01789002	0.02655254	
735.4	-0.01790291	0.0264669	
735.6	-0.01811428	0.02638153	
735.8	-0.017957	0.02629644	
736	-0.01837464	0.02621162	
736.2	-0.01868628	0.02612708	
736.4	-0.01914539	0.02604281	
736.6	-0.01980349	0.02595881	
736.8	-0.02023545	0.02587508	
737	-0.02065296	0.02579162	
737.2	-0.0203214	0.02570843	
737.4	-0.02058791	0.02562551	
737.6	-0.02069389	0.02554285	
737.8	-0.02078061	0.02546047	
738	-0.02037427	0.02537834	
738.2	-0.02063584	0.02529649	
738.4	-0.02093948	0.02521489	
738.6	-0.02043531	0.02513356	
738.8	-0.02024743	0.0250525	
739	-0.02055636	0.02497169	
739.2	-0.02064314	0.02489115	
739.4	-0.02069808	0.02481086	
739.6	-0.02026088	0.02473084	
739.8	-0.02059829	0.02465107	
740	-0.02078101	0.02457156	
740.2	-0.02083741	0.0244923	
740.4	-0.02083739	0.0244133	
740.6	-0.02130443	0.02433456	
740.8	-0.02154019	0.02425607	
741	-0.02133675	0.02417783	
741.2	-0.02141441	0.02409985	
741.4	-0.02152486	0.02402211	
741.6	-0.0213968	0.02394463	
741.8	-0.0216935	0.0238674	
742	-0.02163912	0.02379042	
742.2	-0.02230764	0.02371368	
742.4	-0.02198554	0.02363719	
742.6	-0.02183005	0.02356095	
742.8	-0.02223885	0.02348496	
743	-0.02265775	0.02340921	
743.2	-0.02315545	0.0233337	
743.4	-0.02280848	0.02325844	
743.6	-0.02253758	0.02318342	
743.8	-0.02278629	0.02310865	
744	-0.02257632	0.02303411	
744.2	-0.02288796	0.02295982	
744.4	-0.02279882	0.02288576	
744.6	-0.0226774	0.02281194	
744.8	-0.0227107	0.02273836	
745	-0.02304415	0.02266502	
745.2	-0.02363697	0.02259192	
745.4	-0.02363346	0.02251905	
745.6	-0.02403071	0.02244641	
745.8	-0.02438279	0.02237401	
746	-0.0245818	0.02230185	
746.2	-0.02448395	0.02222991	
746.4	-0.0240782	0.02215821	
746.6	-0.02418373	0.02208674	
746.8	-0.02459488	0.0220155	
747	-0.02480484	0.02194449	
747.2	-0.02502621	0.02187371	
747.4	-0.02525466	0.02180316	
747.6	-0.02570847	0.02173283	
747.8	-0.0259256	0.02166274	
748	-0.02638119	0.02159286	
748.2	-0.02664945	0.02152322	
748.4	-0.02676169	0.02145379	
748.6	-0.02690885	0.0213846	
748.8	-0.02740038	0.02131562	
749	-0.02774057	0.02124687	
749.2	-0.02757827	0.02117834	
749.4	-0.02731274	0.02111003	
749.6	-0.02759849	0.02104194	
749.8	-0.02760488	0.02097407	
750	-0.02725737	0.02090642	
750.2	-0.02678609	0.02083898	
750.4	-0.02669194	0.02077177	
750.6	-0.02666428	0.02070477	
750.8	-0.02683595	0.02063799	
751	-0.02726641	0.02057142	
751.2	-0.02730351	0.02050507	
751.4	-0.02743002	0.02043893	
751.6	-0.02708673	0.02037301	
751.8	-0.02751516	0.02030729	
752	-0.02764042	0.02024179	
752.2	-0.02764749	0.02017651	
752.4	-0.0279669	0.02011143	
752.6	-0.027765	0.02004656	
752.8	-0.02804822	0.0199819	
753	-0.02820847	0.01991745	
753.2	-0.02850025	0.01985321	
753.4	-0.02891119	0.01978917	
753.6	-0.02934187	0.01972534	
753.8	-0.02953947	0.01966172	
754	-0.02974042	0.0195983	
754.2	-0.03000507	0.01953509	
754.4	-0.0303898	0.01947208	
754.6	-0.03089691	0.01940927	
754.8	-0.03140529	0.01934667	
755	-0.03173654	0.01928427	
755.2	-0.03168863	0.01922206	
755.4	-0.03177086	0.01916006	
755.6	-0.03184942	0.01909826	
755.8	-0.03230506	0.01903666	
756	-0.03191494	0.01897526	
756.2	-0.03233734	0.01891406	
756.4	-0.03239604	0.01885305	
756.6	-0.03226302	0.01879224	
756.8	-0.03278787	0.01873163	
757	-0.03260872	0.01867121	
757.2	-0.03244353	0.01861099	
757.4	-0.03226095	0.01855096	
757.6	-0.03230865	0.01849112	
757.8	-0.03208736	0.01843148	
758	-0.03205311	0.01837203	
758.2	-0.03173687	0.01831277	
758.4	-0.0318709	0.01825371	
758.6	-0.03210478	0.01819483	
758.8	-0.03225059	0.01813614	
759	-0.03196842	0.01807765	
759.2	-0.03254697	0.01801934	
759.4	-0.03267062	0.01796122	
759.6	-0.03290112	0.01790328	
759.8	-0.03301122	0.01784554	
760	-0.03338731	0.01778798	
760.2	-0.03364906	0.0177306	
760.4	-0.03372889	0.01767341	
760.6	-0.03392299	0.01761641	
760.8	-0.03425703	0.01755959	
761	-0.03397376	0.01750295	
761.2	-0.03406398	0.0174465	
761.4	-0.03421502	0.01739022	
761.6	-0.03431757	0.01733413	
761.8	-0.03402932	0.01727822	
762	-0.03442203	0.01722249	
762.2	-0.03458458	0.01716694	
762.4	-0.03515114	0.01711157	
762.6	-0.03552904	0.01705638	
762.8	-0.03583558	0.01700136	
763	-0.03569509	0.01694652	
763.2	-0.03617608	0.01689186	
763.4	-0.03599238	0.01683738	
763.6	-0.0361586	0.01678307	
763.8	-0.03630339	0.01672894	
764	-0.03674512	0.01667498	
764.2	-0.03669024	0.0166212	
764.4	-0.03712784	0.01656759	
764.6	-0.03749811	0.01651415	
764.8	-0.03802805	0.01646088	
765	-0.03816174	0.01640779	
765.2	-0.03849165	0.01635487	
765.4	-0.03878915	0.01630211	
765.6	-0.0388914	0.01624953	
765.8	-0.03903074	0.01619712	
766	-0.03939435	0.01614488	
766.2	-0.03975375	0.0160928	
766.4	-0.0395813	0.0160409	
766.6	-0.03922828	0.01598916	
766.8	-0.038972	0.01593758	
767	-0.03842684	0.01588618	
767.2	-0.03801703	0.01583494	
767.4	-0.0377554	0.01578386	
767.6	-0.0378295	0.01573295	
767.8	-0.03755997	0.01568221	
768	-0.03763447	0.01563163	
768.2	-0.0377187	0.01558121	
768.4	-0.03789178	0.01553095	
768.6	-0.0383969	0.01548086	
768.8	-0.03884812	0.01543092	
769	-0.03922402	0.01538115	
769.2	-0.03962109	0.01533154	
769.4	-0.04013439	0.01528209	
769.6	-0.04021045	0.0152328	
769.8	-0.04064737	0.01518366	
770	-0.04083182	0.01513469	
770.2	-0.0410056	0.01508587	
770.4	-0.04043705	0.01503721	
770.6	-0.04049257	0.01498871	
770.8	-0.04045895	0.01494037	
771	-0.04033611	0.01489218	
771.2	-0.04048634	0.01484414	
771.4	-0.04064614	0.01479626	
771.6	-0.04123302	0.01474854	
771.8	-0.04122768	0.01470097	
772	-0.04148104	0.01465355	
772.2	-0.04135054	0.01460629	
772.4	-0.04131078	0.01455918	
772.6	-0.04160407	0.01451222	
772.8	-0.04205499	0.01446541	
773	-0.04221625	0.01441875	
773.2	-0.04221674	0.01437224	
773.4	-0.04219064	0.01432589	
773.6	-0.04197064	0.01427968	
773.8	-0.04165881	0.01423362	
774	-0.04111074	0.01418771	
774.2	-0.04092732	0.01414195	
774.4	-0.04086652	0.01409633	
774.6	-0.04092954	0.01405087	
774.8	-0.04084258	0.01400555	
775	-0.04106403	0.01396037	
775.2	-0.04141104	0.01391534	
775.4	-0.04135843	0.01387046	
775.6	-0.04178047	0.01382572	
775.8	-0.04195045	0.01378113	
776	-0.04177308	0.01373668	
776.2	-0.04180249	0.01369237	
776.4	-0.0421752	0.01364821	
776.6	-0.04250941	0.01360418	
776.8	-0.04325006	0.0135603	
777	-0.04321449	0.01351657	
777.2	-0.04334134	0.01347297	
777.4	-0.04346686	0.01342951	
777.6	-0.04326156	0.0133862	
777.8	-0.04321853	0.01334302	
778	-0.04360642	0.01329998	
778.2	-0.04392699	0.01325708	
778.4	-0.04414978	0.01321432	
778.6	-0.04397068	0.0131717	
778.8	-0.04404872	0.01312922	
779	-0.04403418	0.01308687	
779.2	-0.04392734	0.01304466	
779.4	-0.04366984	0.01300258	
779.6	-0.04380352	0.01296064	
779.8	-0.04383139	0.01291884	
