Conc1	5E-07	
Start1	420	
Stop1	779.8	
Kobs	0.0161533364471026	
Error Kobs	0.000108886941950246	
Koff	0	
Error Koff	0	
Time1	Data1	Fit1	
420	0.00337123	0	
420.2	0.00928676	0.01113767	
420.4	0.01642749	0.0220554	
420.6	0.02453037	0.03275754	
420.8	0.03383974	0.04324834	
421	0.04432597	0.05353198	
421.2	0.05553244	0.06361254	
421.4	0.06742907	0.07349404	
421.6	0.07969268	0.08318041	
421.8	0.09188678	0.0926755	
422	0.1038058	0.10198308	
422.2	0.1152656	0.11110687	
422.4	0.12592601	0.12005049	
422.6	0.13625759	0.1288175	
422.8	0.14599647	0.13741138	
423	0.15556965	0.14583556	
423.2	0.16440574	0.15409338	
423.4	0.17308462	0.16218813	
423.6	0.18130165	0.17012304	
423.8	0.18932375	0.17790125	
424	0.19715357	0.18552587	
424.2	0.20445336	0.19299992	
424.4	0.21157339	0.20032638	
424.6	0.21844585	0.20750816	
424.8	0.22541499	0.21454812	
425	0.23253891	0.22144906	
425.2	0.23914022	0.22821373	
425.4	0.24599895	0.23484481	
425.6	0.2522144	0.24134495	
425.8	0.25829028	0.24771673	
426	0.26438535	0.25396268	
426.2	0.2702295	0.26008529	
426.4	0.27581623	0.266087	
426.6	0.28119028	0.27197019	
426.8	0.28616148	0.27773721	
427	0.29137278	0.28339034	
427.2	0.29614731	0.28893184	
427.4	0.30070092	0.29436391	
427.6	0.30517164	0.29968871	
427.8	0.30934597	0.30490836	
428	0.31349304	0.31002494	
428.2	0.31733367	0.31504048	
428.4	0.32175195	0.31995697	
428.6	0.32598589	0.32477638	
428.8	0.33044774	0.32950062	
429	0.33464894	0.33413157	
429.2	0.33848266	0.33867107	
429.4	0.34241056	0.34312093	
429.6	0.34578857	0.34748292	
429.8	0.34960946	0.35175876	
430	0.35327475	0.35595018	
430.2	0.35652832	0.36005882	
430.4	0.35969745	0.36408633	
430.6	0.36274219	0.36803431	
430.8	0.36552477	0.37190432	
431	0.36856067	0.37569791	
431.2	0.37133948	0.3794166	
431.4	0.37378789	0.38306184	
431.6	0.37664982	0.38663511	
431.8	0.37940506	0.39013781	
432	0.38212585	0.39357134	
432.2	0.38477369	0.39693707	
432.4	0.38773718	0.40023634	
432.6	0.39018746	0.40347045	
432.8	0.39276365	0.4066407	
433	0.39484428	0.40974835	
433.2	0.3967663	0.41279463	
433.4	0.39903951	0.41578075	
433.6	0.40140871	0.41870791	
433.8	0.40388298	0.42157726	
434	0.40615904	0.42438995	
434.2	0.40820496	0.4271471	
434.4	0.40984884	0.4298498	
434.6	0.41227033	0.43249913	
434.8	0.41431682	0.43509615	
435	0.41664149	0.43764188	
435.2	0.41909814	0.44013733	
435.4	0.42139523	0.44258352	
435.6	0.42389695	0.44498139	
435.8	0.42620313	0.44733192	
436	0.4282595	0.44963602	
436.2	0.43033039	0.45189463	
436.4	0.43176098	0.45410864	
436.6	0.43289314	0.45627893	
436.8	0.43441335	0.45840636	
437	0.43574877	0.46049177	
437.2	0.43725143	0.46253601	
437.4	0.43887899	0.46453988	
437.6	0.44027275	0.46650418	
437.8	0.44177462	0.46842969	
438	0.44321308	0.47031717	
438.2	0.44442033	0.47216739	
438.4	0.445801	0.47398106	
438.6	0.44766563	0.47575892	
438.8	0.44885781	0.47750168	
439	0.45003431	0.47921002	
439.2	0.45159934	0.48088462	
439.4	0.45275291	0.48252616	
439.6	0.4540388	0.48413528	
439.8	0.45538783	0.48571262	
440	0.45659211	0.48725882	
440.2	0.45778388	0.48877448	
440.4	0.45839537	0.49026021	
440.6	0.45986162	0.4917166	
440.8	0.46127423	0.49314424	
441	0.46261914	0.49454368	
441.2	0.46391645	0.49591549	
441.4	0.46505837	0.4972602	
441.6	0.46662315	0.49857837	
441.8	0.46826016	0.4998705	
442	0.46940103	0.50113712	
442.2	0.47042388	0.50237872	
442.4	0.47176309	0.50359581	
442.6	0.47294333	0.50478886	
442.8	0.4736743	0.50595835	
443	0.47451569	0.50710475	
443.2	0.47541706	0.50822851	
443.4	0.47621456	0.50933008	
443.6	0.47715737	0.5104099	
443.8	0.47792676	0.51146839	
444	0.47869072	0.51250598	
444.2	0.4796222	0.51352308	
444.4	0.48052569	0.5145201	
444.6	0.48165833	0.51549743	
444.8	0.48221076	0.51645546	
445	0.48301685	0.51739457	
445.2	0.48366614	0.51831513	
445.4	0.48459268	0.51921752	
445.6	0.4858716	0.52010209	
445.8	0.48681135	0.52096919	
446	0.48736736	0.52181916	
446.2	0.48835154	0.52265235	
446.4	0.48897444	0.52346909	
446.6	0.48964008	0.5242697	
446.8	0.49002188	0.5250545	
447	0.49069853	0.52582381	
447.2	0.49127169	0.52657792	
447.4	0.49225853	0.52731714	
447.6	0.49261863	0.52804176	
447.8	0.49326606	0.52875207	
448	0.4942549	0.52944836	
448.2	0.49568084	0.53013089	
448.4	0.49673985	0.53079995	
448.6	0.49757745	0.5314558	
448.8	0.49817171	0.53209869	
449	0.49895403	0.53272889	
449.2	0.499537	0.53334665	
449.4	0.50048171	0.5339522	
449.6	0.50141279	0.5345458	
449.8	0.5022372	0.53512768	
450	0.50253837	0.53569806	
450.2	0.50259016	0.53625719	
450.4	0.50279972	0.53680527	
450.6	0.50328416	0.53734252	
450.8	0.50408758	0.53786917	
451	0.50443583	0.53838542	
451.2	0.50481209	0.53889148	
451.4	0.50505541	0.53938754	
451.6	0.50515661	0.5398738	
451.8	0.50592618	0.54035047	
452	0.50670984	0.54081772	
452.2	0.50735524	0.54127574	
452.4	0.50813712	0.54172472	
452.6	0.50879395	0.54216483	
452.8	0.50957342	0.54259625	
453	0.51045959	0.54301915	
453.2	0.51129047	0.5434337	
453.4	0.51188783	0.54384007	
453.6	0.51266599	0.54423841	
453.8	0.51334351	0.54462888	
454	0.51366208	0.54501165	
454.2	0.5144756	0.54538685	
454.4	0.51521863	0.54575465	
454.6	0.51554665	0.54611518	
454.8	0.51624876	0.54646859	
455	0.51615035	0.54681503	
455.2	0.51633309	0.54715462	
455.4	0.51622013	0.54748751	
455.6	0.51665989	0.54781382	
455.8	0.5166752	0.54813369	
456	0.51721127	0.54844724	
456.2	0.51767469	0.5487546	
456.4	0.51823891	0.54905589	
456.6	0.51841528	0.54935124	
456.8	0.51880221	0.54964075	
457	0.5194375	0.54992454	
457.2	0.51954773	0.55020273	
457.4	0.5196828	0.55047542	
457.6	0.52060906	0.55074273	
457.8	0.52113248	0.55100476	
458	0.52164123	0.55126162	
458.2	0.52205787	0.55151341	
458.4	0.52219623	0.55176022	
458.6	0.52264535	0.55200216	
458.8	0.52292983	0.55223932	
459	0.52323906	0.5524718	
459.2	0.52388446	0.55269969	
459.4	0.52412741	0.55292307	
459.6	0.52497241	0.55314205	
459.8	0.52513221	0.5533567	
460	0.52593292	0.55356711	
460.2	0.52622088	0.55377337	
460.4	0.52619091	0.55397556	
460.6	0.52655136	0.55417375	
460.8	0.52697316	0.55436803	
461	0.52759463	0.55455847	
461.2	0.52758623	0.55474515	
461.4	0.52824922	0.55492815	
461.6	0.5291156	0.55510753	
461.8	0.52910525	0.55528337	
462	0.52954131	0.55545573	
462.2	0.53025639	0.5556247	
462.4	0.53114949	0.55579032	
462.6	0.53129982	0.55595268	
462.8	0.53223292	0.55611183	
463	0.53294341	0.55626784	
463.2	0.53337476	0.55642076	
463.4	0.53353323	0.55657067	
463.6	0.53419675	0.55671761	
463.8	0.53387384	0.55686166	
464	0.53449629	0.55700286	
464.2	0.53464859	0.55714127	
464.4	0.53481994	0.55727695	
464.6	0.53536645	0.55740995	
464.8	0.53510735	0.55754032	
465	0.535159	0.55766812	
465.2	0.53536249	0.55779339	
465.4	0.53552686	0.55791619	
465.6	0.53570301	0.55803657	
465.8	0.53584217	0.55815457	
466	0.53652144	0.55827024	
466.2	0.5371791	0.55838362	
466.4	0.53726402	0.55849477	
466.6	0.53756396	0.55860372	
466.8	0.53840992	0.55871052	
467	0.53805805	0.55881521	
467.2	0.53796301	0.55891783	
467.4	0.5382545	0.55901842	
467.6	0.53830717	0.55911703	
467.8	0.53802932	0.5592137	
468	0.53849668	0.55930845	
468.2	0.53876056	0.55940133	
468.4	0.53885674	0.55949238	
468.6	0.53882133	0.55958163	
468.8	0.5384988	0.55966912	
469	0.53883894	0.55975488	
469.2	0.53883611	0.55983895	
469.4	0.53894273	0.55992135	
469.6	0.5390503	0.56000213	
469.8	0.53924095	0.56008132	
470	0.53937838	0.56015894	
470.2	0.5395897	0.56023503	
470.4	0.53945763	0.56030961	
470.6	0.53968751	0.56038272	
470.8	0.53994466	0.56045439	
471	0.53977761	0.56052465	
471.2	0.54009564	0.56059351	
471.4	0.54014803	0.56066102	
471.6	0.54045625	0.56072719	
471.8	0.54084127	0.56079206	
472	0.54163441	0.56085564	
472.2	0.542297	0.56091797	
472.4	0.54249714	0.56097907	
472.6	0.54278006	0.56103896	
472.8	0.54330203	0.56109767	
473	0.54351507	0.56115522	
473.2	0.54411997	0.56121164	
473.4	0.54458446	0.56126694	
473.6	0.54475229	0.56132115	
473.8	0.54506374	0.56137428	
474	0.54514608	0.56142637	
474.2	0.54527432	0.56147743	
474.4	0.54505893	0.56152748	
474.6	0.54510113	0.56157654	
474.8	0.54541883	0.56162464	
475	0.54544062	0.56167178	
475.2	0.54564609	0.561718	
475.4	0.54540604	0.5617633	
475.6	0.54584569	0.5618077	
475.8	0.54580492	0.56185123	
476	0.54616666	0.5618939	
476.2	0.54638298	0.56193573	
476.4	0.5469123	0.56197673	
476.6	0.54758509	0.56201692	
476.8	0.54862126	0.56205632	
477	0.54918593	0.56209494	
477.2	0.54996969	0.5621328	
477.4	0.55012844	0.56216991	
477.6	0.55046865	0.56220628	
477.8	0.5504006	0.56224194	
478	0.54990357	0.56227689	
478.2	0.54961657	0.56231116	
478.4	0.54927803	0.56234475	
478.6	0.54936398	0.56237767	
478.8	0.54883438	0.56240994	
479	0.54851774	0.56244158	
479.2	0.54848263	0.56247259	
479.4	0.54788703	0.56250299	
479.6	0.54781319	0.56253279	
479.8	0.54746597	0.562562	
480	0.54771028	0.56259064	
480.2	0.54800044	0.5626187	
480.4	0.54859457	0.56264622	
480.6	0.54874643	0.56267319	
480.8	0.54924269	0.56269963	
481	0.54951999	0.56272554	
481.2	0.54996812	0.56275095	
481.4	0.5504687	0.56277585	
481.6	0.55081106	0.56280026	
481.8	0.55098867	0.56282419	
482	0.5509376	0.56284765	
482.2	0.55135244	0.56287064	
482.4	0.55161809	0.56289318	
482.6	0.55178135	0.56291527	
482.8	0.55136293	0.56293693	
483	0.55174826	0.56295816	
483.2	0.55198559	0.56297897	
483.4	0.55169264	0.56299937	
483.6	0.55157651	0.56301937	
483.8	0.55153083	0.56303897	
484	0.5517361	0.56305819	
484.2	0.55169541	0.56307702	
484.4	0.55204919	0.56309549	
484.6	0.55220424	0.56311359	
484.8	0.55228771	0.56313133	
485	0.55299691	0.56314872	
485.2	0.55316261	0.56316577	
485.4	0.55367301	0.56318248	
485.6	0.5537764	0.56319886	
485.8	0.55377525	0.56321492	
486	0.55328867	0.56323066	
486.2	0.55344606	0.56324609	
486.4	0.55362067	0.56326121	
486.6	0.55359995	0.56327604	
486.8	0.55390121	0.56329057	
487	0.55403903	0.56330482	
487.2	0.55372123	0.56331878	
487.4	0.553586	0.56333247	
487.6	0.55344247	0.56334589	
487.8	0.55344744	0.56335905	
488	0.55346811	0.56337194	
488.2	0.55415921	0.56338458	
488.4	0.55484332	0.56339697	
488.6	0.55498137	0.56340912	
488.8	0.55501899	0.56342102	
489	0.55556762	0.56343269	
489.2	0.55577011	0.56344413	
489.4	0.55615896	0.56345535	
489.6	0.55619164	0.56346634	
489.8	0.55645614	0.56347712	
490	0.55652167	0.56348768	
490.2	0.55718608	0.56349803	
490.4	0.55747317	0.56350818	
490.6	0.55742491	0.56351813	
490.8	0.55734745	0.56352789	
491	0.55641284	0.56353745	
491.2	0.55646137	0.56354682	
491.4	0.55649489	0.56355601	
491.6	0.55647137	0.56356501	
491.8	0.55630546	0.56357384	
492	0.55659635	0.56358249	
492.2	0.55713697	0.56359097	
492.4	0.55716999	0.56359929	
492.6	0.557029	0.56360744	
492.8	0.55687677	0.56361543	
493	0.55678014	0.56362326	
493.2	0.55680336	0.56363094	
493.4	0.55705911	0.56363846	
493.6	0.55729713	0.56364584	
493.8	0.55760921	0.56365307	
494	0.55760873	0.56366016	
494.2	0.5578724	0.56366711	
494.4	0.55781019	0.56367392	
494.6	0.55778686	0.56368059	
494.8	0.55738317	0.56368714	
495	0.55774518	0.56369355	
495.2	0.55861987	0.56369984	
495.4	0.5587727	0.56370601	
495.6	0.5590642	0.56371205	
495.8	0.55903479	0.56371797	
496	0.5596146	0.56372378	
496.2	0.55976003	0.56372947	
496.4	0.56016467	0.56373505	
496.6	0.56001171	0.56374052	
496.8	0.55970678	0.56374588	
497	0.55985869	0.56375114	
497.2	0.55966959	0.56375629	
497.4	0.560174	0.56376134	
497.6	0.55978767	0.56376629	
497.8	0.56014031	0.56377114	
498	0.56003587	0.5637759	
498.2	0.56034056	0.56378056	
498.4	0.56031841	0.56378513	
498.6	0.56020266	0.56378961	
498.8	0.56003942	0.56379401	
499	0.56042525	0.56379831	
499.2	0.56042233	0.56380253	
499.4	0.56076963	0.56380667	
499.6	0.56055367	0.56381072	
499.8	0.56094731	0.5638147	
500	0.56115012	0.5638186	
500.2	0.56117734	0.56382242	
500.4	0.56134981	0.56382616	
500.6	0.56091887	0.56382983	
500.8	0.56053034	0.56383343	
501	0.56054794	0.56383695	
501.2	0.56005591	0.56384041	
501.4	0.55974079	0.5638438	
501.6	0.55940838	0.56384712	
501.8	0.55958864	0.56385038	
502	0.55954221	0.56385357	
502.2	0.5597576	0.5638567	
502.4	0.55958377	0.56385977	
502.6	0.55959004	0.56386277	
502.8	0.55956181	0.56386572	
503	0.56008993	0.56386861	
503.2	0.56005508	0.56387144	
503.4	0.56051504	0.56387422	
503.6	0.56040397	0.56387694	
503.8	0.56115586	0.56387961	
504	0.56113369	0.56388222	
504.2	0.56142006	0.56388479	
504.4	0.56147103	0.5638873	
504.6	0.56143051	0.56388976	
504.8	0.56124736	0.56389218	
505	0.56138325	0.56389454	
505.2	0.56119431	0.56389686	
505.4	0.56122365	0.56389914	
505.6	0.56157668	0.56390137	
505.8	0.56194164	0.56390355	
506	0.56210339	0.56390569	
506.2	0.56215793	0.56390779	
506.4	0.56231488	0.56390985	
506.6	0.56244609	0.56391187	
506.8	0.56242423	0.56391385	
507	0.56276216	0.56391579	
507.2	0.56240398	0.56391769	
507.4	0.56268065	0.56391955	
507.6	0.56287806	0.56392137	
507.8	0.56310708	0.56392316	
508	0.56337565	0.56392492	
508.2	0.56332872	0.56392664	
508.4	0.56308591	0.56392833	
508.6	0.56278849	0.56392998	
508.8	0.56268842	0.5639316	
509	0.56267849	0.56393319	
509.2	0.56273809	0.56393474	
509.4	0.56292736	0.56393627	
509.6	0.56323572	0.56393777	
509.8	0.56334638	0.56393923	
510	0.56314195	0.56394067	
510.2	0.56329862	0.56394208	
510.4	0.56317914	0.56394346	
510.6	0.56321173	0.56394481	
510.8	0.56310299	0.56394614	
511	0.56301544	0.56394744	
511.2	0.56297181	0.56394872	
511.4	0.56318069	0.56394997	
511.6	0.56368843	0.56395119	
511.8	0.56327447	0.56395239	
512	0.56352616	0.56395357	
512.2	0.56350952	0.56395473	
512.4	0.56330233	0.56395586	
512.6	0.56328438	0.56395697	
512.8	0.56331009	0.56395805	
513	0.56307031	0.56395912	
513.2	0.56354883	0.56396016	
513.4	0.5640092	0.56396119	
513.6	0.56430197	0.56396219	
513.8	0.5638071	0.56396318	
514	0.56369869	0.56396414	
514.2	0.56385272	0.56396509	
514.4	0.56368385	0.56396601	
514.6	0.56368253	0.56396692	
514.8	0.56373256	0.56396781	
515	0.56396754	0.56396869	
515.2	0.56414826	0.56396954	
515.4	0.56436821	0.56397038	
515.6	0.56459652	0.5639712	
515.8	0.56428323	0.56397201	
516	0.56481026	0.5639728	
516.2	0.56465062	0.56397357	
516.4	0.56385787	0.56397433	
516.6	0.56349782	0.56397508	
516.8	0.56375042	0.56397581	
517	0.56389176	0.56397652	
517.2	0.56422432	0.56397722	
517.4	0.56409278	0.56397791	
517.6	0.56394859	0.56397858	
517.8	0.56397476	0.56397924	
518	0.56431769	0.56397989	
518.2	0.56415309	0.56398053	
518.4	0.56434471	0.56398115	
518.6	0.56435742	0.56398176	
518.8	0.56482717	0.56398236	
519	0.56485726	0.56398294	
519.2	0.5647114	0.56398352	
519.4	0.56510512	0.56398408	
519.6	0.56512094	0.56398463	
519.8	0.56508829	0.56398517	
520	0.5649139	0.5639857	
520.2	0.56443884	0.56398622	
520.4	0.56431919	0.56398673	
520.6	0.56454271	0.56398723	
520.8	0.56499053	0.56398772	
521	0.56470126	0.5639882	
521.2	0.56451434	0.56398867	
521.4	0.56483411	0.56398913	
521.6	0.56529703	0.56398958	
521.8	0.56562823	0.56399003	
522	0.56564679	0.56399046	
522.2	0.56530923	0.56399089	
522.4	0.56557941	0.5639913	
522.6	0.56539589	0.56399171	
522.8	0.56522522	0.56399212	
523	0.56532684	0.56399251	
523.2	0.56481342	0.56399289	
523.4	0.5648422	0.56399327	
523.6	0.56440343	0.56399364	
523.8	0.56448422	0.563994	
524	0.5641942	0.56399436	
524.2	0.56413561	0.56399471	
524.4	0.56445626	0.56399505	
524.6	0.56409352	0.56399539	
524.8	0.56411217	0.56399572	
525	0.56384443	0.56399604	
525.2	0.56419371	0.56399635	
525.4	0.56407258	0.56399666	
525.6	0.56430979	0.56399697	
525.8	0.56470363	0.56399726	
526	0.56498076	0.56399755	
526.2	0.56513462	0.56399784	
526.4	0.56579191	0.56399812	
526.6	0.5661553	0.5639984	
526.8	0.56635921	0.56399866	
527	0.56667578	0.56399893	
527.2	0.5661602	0.56399919	
527.4	0.56684761	0.56399944	
527.6	0.56688035	0.56399969	
527.8	0.56719687	0.56399993	
528	0.56690579	0.56400017	
528.2	0.56680822	0.56400041	
528.4	0.5667301	0.56400063	
528.6	0.56621945	0.56400086	
528.8	0.56593202	0.56400108	
529	0.56559018	0.5640013	
529.2	0.56539495	0.56400151	
529.4	0.56516324	0.56400172	
529.6	0.56536534	0.56400192	
529.8	0.56540216	0.56400212	
530	0.56561166	0.56400231	
530.2	0.56581865	0.56400251	
530.4	0.56608832	0.56400269	
530.6	0.56607546	0.56400288	
530.8	0.56606588	0.56400306	
531	0.56606051	0.56400324	
531.2	0.56613264	0.56400341	
531.4	0.56645843	0.56400358	
531.6	0.56610369	0.56400375	
531.8	0.56571773	0.56400391	
532	0.56557226	0.56400407	
532.2	0.56519314	0.56400423	
532.4	0.56529906	0.56400438	
532.6	0.56505007	0.56400453	
532.8	0.56520401	0.56400468	
533	0.5650315	0.56400483	
533.2	0.565514	0.56400497	
533.4	0.56592071	0.56400511	
533.6	0.56597764	0.56400524	
533.8	0.56613262	0.56400538	
534	0.56624515	0.56400551	
534.2	0.56597831	0.56400564	
534.4	0.5661053	0.56400576	
534.6	0.56608599	0.56400589	
534.8	0.56609807	0.56400601	
535	0.56594241	0.56400613	
535.2	0.56600366	0.56400624	
535.4	0.56577715	0.56400636	
535.6	0.5657177	0.56400647	
535.8	0.56570776	0.56400658	
536	0.5659913	0.56400669	
536.2	0.56575418	0.56400679	
536.4	0.56602292	0.5640069	
536.6	0.56606016	0.564007	
536.8	0.56610379	0.5640071	
537	0.56603925	0.56400719	
537.2	0.56640389	0.56400729	
537.4	0.5658105	0.56400738	
537.6	0.56592818	0.56400747	
537.8	0.56592122	0.56400756	
538	0.5662072	0.56400765	
538.2	0.5667858	0.56400774	
538.4	0.56715508	0.56400782	
538.6	0.56694589	0.56400791	
538.8	0.56678262	0.56400799	
539	0.56698605	0.56400807	
539.2	0.56703875	0.56400815	
539.4	0.56683723	0.56400822	
539.6	0.56671008	0.5640083	
539.8	0.56618585	0.56400837	
540	0.56594657	0.56400844	
540.2	0.56581343	0.56400851	
540.4	0.56564447	0.56400858	
540.6	0.56529241	0.56400865	
540.8	0.56498373	0.56400872	
541	0.56529317	0.56400878	
541.2	0.56516196	0.56400885	
541.4	0.56529737	0.56400891	
541.6	0.5666129	0.56400897	
541.8	0.56744419	0.56400903	
542	0.56783971	0.56400909	
542.2	0.56809208	0.56400915	
542.4	0.56764428	0.56400921	
542.6	0.56775031	0.56400926	
542.8	0.56806696	0.56400932	
543	0.56817321	0.56400937	
543.2	0.56785733	0.56400942	
543.4	0.56733847	0.56400947	
543.6	0.56651393	0.56400952	
543.8	0.56640859	0.56400957	
544	0.56661817	0.56400962	
544.2	0.56643799	0.56400967	
544.4	0.56626174	0.56400972	
544.6	0.56652324	0.56400976	
544.8	0.56690585	0.56400981	
545	0.56723094	0.56400985	
545.2	0.5672577	0.56400989	
545.4	0.56790271	0.56400993	
545.6	0.56827211	0.56400998	
545.8	0.56821885	0.56401002	
546	0.56768063	0.56401006	
546.2	0.56743718	0.56401009	
546.4	0.56780533	0.56401013	
546.6	0.56815586	0.56401017	
546.8	0.56804441	0.56401021	
547	0.56780355	0.56401024	
547.2	0.5675451	0.56401028	
547.4	0.56691297	0.56401031	
547.6	0.56688728	0.56401035	
547.8	0.56744385	0.56401038	
548	0.5673086	0.56401041	
548.2	0.56737227	0.56401044	
548.4	0.56735355	0.56401047	
548.6	0.56777776	0.56401051	
548.8	0.56746977	0.56401054	
549	0.56706651	0.56401056	
549.2	0.56657393	0.56401059	
549.4	0.56656954	0.56401062	
549.6	0.56614815	0.56401065	
549.8	0.56622975	0.56401068	
550	0.5659104	0.5640107	
550.2	0.56588088	0.56401073	
550.4	0.5662936	0.56401076	
550.6	0.56608654	0.56401078	
550.8	0.56633111	0.5640108	
551	0.56623123	0.56401083	
551.2	0.56606532	0.56401085	
551.4	0.56650835	0.56401088	
551.6	0.5671573	0.5640109	
551.8	0.56736851	0.56401092	
552	0.56758337	0.56401094	
552.2	0.56789314	0.56401096	
552.4	0.56807698	0.56401098	
552.6	0.56851027	0.56401101	
552.8	0.56825105	0.56401103	
553	0.5678318	0.56401105	
553.2	0.56767911	0.56401106	
553.4	0.56746599	0.56401108	
553.6	0.56749837	0.5640111	
553.8	0.56738564	0.56401112	
554	0.5672853	0.56401114	
554.2	0.56743913	0.56401116	
554.4	0.56740919	0.56401117	
554.6	0.56713752	0.56401119	
554.8	0.5668039	0.56401121	
555	0.566329	0.56401122	
555.2	0.56591318	0.56401124	
555.4	0.56586561	0.56401125	
555.6	0.5655648	0.56401127	
555.8	0.56552362	0.56401128	
556	0.56594898	0.5640113	
556.2	0.56653189	0.56401131	
556.4	0.56684394	0.56401133	
556.6	0.56728444	0.56401134	
556.8	0.56712745	0.56401135	
557	0.56678917	0.56401137	
557.2	0.56681371	0.56401138	
557.4	0.56685241	0.56401139	
557.6	0.56701373	0.56401141	
557.8	0.56707612	0.56401142	
558	0.56700281	0.56401143	
558.2	0.567093	0.56401144	
558.4	0.56659472	0.56401145	
558.6	0.56598952	0.56401146	
558.8	0.56523746	0.56401148	
559	0.56493917	0.56401149	
559.2	0.56438448	0.5640115	
559.4	0.56468463	0.56401151	
559.6	0.56532004	0.56401152	
559.8	0.56577018	0.56401153	
560	0.56600076	0.56401154	
560.2	0.56633979	0.56401155	
560.4	0.56646553	0.56401156	
560.6	0.56680558	0.56401157	
560.8	0.56645749	0.56401157	
561	0.56650328	0.56401158	
561.2	0.56665645	0.56401159	
561.4	0.56708331	0.5640116	
561.6	0.56716557	0.56401161	
561.8	0.56730751	0.56401162	
562	0.56703495	0.56401163	
562.2	0.56718014	0.56401163	
562.4	0.56606317	0.56401164	
562.6	0.56540501	0.56401165	
562.8	0.56473028	0.56401166	
563	0.56451865	0.56401166	
563.2	0.5644527	0.56401167	
563.4	0.56448648	0.56401168	
563.6	0.56468453	0.56401168	
563.8	0.56402779	0.56401169	
564	0.56411038	0.5640117	
564.2	0.56441849	0.5640117	
564.4	0.56486562	0.56401171	
564.6	0.56492492	0.56401172	
564.8	0.56489577	0.56401172	
565	0.56570943	0.56401173	
565.2	0.56602979	0.56401173	
565.4	0.56672506	0.56401174	
565.6	0.56724647	0.56401175	
565.8	0.56746406	0.56401175	
566	0.56774321	0.56401176	
566.2	0.56795566	0.56401176	
566.4	0.56755483	0.56401177	
566.6	0.56790283	0.56401177	
566.8	0.56729502	0.56401178	
567	0.56723543	0.56401178	
567.2	0.56706596	0.56401179	
567.4	0.56665585	0.56401179	
567.6	0.56677188	0.5640118	
567.8	0.56663077	0.5640118	
568	0.56716874	0.56401181	
568.2	0.56724574	0.56401181	
568.4	0.56738981	0.56401181	
568.6	0.56743409	0.56401182	
568.8	0.56715161	0.56401182	
569	0.56735785	0.56401183	
569.2	0.56696277	0.56401183	
569.4	0.5671917	0.56401183	
569.6	0.56714379	0.56401184	
569.8	0.56712154	0.56401184	
570	0.56713737	0.56401184	
570.2	0.56705388	0.56401185	
570.4	0.56667604	0.56401185	
570.6	0.56621258	0.56401186	
570.8	0.56505066	0.56401186	
571	0.56450313	0.56401186	
571.2	0.56359827	0.56401187	
571.4	0.56329772	0.56401187	
571.6	0.56335371	0.56401187	
571.8	0.56355023	0.56401187	
572	0.56373602	0.56401188	
572.2	0.5639383	0.56401188	
572.4	0.56426006	0.56401188	
572.6	0.56436894	0.56401189	
572.8	0.56429466	0.56401189	
573	0.56487761	0.56401189	
573.2	0.56515888	0.56401189	
573.4	0.56520558	0.5640119	
573.6	0.56538612	0.5640119	
573.8	0.56583869	0.5640119	
574	0.56607349	0.5640119	
574.2	0.56621734	0.56401191	
574.4	0.56623933	0.56401191	
574.6	0.5663317	0.56401191	
574.8	0.56582285	0.56401191	
575	0.56565374	0.56401192	
575.2	0.56523565	0.56401192	
575.4	0.5651114	0.56401192	
575.6	0.56505866	0.56401192	
575.8	0.56504824	0.56401192	
576	0.5651069	0.56401193	
576.2	0.56515061	0.56401193	
576.4	0.56533306	0.56401193	
576.6	0.56514495	0.56401193	
576.8	0.56539106	0.56401193	
577	0.56540788	0.56401194	
577.2	0.56563961	0.56401194	
577.4	0.56569315	0.56401194	
577.6	0.56599342	0.56401194	
577.8	0.56610898	0.56401194	
578	0.56624378	0.56401194	
578.2	0.56652913	0.56401195	
578.4	0.56682625	0.56401195	
578.6	0.56672769	0.56401195	
578.8	0.56640909	0.56401195	
579	0.56626851	0.56401195	
579.2	0.56579435	0.56401195	
579.4	0.56567943	0.56401195	
579.6	0.56552478	0.56401196	
579.8	0.56515388	0.56401196	
580	0.56479689	0.56401196	
580.2	0.56475745	0.56401196	
580.4	0.56446982	0.56401196	
580.6	0.56416811	0.56401196	
580.8	0.56439282	0.56401196	
581	0.56435759	0.56401196	
581.2	0.56416666	0.56401197	
581.4	0.56408772	0.56401197	
581.6	0.56434367	0.56401197	
581.8	0.56418982	0.56401197	
582	0.56411658	0.56401197	
582.2	0.56427395	0.56401197	
582.4	0.56408748	0.56401197	
582.6	0.56417657	0.56401197	
582.8	0.56442657	0.56401197	
583	0.564689	0.56401198	
583.2	0.56483058	0.56401198	
583.4	0.56500407	0.56401198	
583.6	0.56483225	0.56401198	
583.8	0.56482952	0.56401198	
584	0.56523613	0.56401198	
584.2	0.56554241	0.56401198	
584.4	0.56515609	0.56401198	
584.6	0.56523496	0.56401198	
584.8	0.56546979	0.56401198	
585	0.56533195	0.56401198	
585.2	0.565165	0.56401199	
585.4	0.56556662	0.56401199	
585.6	0.56540191	0.56401199	
585.8	0.56517659	0.56401199	
586	0.56514083	0.56401199	
586.2	0.56563461	0.56401199	
586.4	0.56564363	0.56401199	
586.6	0.56526129	0.56401199	
586.8	0.56516086	0.56401199	
587	0.56500449	0.56401199	
587.2	0.56472146	0.56401199	
587.4	0.5648489	0.56401199	
587.6	0.56454666	0.56401199	
587.8	0.56415073	0.56401199	
588	0.56394637	0.56401199	
588.2	0.56347562	0.564012	
588.4	0.56304139	0.564012	
588.6	0.56312089	0.564012	
588.8	0.56300878	0.564012	
589	0.56289774	0.564012	
589.2	0.56285037	0.564012	
589.4	0.56286947	0.564012	
589.6	0.56274552	0.564012	
589.8	0.56306139	0.564012	
590	0.56319876	0.564012	
590.2	0.56359384	0.564012	
590.4	0.5633693	0.564012	
590.6	0.56288267	0.564012	
590.8	0.56309653	0.564012	
591	0.56299076	0.564012	
591.2	0.56291366	0.564012	
591.4	0.56336722	0.564012	
591.6	0.56347859	0.564012	
591.8	0.56272177	0.564012	
592	0.56310154	0.564012	
592.2	0.56320084	0.56401201	
592.4	0.56343535	0.56401201	
592.6	0.56365634	0.56401201	
592.8	0.5636915	0.56401201	
593	0.56372867	0.56401201	
593.2	0.56385878	0.56401201	
593.4	0.56354831	0.56401201	
593.6	0.56350006	0.56401201	
593.8	0.56405176	0.56401201	
594	0.56411901	0.56401201	
594.2	0.56404049	0.56401201	
594.4	0.56355299	0.56401201	
594.6	0.56337999	0.56401201	
594.8	0.56337922	0.56401201	
595	0.56293698	0.56401201	
595.2	0.56268168	0.56401201	
595.4	0.56270875	0.56401201	
595.6	0.56253585	0.56401201	
595.8	0.56180028	0.56401201	
596	0.56213305	0.56401201	
596.2	0.56212523	0.56401201	
596.4	0.56227815	0.56401201	
596.6	0.56235419	0.56401201	
596.8	0.56209059	0.56401201	
597	0.56190212	0.56401201	
597.2	0.56207721	0.56401201	
597.4	0.56187604	0.56401201	
597.6	0.56210909	0.56401201	
597.8	0.56235288	0.56401201	
598	0.56200079	0.56401201	
598.2	0.5619394	0.56401201	
598.4	0.56183314	0.56401201	
598.6	0.562068	0.56401201	
598.8	0.56186832	0.56401201	
599	0.5614924	0.56401201	
599.2	0.56152784	0.56401202	
599.4	0.56150027	0.56401202	
599.6	0.5616666	0.56401202	
599.8	0.56163154	0.56401202	
600	0.56163154	0.56401202	
600.2	0.56054982	0.56219282	
600.4	0.55945356	0.56037949	
600.6	0.55800126	0.55857202	
600.8	0.55662391	0.55677037	
601	0.55511476	0.55497453	
601.2	0.55383305	0.55318448	
601.4	0.5523996	0.55140021	
601.6	0.55120594	0.5496217	
601.8	0.54957392	0.54784892	
602	0.54829175	0.54608186	
602.2	0.54668952	0.54432049	
602.4	0.54542575	0.54256481	
602.6	0.5442659	0.54081479	
602.8	0.54314485	0.53907042	
603	0.54205755	0.53733167	
603.2	0.54064312	0.53559854	
603.4	0.53870127	0.53387099	
603.6	0.53666581	0.53214901	
603.8	0.53516796	0.53043259	
604	0.53366929	0.5287217	
604.2	0.53217366	0.52701633	
604.4	0.53053362	0.52531647	
604.6	0.52890828	0.52362208	
604.8	0.52744202	0.52193316	
605	0.52557028	0.52024969	
605.2	0.52426421	0.51857165	
605.4	0.5228608	0.51689902	
605.6	0.521365	0.51523179	
605.8	0.51944826	0.51356993	
606	0.51805526	0.51191343	
606.2	0.5161969	0.51026228	
606.4	0.51460061	0.50861645	
606.6	0.51300138	0.50697593	
606.8	0.51133713	0.50534071	
607	0.51020664	0.50371075	
607.2	0.50862349	0.50208606	
607.4	0.50654045	0.5004666	
607.6	0.50525074	0.49885237	
607.8	0.50361625	0.49724334	
608	0.50199395	0.49563951	
608.2	0.5006511	0.49404085	
608.4	0.49952161	0.49244734	
608.6	0.49800478	0.49085897	
608.8	0.49604546	0.48927573	
609	0.49433532	0.48769759	
609.2	0.49329825	0.48612455	
609.4	0.49183315	0.48455657	
609.6	0.49079947	0.48299366	
609.8	0.48979031	0.48143579	
610	0.48860815	0.47988294	
610.2	0.48749561	0.4783351	
610.4	0.4861673	0.47679225	
610.6	0.48518911	0.47525438	
610.8	0.48376941	0.47372146	
611	0.48278183	0.4721935	
611.2	0.48136796	0.47067046	
611.4	0.47955844	0.46915233	
611.6	0.47816681	0.4676391	
611.8	0.47633307	0.46613076	
612	0.47522011	0.46462727	
612.2	0.47389609	0.46312864	
612.4	0.47257766	0.46163484	
612.6	0.47076715	0.46014586	
612.8	0.46950633	0.45866168	
613	0.46845441	0.45718228	
613.2	0.46728767	0.45570766	
613.4	0.46576017	0.4542378	
613.6	0.46469487	0.45277268	
613.8	0.46335189	0.45131228	
614	0.46184129	0.44985659	
614.2	0.46042696	0.4484056	
614.4	0.45887194	0.44695929	
614.6	0.4575703	0.44551764	
614.8	0.4561155	0.44408064	
615	0.45519999	0.44264828	
615.2	0.45383201	0.44122054	
615.4	0.45213376	0.4397974	
615.6	0.45110939	0.43837886	
615.8	0.44989964	0.43696489	
616	0.44907417	0.43555548	
616.2	0.44774202	0.43415061	
616.4	0.4465062	0.43275028	
616.6	0.44553343	0.43135446	
616.8	0.44444641	0.42996315	
617	0.44301818	0.42857632	
617.2	0.44150799	0.42719397	
617.4	0.43999262	0.42581607	
617.6	0.43873442	0.42444262	
617.8	0.43735064	0.4230736	
618	0.4359279	0.421709	
618.2	0.43460971	0.4203488	
618.4	0.43349598	0.41899298	
618.6	0.43240912	0.41764154	
618.8	0.4315373	0.41629445	
619	0.43053168	0.41495171	
619.2	0.42930145	0.41361331	
619.4	0.42811603	0.41227922	
619.6	0.4271272	0.41094943	
619.8	0.42558976	0.40962393	
620	0.42427074	0.40830271	
620.2	0.42298953	0.40698574	
620.4	0.42181079	0.40567303	
620.6	0.42098933	0.40436455	
620.8	0.41981976	0.40306029	
621	0.41850236	0.40176024	
621.2	0.41725986	0.40046438	
621.4	0.41609125	0.3991727	
621.6	0.41507481	0.39788519	
621.8	0.41356225	0.39660183	
622	0.41236914	0.39532261	
622.2	0.41150202	0.39404751	
622.4	0.4104845	0.39277653	
622.6	0.409251	0.39150965	
622.8	0.40847655	0.39024685	
623	0.40699611	0.38898813	
623.2	0.40556865	0.38773346	
623.4	0.40401745	0.38648285	
623.6	0.4028877	0.38523626	
623.8	0.40198058	0.3839937	
624	0.40100376	0.38275515	
624.2	0.40025934	0.38152059	
624.4	0.39935632	0.38029001	
624.6	0.39848493	0.3790634	
624.8	0.39714295	0.37784075	
625	0.39598415	0.37662204	
625.2	0.39448448	0.37540727	
625.4	0.39337787	0.37419641	
625.6	0.39255961	0.37298945	
625.8	0.391009	0.37178639	
626	0.39024502	0.37058721	
626.2	0.38953074	0.3693919	
626.4	0.38856115	0.36820044	
626.6	0.38751744	0.36701283	
626.8	0.38669328	0.36582905	
627	0.38531684	0.36464908	
627.2	0.38435615	0.36347292	
627.4	0.38331083	0.36230056	
627.6	0.38240561	0.36113197	
627.8	0.38155749	0.35996716	
628	0.38020716	0.3588061	
628.2	0.37896307	0.35764879	
628.4	0.37784257	0.35649521	
628.6	0.37691531	0.35534535	
628.8	0.37565306	0.3541992	
629	0.37434157	0.35305675	
629.2	0.3731034	0.35191798	
629.4	0.37254424	0.35078288	
629.6	0.37188124	0.34965145	
629.8	0.3708729	0.34852366	
630	0.37065846	0.34739952	
630.2	0.36983906	0.346279	
630.4	0.36916033	0.34516209	
630.6	0.36804904	0.34404878	
630.8	0.36703924	0.34293907	
631	0.3660811	0.34183294	
631.2	0.36501058	0.34073037	
631.4	0.36395389	0.33963136	
631.6	0.36294611	0.33853589	
631.8	0.36206336	0.33744396	
632	0.3610024	0.33635555	
632.2	0.35987276	0.33527065	
632.4	0.3587541	0.33418925	
632.6	0.35756975	0.33311134	
632.8	0.35618415	0.3320369	
633	0.35491381	0.33096593	
633.2	0.35406876	0.32989842	
633.4	0.35264686	0.32883435	
633.6	0.35179895	0.32777371	
633.8	0.35052048	0.32671649	
634	0.34940968	0.32566268	
634.2	0.34811284	0.32461227	
634.4	0.3469084	0.32356525	
634.6	0.34590437	0.3225216	
634.8	0.34476326	0.32148132	
635	0.34374344	0.3204444	
635.2	0.34260472	0.31941082	
635.4	0.34191414	0.31838058	
635.6	0.34122753	0.31735365	
635.8	0.34053724	0.31633004	
636	0.33978234	0.31530974	
636.2	0.33839892	0.31429272	
636.4	0.33757932	0.31327898	
636.6	0.33688766	0.31226851	
636.8	0.33635821	0.31126131	
637	0.33543775	0.31025735	
637.2	0.33452836	0.30925663	
637.4	0.3338433	0.30825913	
637.6	0.33339231	0.30726486	
637.8	0.33219162	0.30627379	
638	0.33146807	0.30528592	
638.2	0.33067975	0.30430123	
638.4	0.32958189	0.30331972	
638.6	0.32864098	0.30234138	
638.8	0.32724879	0.30136619	
639	0.32602977	0.30039415	
639.2	0.32501573	0.29942524	
639.4	0.32416494	0.29845946	
639.6	0.32321891	0.29749679	
639.8	0.32216545	0.29653723	
640	0.32108916	0.29558076	
640.2	0.32018785	0.29462738	
640.4	0.31972031	0.29367707	
640.6	0.3187596	0.29272983	
640.8	0.31804761	0.29178564	
641	0.31717185	0.2908445	
641.2	0.31677845	0.28990639	
641.4	0.31601416	0.28897131	
641.6	0.3150886	0.28803925	
641.8	0.31439561	0.28711019	
642	0.31397695	0.28618413	
642.2	0.31283086	0.28526106	
642.4	0.31195266	0.28434096	
642.6	0.31135877	0.28342383	
642.8	0.31048473	0.28250966	
643	0.30970611	0.28159844	
643.2	0.30883385	0.28069016	
643.4	0.30795324	0.2797848	
643.6	0.30687934	0.27888237	
643.8	0.30590617	0.27798285	
644	0.30522654	0.27708623	
644.2	0.3044227	0.2761925	
644.4	0.30356401	0.27530165	
644.6	0.30241513	0.27441368	
644.8	0.30182077	0.27352857	
645	0.30166831	0.27264632	
645.2	0.30083498	0.27176691	
645.4	0.30002895	0.27089034	
645.6	0.29927136	0.27001659	
645.8	0.2985956	0.26914567	
646	0.29758301	0.26827755	
646.2	0.29696214	0.26741223	
646.4	0.29661674	0.26654971	
646.6	0.29621925	0.26568996	
646.8	0.29539454	0.26483299	
647	0.29454693	0.26397879	
647.2	0.29360704	0.26312733	
647.4	0.29294773	0.26227863	
647.6	0.29213368	0.26143266	
647.8	0.29137856	0.26058942	
648	0.29069078	0.2597489	
648.2	0.28954973	0.25891109	
648.4	0.28862086	0.25807599	
648.6	0.28779505	0.25724358	
648.8	0.28688609	0.25641385	
649	0.2860572	0.2555868	
649.2	0.28468264	0.25476241	
649.4	0.28381725	0.25394069	
649.6	0.28244021	0.25312162	
649.8	0.28173607	0.25230518	
650	0.28114614	0.25149138	
650.2	0.28061737	0.25068021	
650.4	0.27964364	0.24987165	
650.6	0.27890998	0.2490657	
650.8	0.278441	0.24826235	
651	0.27750355	0.24746159	
651.2	0.27690296	0.24666342	
651.4	0.27600616	0.24586782	
651.6	0.27496198	0.24507478	
651.8	0.27392091	0.2442843	
652	0.27315246	0.24349638	
652.2	0.27215651	0.24271099	
652.4	0.27167412	0.24192814	
652.6	0.27106411	0.24114781	
652.8	0.26996583	0.24037	
653	0.26948165	0.23959469	
653.2	0.26870041	0.23882189	
653.4	0.2679172	0.23805158	
653.6	0.26702524	0.23728376	
653.8	0.26647531	0.23651841	
654	0.26585397	0.23575553	
654.2	0.26498165	0.23499511	
654.4	0.2645638	0.23423715	
654.6	0.26392418	0.23348163	
654.8	0.26315619	0.23272854	
655	0.26215109	0.23197789	
655.2	0.26193197	0.23122965	
655.4	0.26103649	0.23048383	
655.6	0.26045284	0.22974042	
655.8	0.26033232	0.2289994	
656	0.25955698	0.22826077	
656.2	0.2592852	0.22752453	
656.4	0.25884757	0.22679066	
656.6	0.25785817	0.22605916	
656.8	0.25703065	0.22533001	
657	0.25586519	0.22460322	
657.2	0.25467421	0.22387877	
657.4	0.25366717	0.22315666	
657.6	0.25283237	0.22243688	
657.8	0.25196122	0.22171942	
658	0.25103815	0.22100427	
658.2	0.25014694	0.22029144	
658.4	0.24945176	0.2195809	
658.6	0.24860674	0.21887265	
658.8	0.24796135	0.21816668	
659	0.247232	0.217463	
659.2	0.24687973	0.21676158	
659.4	0.24625467	0.21606243	
659.6	0.24553151	0.21536553	
659.8	0.24518449	0.21467087	
660	0.24437461	0.21397846	
660.2	0.24393137	0.21328829	
660.4	0.24333576	0.21260033	
660.6	0.24272913	0.2119146	
660.8	0.24225692	0.21123108	
661	0.24121767	0.21054976	
661.2	0.24113546	0.20987065	
661.4	0.24045794	0.20919372	
661.6	0.23988604	0.20851897	
661.8	0.23925194	0.2078464	
662	0.23847518	0.207176	
662.2	0.23789603	0.20650777	
662.4	0.23719453	0.20584169	
662.6	0.23605644	0.20517775	
662.8	0.2347994	0.20451596	
663	0.23345445	0.20385631	
663.2	0.23309877	0.20319878	
663.4	0.23268668	0.20254337	
663.6	0.23177717	0.20189007	
663.8	0.23130355	0.20123889	
664	0.23073158	0.2005898	
664.2	0.23012993	0.19994281	
664.4	0.22981087	0.1992979	
664.6	0.22927322	0.19865507	
664.8	0.22864337	0.19801432	
665	0.22799508	0.19737563	
665.2	0.22764775	0.19673901	
665.4	0.22703068	0.19610444	
665.6	0.22659616	0.19547191	
665.8	0.22611122	0.19484142	
666	0.22555068	0.19421297	
666.2	0.2252428	0.19358655	
666.4	0.22446489	0.19296214	
666.6	0.22361528	0.19233975	
666.8	0.22306022	0.19171937	
667	0.22259674	0.19110099	
667.2	0.22263481	0.1904846	
667.4	0.22207948	0.1898702	
667.6	0.22121123	0.18925778	
667.8	0.22049854	0.18864734	
668	0.22022239	0.18803887	
668.2	0.21967627	0.18743236	
668.4	0.21931951	0.1868278	
668.6	0.21848123	0.1862252	
668.8	0.21763684	0.18562454	
669	0.21732024	0.18502581	
669.2	0.21696467	0.18442902	
669.4	0.21668883	0.18383415	
669.6	0.21633146	0.1832412	
669.8	0.21598688	0.18265017	
670	0.21587865	0.18206104	
670.2	0.21539132	0.18147381	
670.4	0.2146732	0.18088847	
670.6	0.21376879	0.18030503	
670.8	0.21286593	0.17972346	
671	0.21215089	0.17914377	
671.2	0.21155713	0.17856595	
671.4	0.21089934	0.17798999	
671.6	0.21005591	0.1774159	
671.8	0.20960761	0.17684365	
672	0.20910864	0.17627325	
672.2	0.20829173	0.17570469	
672.4	0.20753897	0.17513796	
672.6	0.20652209	0.17457306	
672.8	0.20591689	0.17400998	
673	0.2054287	0.17344872	
673.2	0.20473253	0.17288927	
673.4	0.20422285	0.17233162	
673.6	0.20354915	0.17177578	
673.8	0.202966	0.17122172	
674	0.20237406	0.17066945	
674.2	0.20167937	0.17011897	
674.4	0.20082874	0.16957025	
674.6	0.19992376	0.16902331	
674.8	0.19929109	0.16847814	
675	0.19882604	0.16793472	
675.2	0.19827892	0.16739305	
675.4	0.19755962	0.16685313	
675.6	0.19675716	0.16631496	
675.8	0.19655294	0.16577852	
676	0.19621862	0.1652438	
676.2	0.19565607	0.16471082	
676.4	0.19528247	0.16417955	
676.6	0.19461459	0.16365	
676.8	0.19371629	0.16312215	
677	0.19344738	0.16259601	
677.2	0.19315134	0.16207156	
677.4	0.19300099	0.16154881	
677.6	0.19213501	0.16102774	
677.8	0.19191887	0.16050835	
678	0.19128023	0.15999064	
678.2	0.19049429	0.1594746	
678.4	0.18987043	0.15896022	
678.6	0.18939916	0.1584475	
678.8	0.18919577	0.15793644	
679	0.18876294	0.15742702	
679.2	0.18810714	0.15691924	
679.4	0.18739323	0.15641311	
679.6	0.18709201	0.15590861	
679.8	0.18697552	0.15540573	
680	0.18692357	0.15490448	
680.2	0.18683735	0.15440484	
680.4	0.18610695	0.15390681	
680.6	0.18547738	0.15341039	
680.8	0.18511899	0.15291557	
681	0.18506885	0.15242235	
681.2	0.18486448	0.15193072	
681.4	0.18404396	0.15144068	
681.6	0.18309002	0.15095221	
681.8	0.18268081	0.15046532	
682	0.18197401	0.14998	
682.2	0.18141401	0.14949625	
682.4	0.18110478	0.14901406	
682.6	0.1802731	0.14853342	
682.8	0.17985355	0.14805433	
683	0.17873695	0.14757679	
683.2	0.17794536	0.14710078	
683.4	0.1775777	0.14662632	
683.6	0.17711375	0.14615338	
683.8	0.1770849	0.14568197	
684	0.17661811	0.14521208	
684.2	0.17623461	0.14474371	
684.4	0.17556059	0.14427684	
684.6	0.17554896	0.14381148	
684.8	0.175172	0.14334763	
685	0.1748493	0.14288526	
685.2	0.17432054	0.14242439	
685.4	0.17320541	0.14196501	
685.6	0.1725512	0.14150711	
685.8	0.17189266	0.14105068	
686	0.17110436	0.14059573	
686.2	0.1702399	0.14014225	
686.4	0.16972205	0.13969022	
686.6	0.16900909	0.13923966	
686.8	0.16858182	0.13879055	
687	0.16826582	0.13834289	
687.2	0.16795757	0.13789667	
687.4	0.16779549	0.13745189	
687.6	0.16690427	0.13700854	
687.8	0.16691506	0.13656663	
688	0.16626414	0.13612614	
688.2	0.1662488	0.13568707	
688.4	0.16629535	0.13524942	
688.6	0.16589855	0.13481318	
688.8	0.1653625	0.13437834	
689	0.16518402	0.13394491	
689.2	0.16453362	0.13351288	
689.4	0.16419598	0.13308224	
689.6	0.16348559	0.13265299	
689.8	0.1631892	0.13222512	
690	0.16270768	0.13179864	
690.2	0.16236634	0.13137353	
690.4	0.16248081	0.13094979	
690.6	0.16234262	0.13052741	
690.8	0.16168809	0.1301064	
691	0.16104911	0.12968675	
691.2	0.15994284	0.12926845	
691.4	0.15981452	0.1288515	
691.6	0.15900125	0.1284359	
691.8	0.15871368	0.12802163	
692	0.15778984	0.12760871	
692.2	0.15744097	0.12719711	
692.4	0.15694427	0.12678684	
692.6	0.15629123	0.1263779	
692.8	0.15610625	0.12597027	
693	0.15598911	0.12556396	
693.2	0.15572049	0.12515896	
693.4	0.15539524	0.12475526	
693.6	0.15482082	0.12435287	
693.8	0.15453311	0.12395178	
694	0.1538969	0.12355198	
694.2	0.15359964	0.12315347	
694.4	0.15337631	0.12275624	
694.6	0.15297945	0.12236029	
694.8	0.15219737	0.12196563	
695	0.15186794	0.12157223	
695.2	0.15168823	0.12118011	
695.4	0.15146313	0.12078925	
695.6	0.15070576	0.12039965	
695.8	0.14993934	0.1200113	
696	0.14947052	0.11962421	
696.2	0.14896496	0.11923837	
696.4	0.14835819	0.11885377	
696.6	0.14802119	0.11847041	
696.8	0.14750704	0.11808829	
697	0.14680454	0.1177074	
697.2	0.14615335	0.11732774	
697.4	0.14558118	0.11694931	
697.6	0.14520699	0.11657209	
697.8	0.14436218	0.1161961	
698	0.14368293	0.11582131	
698.2	0.14344551	0.11544774	
698.4	0.14301117	0.11507536	
698.6	0.14285607	0.11470419	
698.8	0.14280757	0.11433422	
699	0.14272137	0.11396544	
699.2	0.14259137	0.11359785	
699.4	0.14271721	0.11323145	
699.6	0.14246528	0.11286622	
699.8	0.14236685	0.11250218	
700	0.14211809	0.11213931	
700.2	0.14175702	0.11177761	
700.4	0.14141178	0.11141707	
700.6	0.14103784	0.1110577	
700.8	0.14035358	0.11069949	
701	0.13971316	0.11034243	
701.2	0.13908668	0.10998653	
701.4	0.13852746	0.10963177	
701.6	0.13786907	0.10927816	
701.8	0.13717839	0.10892569	
702	0.13642615	0.10857436	
702.2	0.13631754	0.10822415	
702.4	0.13595082	0.10787508	
702.6	0.13565514	0.10752714	
702.8	0.13566249	0.10718031	
703	0.13536838	0.10683461	
703.2	0.1353734	0.10649002	
703.4	0.13537147	0.10614654	
703.6	0.13483899	0.10580417	
703.8	0.13481198	0.1054629	
704	0.13402991	0.10512273	
704.2	0.13363199	0.10478367	
704.4	0.13322583	0.10444569	
704.6	0.13289734	0.10410881	
704.8	0.13242313	0.10377301	
705	0.13176256	0.10343829	
705.2	0.13100079	0.10310466	
705.4	0.1308584	0.1027721	
705.6	0.13112104	0.10244061	
705.8	0.13064418	0.10211019	
706	0.13013673	0.10178084	
706.2	0.12992877	0.10145255	
706.4	0.12930769	0.10112532	
706.6	0.12906035	0.10079915	
706.8	0.12859602	0.10047402	
707	0.12784035	0.10014995	
707.2	0.12750149	0.09982692	
707.4	0.12701146	0.09950493	
707.6	0.1264389	0.09918398	
707.8	0.12566145	0.09886407	
708	0.12486262	0.09854519	
708.2	0.12427236	0.09822734	
708.4	0.1243539	0.09791051	
708.6	0.12405917	0.0975947	
708.8	0.12408734	0.09727992	
709	0.1237455	0.09696614	
709.2	0.12352813	0.09665338	
709.4	0.1234459	0.09634163	
709.6	0.12333976	0.09603089	
709.8	0.12262749	0.09572114	
710	0.12202098	0.0954124	
710.2	0.12159375	0.09510465	
710.4	0.12118292	0.0947979	
710.6	0.12091502	0.09449213	
710.8	0.12032858	0.09418735	
711	0.11962254	0.09388355	
711.2	0.11962416	0.09358074	
711.4	0.11921974	0.09327889	
711.6	0.11897434	0.09297803	
711.8	0.11831111	0.09267813	
712	0.11832752	0.0923792	
712.2	0.11799446	0.09208124	
712.4	0.11845118	0.09178423	
712.6	0.11844303	0.09148819	
712.8	0.11855733	0.0911931	
713	0.1181761	0.09089896	
713.2	0.11801216	0.09060577	
713.4	0.11800015	0.09031352	
713.6	0.11793904	0.09002222	
713.8	0.11766582	0.08973186	
714	0.11726606	0.08944243	
714.2	0.1168659	0.08915394	
714.4	0.11629326	0.08886638	
714.6	0.11574122	0.08857974	
714.8	0.1150808	0.08829403	
715	0.11427658	0.08800924	
715.2	0.11426769	0.08772538	
715.4	0.11334572	0.08744242	
715.6	0.11284134	0.08716038	
715.8	0.11214208	0.08687925	
716	0.11195594	0.08659902	
716.2	0.11106616	0.0863197	
716.4	0.11110026	0.08604128	
716.6	0.11064312	0.08576376	
716.8	0.11041251	0.08548713	
717	0.11045158	0.0852114	
717.2	0.11036909	0.08493655	
717.4	0.110443	0.08466259	
717.6	0.10993364	0.08438952	
717.8	0.1098192	0.08411732	
718	0.10888892	0.08384601	
718.2	0.10829432	0.08357556	
718.4	0.10832741	0.083306	
718.6	0.10728945	0.0830373	
718.8	0.10672369	0.08276946	
719	0.10624228	0.08250249	
719.2	0.10559072	0.08223639	
719.4	0.10479398	0.08197114	
719.6	0.1045817	0.08170674	
719.8	0.1036956	0.0814432	
720	0.10290798	0.08118051	
720.2	0.10233466	0.08091867	
720.4	0.10244089	0.08065767	
720.6	0.10240901	0.08039751	
720.8	0.10242294	0.08013819	
721	0.10254747	0.07987971	
721.2	0.10223284	0.07962206	
721.4	0.10242122	0.07936524	
721.6	0.10191515	0.07910925	
721.8	0.10175525	0.07885409	
722	0.10133544	0.07859975	
722.2	0.10154303	0.07834623	
722.4	0.1016592	0.07809353	
722.6	0.10071428	0.07784164	
722.8	0.10067388	0.07759057	
723	0.1000513	0.0773403	
723.2	0.09969403	0.07709084	
723.4	0.09931015	0.07684219	
723.6	0.09929545	0.07659434	
723.8	0.09873786	0.07634729	
724	0.09847652	0.07610103	
724.2	0.09866853	0.07585557	
724.4	0.09845582	0.0756109	
724.6	0.09839739	0.07536702	
724.8	0.09788548	0.07512393	
725	0.09779745	0.07488162	
725.2	0.09732783	0.0746401	
725.4	0.09716578	0.07439935	
725.6	0.09641303	0.07415938	
725.8	0.09603493	0.07392018	
726	0.09545084	0.07368175	
726.2	0.09518082	0.07344409	
726.4	0.09495089	0.0732072	
726.6	0.09439715	0.07297108	
726.8	0.09391776	0.07273571	
727	0.09350909	0.07250111	
727.2	0.09353465	0.07226726	
727.4	0.0934463	0.07203416	
727.6	0.09327474	0.07180182	
727.8	0.09285967	0.07157023	
728	0.0924716	0.07133938	
728.2	0.09198683	0.07110928	
728.4	0.09145366	0.07087992	
728.6	0.09128561	0.0706513	
728.8	0.090589	0.07042342	
729	0.09064076	0.07019627	
729.2	0.09050178	0.06996985	
729.4	0.09009267	0.06974417	
729.6	0.08940596	0.06951921	
729.8	0.08913402	0.06929498	
730	0.08909311	0.06907147	
730.2	0.08884395	0.06884869	
730.4	0.0886442	0.06862662	
730.6	0.08844869	0.06840527	
730.8	0.08832459	0.06818463	
731	0.08835809	0.0679647	
731.2	0.08854924	0.06774548	
731.4	0.0886825	0.06752697	
731.6	0.08842474	0.06730917	
731.8	0.08817588	0.06709207	
732	0.08778776	0.06687566	
732.2	0.08731207	0.06665996	
732.4	0.08712318	0.06644495	
732.6	0.08668779	0.06623064	
732.8	0.08633792	0.06601701	
733	0.086408	0.06580408	
733.2	0.08579265	0.06559183	
733.4	0.08503046	0.06538027	
733.6	0.08457481	0.06516939	
733.8	0.0843778	0.06495918	
734	0.08397732	0.06474966	
734.2	0.08355735	0.06454081	
734.4	0.08355703	0.06433264	
734.6	0.08326542	0.06412514	
734.8	0.0829249	0.06391831	
735	0.08250242	0.06371214	
735.2	0.08248768	0.06350664	
735.4	0.08258079	0.0633018	
735.6	0.08207183	0.06309763	
735.8	0.08140443	0.06289411	
736	0.0812694	0.06269124	
736.2	0.08094524	0.06248904	
736.4	0.08074519	0.06228748	
736.6	0.08058349	0.06208658	
736.8	0.08028872	0.06188632	
737	0.07999033	0.06168671	
737.2	0.07970413	0.06148774	
737.4	0.07965076	0.06128941	
737.6	0.07971121	0.06109173	
737.8	0.07950247	0.06089468	
738	0.07912294	0.06069827	
738.2	0.07894303	0.06050249	
738.4	0.07869791	0.06030734	
738.6	0.07841574	0.06011282	
738.8	0.07795561	0.05991893	
739	0.07797528	0.05972566	
739.2	0.0777915	0.05953302	
739.4	0.07769742	0.059341	
739.6	0.07727191	0.0591496	
739.8	0.07720934	0.05895881	
740	0.07749723	0.05876864	
740.2	0.07703856	0.05857909	
740.4	0.07669131	0.05839014	
740.6	0.07610518	0.05820181	
740.8	0.07537895	0.05801408	
741	0.07541299	0.05782696	
741.2	0.07489545	0.05764044	
741.4	0.07448684	0.05745453	
741.6	0.07376083	0.05726921	
741.8	0.07300647	0.05708449	
742	0.07247235	0.05690037	
742.2	0.07243115	0.05671684	
742.4	0.07246356	0.0565339	
742.6	0.07225597	0.05635155	
742.8	0.07169835	0.05616979	
743	0.07167457	0.05598862	
743.2	0.07123879	0.05580803	
743.4	0.0715319	0.05562802	
743.6	0.0716235	0.0554486	
743.8	0.07179448	0.05526975	
744	0.07167234	0.05509148	
744.2	0.07095874	0.05491379	
744.4	0.07040676	0.05473666	
744.6	0.06996901	0.05456011	
744.8	0.06957365	0.05438413	
745	0.06943322	0.05420872	
745.2	0.06862944	0.05403387	
745.4	0.06849306	0.05385959	
745.6	0.06808658	0.05368587	
745.8	0.06804826	0.0535127	
746	0.06814581	0.0533401	
746.2	0.06826164	0.05316806	
746.4	0.06841466	0.05299656	
746.6	0.06772044	0.05282563	
746.8	0.06730967	0.05265524	
747	0.06729962	0.0524854	
747.2	0.06689281	0.05231611	
747.4	0.06734589	0.05214737	
747.6	0.0669002	0.05197917	
747.8	0.06643233	0.05181152	
748	0.06616872	0.0516444	
748.2	0.06591813	0.05147782	
748.4	0.06547949	0.05131178	
748.6	0.06509333	0.05114628	
748.8	0.06460612	0.05098131	
749	0.06406578	0.05081687	
749.2	0.06385586	0.05065296	
749.4	0.06376172	0.05048959	
749.6	0.06365636	0.05032673	
749.8	0.06357735	0.05016441	
750	0.06350571	0.0500026	
750.2	0.06372516	0.04984132	
750.4	0.06361665	0.04968056	
750.6	0.06246343	0.04952032	
750.8	0.06228073	0.04936059	
751	0.06209964	0.04920138	
751.2	0.06186041	0.04904269	
751.4	0.06194314	0.0488845	
751.6	0.06127231	0.04872683	
751.8	0.06104164	0.04856966	
752	0.06112262	0.048413	
752.2	0.06075779	0.04825685	
752.4	0.06022485	0.0481012	
752.6	0.05998921	0.04794605	
752.8	0.05954571	0.0477914	
753	0.05905168	0.04763725	
753.2	0.0588248	0.0474836	
753.4	0.05891325	0.04733044	
753.6	0.05924223	0.04717778	
753.8	0.05923297	0.04702561	
754	0.05916458	0.04687393	
754.2	0.05947002	0.04672274	
754.4	0.05887248	0.04657204	
754.6	0.05840708	0.04642183	
754.8	0.05841971	0.04627209	
755	0.05868013	0.04612285	
755.2	0.05848808	0.04597408	
755.4	0.05793707	0.04582579	
755.6	0.0575546	0.04567798	
755.8	0.05773588	0.04553065	
756	0.05743637	0.04538379	
756.2	0.05687418	0.04523741	
756.4	0.05702229	0.0450915	
756.6	0.05668275	0.04494606	
756.8	0.05634192	0.04480109	
757	0.05650431	0.04465658	
757.2	0.05679675	0.04451255	
757.4	0.05674876	0.04436897	
757.6	0.0566446	0.04422586	
757.8	0.05606808	0.04408321	
758	0.05570208	0.04394103	
758.2	0.05530425	0.0437993	
758.4	0.05463198	0.04365802	
758.6	0.05402257	0.04351721	
758.8	0.05340298	0.04337684	
759	0.05354495	0.04323693	
759.2	0.05287747	0.04309747	
759.4	0.05206553	0.04295847	
759.6	0.05172733	0.0428199	
759.8	0.05135622	0.04268179	
760	0.0508201	0.04254412	
760.2	0.05099614	0.0424069	
760.4	0.05097344	0.04227012	
760.6	0.050641	0.04213378	
760.8	0.05103749	0.04199788	
761	0.05105121	0.04186241	
761.2	0.05093306	0.04172739	
761.4	0.05045856	0.0415928	
761.6	0.05021589	0.04145864	
761.8	0.04974835	0.04132492	
762	0.05014246	0.04119163	
762.2	0.04978165	0.04105877	
762.4	0.04949269	0.04092633	
762.6	0.04895216	0.04079433	
762.8	0.04876474	0.04066275	
763	0.0486582	0.04053159	
763.2	0.04794542	0.04040086	
763.4	0.04730333	0.04027055	
763.6	0.04721701	0.04014066	
763.8	0.04683546	0.04001119	
764	0.04725786	0.03988213	
764.2	0.04726014	0.03975349	
764.4	0.04683737	0.03962527	
764.6	0.04702219	0.03949746	
764.8	0.04679151	0.03937006	
765	0.04656399	0.03924308	
765.2	0.04648644	0.0391165	
765.4	0.04635529	0.03899033	
765.6	0.04626957	0.03886457	
765.8	0.04605203	0.03873921	
766	0.04663493	0.03861426	
766.2	0.04609876	0.03848971	
766.4	0.04582966	0.03836557	
766.6	0.045432	0.03824182	
766.8	0.0453308	0.03811847	
767	0.04492848	0.03799552	
767.2	0.04504278	0.03787297	
767.4	0.04482273	0.03775081	
767.6	0.04487144	0.03762905	
767.8	0.04493809	0.03750768	
768	0.04503517	0.0373867	
768.2	0.04484674	0.03726611	
768.4	0.04442045	0.03714591	
768.6	0.04430179	0.0370261	
768.8	0.04394547	0.03690667	
769	0.04403467	0.03678763	
769.2	0.04366649	0.03666897	
769.4	0.04337854	0.0365507	
769.6	0.04283819	0.03643281	
769.8	0.04248408	0.0363153	
770	0.0427435	0.03619816	
770.2	0.04233816	0.03608141	
770.4	0.0421394	0.03596503	
770.6	0.04180329	0.03584902	
770.8	0.04134	0.0357334	
771	0.04086952	0.03561814	
771.2	0.04072286	0.03550325	
771.4	0.04011746	0.03538874	
771.6	0.0400574	0.0352746	
771.8	0.03977868	0.03516082	
772	0.03910977	0.03504741	
772.2	0.03890504	0.03493437	
772.4	0.0386936	0.03482169	
772.6	0.03920897	0.03470937	
772.8	0.03924972	0.03459742	
773	0.03934804	0.03448582	
773.2	0.03923145	0.03437459	
773.4	0.03908143	0.03426372	
773.6	0.03922008	0.0341532	
773.8	0.03951612	0.03404304	
774	0.03896471	0.03393324	
774.2	0.03872131	0.03382379	
774.4	0.03817939	0.03371469	
774.6	0.037555	0.03360595	
774.8	0.03700097	0.03349755	
775	0.03673607	0.03338951	
775.2	0.03641296	0.03328181	
775.4	0.03625619	0.03317446	
775.6	0.03613082	0.03306746	
775.8	0.03597748	0.0329608	
776	0.03592291	0.03285449	
776.2	0.0361817	0.03274852	
776.4	0.03618016	0.03264289	
776.6	0.03650668	0.0325376	
776.8	0.03623319	0.03243265	
777	0.03612374	0.03232804	
777.2	0.03606737	0.03222377	
777.4	0.03557789	0.03211983	
777.6	0.03540211	0.03201623	
777.8	0.03520837	0.03191296	
778	0.03466287	0.03181003	
778.2	0.03463685	0.03170743	
778.4	0.03422081	0.03160516	
778.6	0.03396355	0.03150322	
778.8	0.03379518	0.0314016	
779	0.0336106	0.03130032	
779.2	0.03346499	0.03119936	
779.4	0.0332885	0.03109873	
779.6	0.03300937	0.03099842	
779.8	0.03281101	0.03089844	
