Conc1	2.5E-08	
Start1	180	
Stop1	299.8	
Kobs	0.0139945286575629	
Error Kobs	7.35602615058576E-05	
Koff	0	
Error Koff	0	
Time1	Data1	Fit1	
180	-0.00356726	0	
180.2	0.00290389	0.00880396	
180.4	0.0105965	0.01743401	
180.6	0.01920561	0.02589358	
180.8	0.02873573	0.03418604	
181	0.03900567	0.04231468	
181.2	0.04999084	0.05028276	
181.4	0.06142176	0.05809343	
181.6	0.07279891	0.0657498	
181.8	0.0843722	0.07325494	
182	0.09506389	0.08061181	
182.2	0.10497616	0.08782336	
182.4	0.11455835	0.09489245	
182.6	0.12329567	0.10182189	
182.8	0.13173952	0.10861445	
183	0.14013678	0.11527283	
183.2	0.14792019	0.12179968	
183.4	0.15542696	0.12819759	
183.6	0.16243914	0.13446912	
183.8	0.1689424	0.14061676	
184	0.17605916	0.14664297	
184.2	0.18250936	0.15255012	
184.4	0.18849185	0.15834059	
184.6	0.194117	0.16401667	
184.8	0.19943372	0.16958063	
185	0.20499025	0.17503467	
185.2	0.21053513	0.18038098	
185.4	0.21588033	0.18562167	
185.6	0.22119789	0.19075884	
185.8	0.22695959	0.19579452	
186	0.23201076	0.20073074	
186.2	0.23684668	0.20556944	
186.4	0.24138319	0.21031255	
186.6	0.24616766	0.21496197	
186.8	0.2509156	0.21951955	
187	0.25531169	0.22398709	
187.2	0.25911768	0.22836639	
187.4	0.26339153	0.23265917	
187.6	0.2672975	0.23686715	
187.8	0.2708475	0.24099201	
188	0.27473221	0.24503538	
188.2	0.27774455	0.24899889	
188.4	0.2809387	0.25288409	
188.6	0.28407209	0.25669255	
188.8	0.28719518	0.26042577	
189	0.29046864	0.26408525	
189.2	0.29347978	0.26767244	
189.4	0.29628456	0.27118876	
189.6	0.29941945	0.27463563	
189.8	0.30256848	0.2780144	
190	0.30522433	0.28132643	
190.2	0.30791365	0.28457303	
190.4	0.31073572	0.2877555	
190.6	0.31376807	0.29087511	
190.8	0.31628369	0.29393308	
191	0.31870761	0.29693065	
191.2	0.32070035	0.29986901	
191.4	0.32287933	0.30274932	
191.6	0.32479991	0.30557273	
191.8	0.32648848	0.30834037	
192	0.32866115	0.31105334	
192.2	0.33038038	0.31371271	
192.4	0.33255278	0.31631955	
192.6	0.33451742	0.3188749	
192.8	0.33627092	0.32137976	
193	0.3378597	0.32383515	
193.2	0.33946883	0.32624203	
193.4	0.34089558	0.32860136	
193.6	0.34253216	0.33091409	
193.8	0.34444741	0.33318113	
194	0.34587713	0.33540339	
194.2	0.34775554	0.33758175	
194.4	0.34942497	0.33971708	
194.6	0.35109297	0.34181022	
194.8	0.35246372	0.34386202	
195	0.3541225	0.34587329	
195.2	0.35560213	0.34784482	
195.4	0.35733645	0.34977741	
195.6	0.35887479	0.35167183	
195.8	0.36055482	0.35352882	
196	0.36234045	0.35534913	
196.2	0.36390018	0.35713348	
196.4	0.36552116	0.35888258	
196.6	0.36684184	0.36059713	
196.8	0.36758722	0.3622778	
197	0.36848091	0.36392528	
197.2	0.3695458	0.36554022	
197.4	0.37069001	0.36712325	
197.6	0.37173161	0.36867501	
197.8	0.37328585	0.37019612	
198	0.37410195	0.37168718	
198.2	0.3751828	0.37314878	
198.4	0.3762525	0.37458152	
198.6	0.37679534	0.37598595	
198.8	0.37754049	0.37736263	
199	0.37867022	0.37871212	
199.2	0.37973276	0.38003496	
199.4	0.38041263	0.38133166	
199.6	0.38118043	0.38260275	
199.8	0.38289294	0.38384872	
200	0.38446033	0.38507009	
200.2	0.3854703	0.38626733	
200.4	0.3862193	0.38744091	
200.6	0.38699913	0.38859132	
200.8	0.38800859	0.38971899	
201	0.38939593	0.3908244	
201.2	0.39087642	0.39190796	
201.4	0.3920147	0.39297012	
201.6	0.39296913	0.3940113	
201.8	0.39425451	0.39503191	
202	0.39444148	0.39603236	
202.2	0.39507075	0.39701305	
202.4	0.39543943	0.39797437	
202.6	0.39533909	0.39891669	
202.8	0.39597123	0.3998404	
203	0.39656658	0.40074586	
203.2	0.39691566	0.40163344	
203.4	0.39722467	0.40250348	
203.6	0.39800031	0.40335634	
203.8	0.39895902	0.40419234	
204	0.39947857	0.40501184	
204.2	0.39942979	0.40581514	
204.4	0.39974494	0.40660258	
204.6	0.40043094	0.40737446	
204.8	0.40148037	0.4081311	
205	0.40218243	0.40887278	
205.2	0.40306444	0.40959982	
205.4	0.40374196	0.41031249	
205.6	0.40462653	0.41101109	
205.8	0.40522098	0.41169588	
206	0.40532947	0.41236715	
206.2	0.40618454	0.41302516	
206.4	0.40654124	0.41367017	
206.6	0.40747594	0.41430244	
206.8	0.40853136	0.41492221	
207	0.40912717	0.41552975	
207.2	0.40978906	0.41612528	
207.4	0.41064487	0.41670905	
207.6	0.41115064	0.41728129	
207.8	0.41146283	0.41784222	
208	0.41197494	0.41839207	
208.2	0.41190162	0.41893106	
208.4	0.41219103	0.41945941	
208.6	0.41251772	0.41997731	
208.8	0.4128369	0.42048499	
209	0.41330952	0.42098263	
209.2	0.41410965	0.42147045	
209.4	0.41443298	0.42194863	
209.6	0.41482239	0.42241736	
209.8	0.41519631	0.42287684	
210	0.41551236	0.42332723	
210.2	0.41626809	0.42376874	
210.4	0.41664481	0.42420151	
210.6	0.41745825	0.42462574	
210.8	0.41783729	0.42504159	
211	0.41844082	0.42544923	
211.2	0.41882714	0.42584881	
211.4	0.41875527	0.4262405	
211.6	0.41867899	0.42662445	
211.8	0.41888115	0.42700082	
212	0.4190507	0.42736975	
212.2	0.4189116	0.42773139	
212.4	0.41923355	0.4280859	
212.6	0.41937487	0.42843339	
212.8	0.41963912	0.42877403	
213	0.42009528	0.42910793	
213.2	0.42058122	0.42943524	
213.4	0.42067755	0.42975608	
213.6	0.42111087	0.43007058	
213.8	0.42173076	0.43037888	
214	0.42229206	0.43068108	
214.2	0.4229038	0.43097731	
214.4	0.42330495	0.43126769	
214.6	0.42393178	0.43155233	
214.8	0.4243576	0.43183135	
215	0.42497282	0.43210486	
215.2	0.42527167	0.43237297	
215.4	0.42552086	0.43263578	
215.6	0.42597249	0.4328934	
215.8	0.42605457	0.43314593	
216	0.42621465	0.43339347	
216.2	0.42610965	0.43363612	
216.4	0.42609296	0.43387398	
216.6	0.42616675	0.43410713	
216.8	0.42646596	0.43433569	
217	0.42665397	0.43455973	
217.2	0.4269107	0.43477934	
217.4	0.4268683	0.43499461	
217.6	0.42725526	0.43520563	
217.8	0.42764962	0.43541249	
218	0.42783698	0.43561525	
218.2	0.42779352	0.43581401	
218.4	0.4277328	0.43600885	
218.6	0.4277908	0.43619984	
218.8	0.42809545	0.43638705	
219	0.42859295	0.43657056	
219.2	0.42905908	0.43675045	
219.4	0.42957475	0.43692679	
219.6	0.42996969	0.43709964	
219.8	0.42996757	0.43726908	
220	0.43016789	0.43743517	
220.2	0.42992393	0.43759798	
220.4	0.4303829	0.43775758	
220.6	0.43092324	0.43791402	
220.8	0.43169948	0.43806737	
221	0.43205435	0.43821769	
221.2	0.43239256	0.43836505	
221.4	0.43264114	0.43850949	
221.6	0.43299178	0.43865108	
221.8	0.4332347	0.43878987	
222	0.43348241	0.43892592	
222.2	0.43342442	0.43905928	
222.4	0.43350421	0.43919001	
222.6	0.43377785	0.43931815	
222.8	0.43419938	0.43944377	
223	0.43461932	0.4395669	
223.2	0.43486782	0.4396876	
223.4	0.43522609	0.43980591	
223.6	0.43525136	0.43992189	
223.8	0.43518203	0.44003558	
224	0.43482564	0.44014702	
224.2	0.4345569	0.44025626	
224.4	0.43457008	0.44036334	
224.6	0.43461222	0.44046831	
224.8	0.43500019	0.44057121	
225	0.43481022	0.44067207	
225.2	0.43468438	0.44077093	
225.4	0.43454951	0.44086785	
225.6	0.43478612	0.44096285	
225.8	0.43489702	0.44105597	
226	0.43511152	0.44114726	
226.2	0.43516143	0.44123674	
226.4	0.43520046	0.44132445	
226.6	0.43547486	0.44141044	
226.8	0.43562792	0.44149472	
227	0.43605327	0.44157734	
227.2	0.43637182	0.44165832	
227.4	0.43698172	0.44173771	
227.6	0.4376586	0.44181553	
227.8	0.43793054	0.44189181	
228	0.4379003	0.44196658	
228.2	0.43825837	0.44203988	
228.4	0.43847121	0.44211172	
228.6	0.43917643	0.44218215	
228.8	0.43942539	0.44225119	
229	0.43948552	0.44231887	
229.2	0.43934079	0.4423852	
229.4	0.43952462	0.44245023	
229.6	0.43939951	0.44251397	
229.8	0.43940933	0.44257646	
230	0.43932139	0.4426377	
230.2	0.43934501	0.44269774	
230.4	0.4389283	0.4427566	
230.6	0.43905567	0.44281429	
230.8	0.43885995	0.44287084	
231	0.4391147	0.44292627	
231.2	0.43915952	0.44298061	
231.4	0.4394566	0.44303387	
231.6	0.43956648	0.44308609	
231.8	0.43937589	0.44313727	
232	0.43956281	0.44318744	
232.2	0.43971982	0.44323662	
232.4	0.44010467	0.44328483	
232.6	0.44054742	0.44333208	
232.8	0.44062051	0.44337841	
233	0.44075862	0.44342381	
233.2	0.44071538	0.44346832	
233.4	0.44113028	0.44351195	
233.6	0.4407802	0.44355472	
233.8	0.44098826	0.44359665	
234	0.44094283	0.44363774	
234.2	0.44088172	0.44367803	
234.4	0.44097557	0.44371751	
234.6	0.44098552	0.44375622	
234.8	0.4408721	0.44379417	
235	0.44094024	0.44383136	
235.2	0.44076994	0.44386782	
235.4	0.4406294	0.44390356	
235.6	0.44040701	0.44393859	
235.8	0.44023218	0.44397293	
236	0.44067192	0.4440066	
236.2	0.44100857	0.44403959	
236.4	0.44122202	0.44407194	
236.6	0.44131079	0.44410365	
236.8	0.44121539	0.44413473	
237	0.4412009	0.44416519	
237.2	0.44119934	0.44419506	
237.4	0.44097563	0.44422433	
237.6	0.44054895	0.44425303	
237.8	0.44078043	0.44428116	
238	0.4410757	0.44430873	
238.2	0.44129797	0.44433576	
238.4	0.44182666	0.44436226	
238.6	0.44187724	0.44438823	
238.8	0.44218519	0.44441369	
239	0.44248311	0.44443864	
239.2	0.44273276	0.44446311	
239.4	0.4430843	0.44448709	
239.6	0.44350429	0.44451059	
239.8	0.44404881	0.44453363	
240	0.44404881	0.44455622	
240.2	0.44369134	0.44331369	
240.4	0.4430985	0.44207463	
240.6	0.44252343	0.44083904	
240.8	0.44182833	0.4396069	
241	0.4411044	0.4383782	
241.2	0.44033303	0.43715293	
241.4	0.43928602	0.4359311	
241.6	0.43794813	0.43471267	
241.8	0.43666166	0.43349765	
242	0.43542652	0.43228603	
242.2	0.43443091	0.43107779	
242.4	0.43334721	0.42987293	
242.6	0.4320223	0.42867144	
242.8	0.43080972	0.42747331	
243	0.42943365	0.42627852	
243.2	0.42856234	0.42508708	
243.4	0.42705957	0.42389896	
243.6	0.425993	0.42271417	
243.8	0.42468129	0.42153269	
244	0.42330236	0.42035451	
244.2	0.42209249	0.41917962	
244.4	0.42114011	0.41800802	
244.6	0.42015951	0.41683969	
244.8	0.41908142	0.41567462	
245	0.41817401	0.41451281	
245.2	0.41719328	0.41335425	
245.4	0.41532103	0.41219893	
245.6	0.4143517	0.41104684	
245.8	0.41339283	0.40989797	
246	0.41240402	0.4087523	
246.2	0.41146517	0.40760985	
246.4	0.40981681	0.40647058	
246.6	0.40865712	0.4053345	
246.8	0.40731415	0.40420159	
247	0.40613356	0.40307185	
247.2	0.40503382	0.40194527	
247.4	0.40350678	0.40082183	
247.6	0.40218231	0.39970154	
247.8	0.40081308	0.39858438	
248	0.39929171	0.39747034	
248.2	0.39813449	0.39635941	
248.4	0.39690899	0.39525159	
248.6	0.3954673	0.39414686	
248.8	0.39406832	0.39304522	
249	0.39302795	0.39194667	
249.2	0.39176923	0.39085118	
249.4	0.39037675	0.38975875	
249.6	0.38988089	0.38866938	
249.8	0.38892424	0.38758305	
250	0.38763983	0.38649976	
250.2	0.38672552	0.3854195	
250.4	0.38558851	0.38434225	
250.6	0.38478545	0.38326802	
250.8	0.38376833	0.38219679	
251	0.38295079	0.38112855	
251.2	0.3819332	0.3800633	
251.4	0.38092762	0.37900102	
251.6	0.37945657	0.37794172	
251.8	0.37855342	0.37688537	
252	0.37732506	0.37583198	
252.2	0.37613033	0.37478154	
252.4	0.37492763	0.37373402	
252.6	0.37359912	0.37268944	
252.8	0.3721982	0.37164778	
253	0.37070191	0.37060902	
253.2	0.36968859	0.36957317	
253.4	0.36903861	0.36854022	
253.6	0.36837427	0.36751015	
253.8	0.36750578	0.36648296	
254	0.36652346	0.36545865	
254.2	0.36598847	0.36443719	
254.4	0.36509608	0.36341859	
254.6	0.36435376	0.36240284	
254.8	0.36351734	0.36138993	
255	0.36263366	0.36037985	
255.2	0.36112566	0.35937259	
255.4	0.35992861	0.35836814	
255.6	0.358713	0.35736651	
255.8	0.35783808	0.35636767	
256	0.35632181	0.35537163	
256.2	0.35497593	0.35437836	
256.4	0.35366464	0.35338788	
256.6	0.35232019	0.35240016	
256.8	0.35112974	0.35141521	
257	0.35013683	0.350433	
257.2	0.34990486	0.34945355	
257.4	0.34906414	0.34847683	
257.6	0.348129	0.34750284	
257.8	0.34668867	0.34653157	
258	0.34556339	0.34556302	
258.2	0.34479356	0.34459717	
258.4	0.34380211	0.34363402	
258.6	0.343322	0.34267357	
258.8	0.34235295	0.3417158	
259	0.34143353	0.34076071	
259.2	0.33973875	0.33980828	
259.4	0.33885187	0.33885852	
259.6	0.33791206	0.33791141	
259.8	0.33684281	0.33696695	
260	0.33573	0.33602513	
260.2	0.33500933	0.33508595	
260.4	0.3339907	0.33414938	
260.6	0.3333565	0.33321544	
260.8	0.33239276	0.3322841	
261	0.33149613	0.33135537	
261.2	0.33046276	0.33042924	
261.4	0.32919128	0.32950569	
261.6	0.32791512	0.32858472	
261.8	0.32683521	0.32766633	
262	0.3261528	0.32675051	
262.2	0.32554309	0.32583724	
262.4	0.3245821	0.32492653	
262.6	0.32408075	0.32401836	
262.8	0.32291833	0.32311273	
263	0.32195266	0.32220963	
263.2	0.32129402	0.32130906	
263.4	0.32025332	0.32041101	
263.6	0.31917824	0.31951546	
263.8	0.31840222	0.31862242	
264	0.31752956	0.31773187	
264.2	0.31627872	0.31684381	
264.4	0.31507121	0.31595823	
264.6	0.31417689	0.31507513	
264.8	0.31292879	0.3141945	
265	0.31211243	0.31331633	
265.2	0.31106195	0.31244061	
265.4	0.31040924	0.31156734	
265.6	0.30972434	0.31069651	
265.8	0.3094254	0.30982812	
266	0.30864839	0.30896215	
266.2	0.3081572	0.30809861	
266.4	0.30781882	0.30723747	
266.6	0.307224	0.30637875	
266.8	0.30643594	0.30552242	
267	0.30596294	0.30466849	
267.2	0.30530915	0.30381694	
267.4	0.30387083	0.30296778	
267.6	0.30316684	0.30212098	
267.8	0.30249272	0.30127656	
268	0.30155296	0.30043449	
268.2	0.30020526	0.29959478	
268.4	0.2994172	0.29875741	
268.6	0.29877129	0.29792239	
268.8	0.29767306	0.2970897	
269	0.29696479	0.29625933	
269.2	0.29575433	0.29543129	
269.4	0.29513324	0.29460556	
269.6	0.2942861	0.29378214	
269.8	0.29345778	0.29296102	
270	0.29234098	0.2921422	
270.2	0.29172833	0.29132567	
270.4	0.29081816	0.29051141	
270.6	0.28942079	0.28969944	
270.8	0.28870494	0.28888973	
271	0.28748894	0.28808228	
271.2	0.28655393	0.2872771	
271.4	0.28580534	0.28647416	
271.6	0.2852812	0.28567346	
271.8	0.28450399	0.28487501	
272	0.28371143	0.28407879	
272.2	0.28280752	0.28328479	
272.4	0.2825243	0.28249301	
272.6	0.28204356	0.28170344	
272.8	0.28112115	0.28091608	
273	0.28069328	0.28013093	
273.2	0.27989547	0.27934796	
273.4	0.27962754	0.27856719	
273.6	0.2786923	0.27778859	
273.8	0.27763275	0.27701218	
274	0.27668439	0.27623793	
274.2	0.27602492	0.27546585	
274.4	0.27492439	0.27469592	
274.6	0.27389112	0.27392815	
274.8	0.27287627	0.27316252	
275	0.27178737	0.27239903	
275.2	0.27093393	0.27163768	
275.4	0.27032498	0.27087846	
275.6	0.26921498	0.27012135	
275.8	0.2682889	0.26936637	
276	0.26765274	0.26861349	
276.2	0.26698355	0.26786272	
276.4	0.26647807	0.26711404	
276.6	0.26598571	0.26636746	
276.8	0.26511699	0.26562297	
277	0.26469063	0.26488055	
277.2	0.26392601	0.26414021	
277.4	0.26318344	0.26340194	
277.6	0.2624965	0.26266574	
277.8	0.2621074	0.26193159	
278	0.26119378	0.26119949	
278.2	0.26053874	0.26046944	
278.4	0.25967892	0.25974143	
278.6	0.25894952	0.25901545	
278.8	0.25810085	0.25829151	
279	0.25770609	0.25756958	
279.2	0.25646792	0.25684968	
279.4	0.25582858	0.25613179	
279.6	0.25480517	0.2554159	
279.8	0.25436842	0.25470201	
280	0.25368663	0.25399012	
280.2	0.25299468	0.25328022	
280.4	0.25214226	0.25257231	
280.6	0.25168597	0.25186637	
280.8	0.25067329	0.25116241	
281	0.25030471	0.25046041	
281.2	0.24957359	0.24976037	
281.4	0.2489999	0.2490623	
281.6	0.24875795	0.24836617	
281.8	0.24825973	0.24767199	
282	0.24708975	0.24697975	
282.2	0.24662509	0.24628944	
282.4	0.24608518	0.24560106	
282.6	0.24563104	0.24491461	
282.8	0.24499092	0.24423007	
283	0.2444523	0.24354745	
283.2	0.24335401	0.24286674	
283.4	0.24287824	0.24218793	
283.6	0.24225582	0.24151102	
283.8	0.24159296	0.24083599	
284	0.24055173	0.24016286	
284.2	0.23994541	0.23949161	
284.4	0.23920056	0.23882223	
284.6	0.23863678	0.23815472	
284.8	0.2378195	0.23748908	
285	0.23718671	0.2368253	
285.2	0.23627461	0.23616338	
285.4	0.23549513	0.2355033	
285.6	0.23502564	0.23484507	
285.8	0.23436648	0.23418868	
286	0.23311507	0.23353413	
286.2	0.23255452	0.2328814	
286.4	0.23203416	0.2322305	
286.6	0.23123883	0.23158142	
286.8	0.23045058	0.23093415	
287	0.22998661	0.23028869	
287.2	0.22921063	0.22964503	
287.4	0.22861451	0.22900318	
287.6	0.22813033	0.22836311	
287.8	0.22798425	0.22772484	
288	0.22756446	0.22708835	
288.2	0.22716605	0.22645364	
288.4	0.22685055	0.22582071	
288.6	0.22651983	0.22518954	
288.8	0.22586102	0.22456014	
289	0.22479197	0.22393249	
289.2	0.22430743	0.2233066	
289.4	0.22362422	0.22268246	
289.6	0.22296099	0.22206007	
289.8	0.22202815	0.22143941	
290	0.22098973	0.22082049	
290.2	0.22041475	0.2202033	
290.4	0.21930697	0.21958783	
290.6	0.21814614	0.21897408	
290.8	0.21762933	0.21836205	
291	0.21693973	0.21775173	
291.2	0.21631943	0.21714312	
291.4	0.21587445	0.2165362	
291.6	0.21576989	0.21593099	
291.8	0.21540639	0.21532746	
292	0.21485155	0.21472562	
292.2	0.21441729	0.21412547	
292.4	0.21401963	0.21352699	
292.6	0.2135277	0.21293018	
292.8	0.21292884	0.21233504	
293	0.21233253	0.21174157	
293.2	0.21207435	0.21114975	
293.4	0.21132102	0.21055959	
293.6	0.21071732	0.20997108	
293.8	0.20988445	0.20938421	
294	0.20910352	0.20879898	
294.2	0.20855346	0.20821539	
294.4	0.20761482	0.20763343	
294.6	0.20715628	0.2070531	
294.8	0.20690976	0.20647439	
295	0.20631189	0.20589729	
295.2	0.20563049	0.20532181	
295.4	0.20510975	0.20474794	
295.6	0.20434658	0.20417567	
295.8	0.20385357	0.203605	
296	0.20363957	0.20303592	
296.2	0.20341964	0.20246844	
296.4	0.20316591	0.20190254	
296.6	0.20278429	0.20133823	
296.8	0.20237076	0.20077549	
297	0.20179104	0.20021432	
297.2	0.20117341	0.19965472	
297.4	0.20102474	0.19909669	
297.6	0.20025798	0.19854022	
297.8	0.19953413	0.1979853	
298	0.19900203	0.19743193	
298.2	0.19841115	0.19688011	
298.4	0.19761809	0.19632983	
298.6	0.19694829	0.19578109	
298.8	0.1960607	0.19523388	
299	0.19517497	0.19468821	
299.2	0.19417876	0.19414406	
299.4	0.19350391	0.19360142	
299.6	0.19269819	0.19306031	
299.8	0.19229114	0.19252071	
