Conc1	2.5E-08	
Start1	180	
Stop1	299.8	
Kobs	0.119014237372356	
Error Kobs	0.0015832293296416	
Koff	0	
Error Koff	0	
Time1	Data1	Fit1	
180	0.0008835	0	
180.2	0.00158721	0.00022735	
180.4	0.00218849	0.00044889	
180.6	0.00296583	0.00066477	
180.8	0.00374862	0.00087513	
181	0.00435291	0.00108012	
181.2	0.0048085	0.00127988	
181.4	0.00474247	0.00147452	
181.6	0.0048765	0.0016642	
181.8	0.00525491	0.00184903	
182	0.00548338	0.00202914	
182.2	0.00491804	0.00220465	
182.4	0.00436476	0.00237567	
182.6	0.00449351	0.00254232	
182.8	0.00466403	0.00270472	
183	0.00469595	0.00286296	
183.2	0.00510517	0.00301717	
183.4	0.00500121	0.00316743	
183.6	0.00548453	0.00331385	
183.8	0.00561254	0.00345654	
184	0.00522359	0.00359558	
184.2	0.00585145	0.00373106	
184.4	0.00607723	0.00386309	
184.6	0.00637609	0.00399174	
184.8	0.00686851	0.0041171	
185	0.00682447	0.00423926	
185.2	0.00647008	0.0043583	
185.4	0.006408	0.0044743	
185.6	0.00653328	0.00458734	
185.8	0.0064743	0.00469749	
186	0.00614304	0.00480482	
186.2	0.00554891	0.00490941	
186.4	0.00554005	0.00501133	
186.6	0.00566884	0.00511065	
186.8	0.00517499	0.00520742	
187	0.00494915	0.00530173	
187.2	0.00487617	0.00539362	
187.4	0.00447945	0.00548317	
187.6	0.00467514	0.00557043	
187.8	0.00456524	0.00565546	
188	0.00440479	0.00573832	
188.2	0.00534208	0.00581906	
188.4	0.00529174	0.00589774	
188.6	0.00566773	0.00597441	
188.8	0.00617139	0.00604912	
189	0.00627268	0.00612192	
189.2	0.00641432	0.00619286	
189.4	0.00692121	0.00626199	
189.6	0.00645332	0.00632935	
189.8	0.00647631	0.00639499	
190	0.00683561	0.00645896	
190.2	0.00701356	0.00652129	
190.4	0.0075457	0.00658203	
190.6	0.00769505	0.00664121	
190.8	0.00784807	0.00669889	
191	0.0078577	0.00675509	
191.2	0.00775396	0.00680985	
191.4	0.00760666	0.00686322	
191.6	0.00773634	0.00691522	
191.8	0.00725462	0.00696589	
192	0.00696821	0.00701527	
192.2	0.00745426	0.00706339	
192.4	0.00711305	0.00711027	
192.6	0.00736621	0.00715596	
192.8	0.00765181	0.00720049	
193	0.00770133	0.00724387	
193.2	0.00805764	0.00728615	
193.4	0.00811712	0.00732734	
193.6	0.00801989	0.00736749	
193.8	0.00795323	0.00740661	
194	0.00793336	0.00744472	
194.2	0.00824793	0.00748187	
194.4	0.00877721	0.00751807	
194.6	0.00861655	0.00755334	
194.8	0.00937609	0.00758771	
195	0.00922059	0.0076212	
195.2	0.00944601	0.00765384	
195.4	0.00941329	0.00768564	
195.6	0.00946097	0.00771663	
195.8	0.00887688	0.00774683	
196	0.00879931	0.00777625	
196.2	0.00933034	0.00780493	
196.4	0.00907426	0.00783287	
196.6	0.0091501	0.0078601	
196.8	0.00942151	0.00788663	
197	0.0089655	0.00791249	
197.2	0.00906285	0.00793768	
197.4	0.00875186	0.00796223	
197.6	0.00876643	0.00798615	
197.8	0.0082662	0.00800947	
198	0.00847659	0.00803218	
198.2	0.00933996	0.00805432	
198.4	0.00991509	0.00807589	
198.6	0.00996368	0.00809691	
198.8	0.01053698	0.00811739	
199	0.01064412	0.00813735	
199.2	0.01025022	0.0081568	
199.4	0.00979873	0.00817575	
199.6	0.00963295	0.00819422	
199.8	0.00917794	0.00821222	
200	0.00910271	0.00822975	
200.2	0.00915337	0.00824684	
200.4	0.00833358	0.00826349	
200.6	0.00868393	0.00827972	
200.8	0.00846492	0.00829553	
201	0.0082172	0.00831094	
201.2	0.0084738	0.00832595	
201.4	0.00843999	0.00834058	
201.6	0.00883606	0.00835484	
201.8	0.00852864	0.00836873	
202	0.00933637	0.00838227	
202.2	0.00981691	0.00839546	
202.4	0.01014826	0.00840832	
202.6	0.0103917	0.00842084	
202.8	0.01051687	0.00843305	
203	0.01032432	0.00844494	
203.2	0.00989892	0.00845654	
203.4	0.01012071	0.00846783	
203.6	0.01019232	0.00847884	
203.8	0.0096815	0.00848956	
204	0.00943768	0.00850001	
204.2	0.00912294	0.00851019	
204.4	0.00896789	0.00852012	
204.6	0.00916468	0.00852979	
204.8	0.00840096	0.00853921	
205	0.00864933	0.00854839	
205.2	0.00808107	0.00855734	
205.4	0.0080743	0.00856606	
205.6	0.00852344	0.00857456	
205.8	0.00781946	0.00858284	
206	0.00818254	0.0085909	
206.2	0.00816007	0.00859876	
206.4	0.00882347	0.00860642	
206.6	0.00843636	0.00861389	
206.8	0.00766056	0.00862116	
207	0.00785908	0.00862825	
207.2	0.00826339	0.00863516	
207.4	0.00828796	0.00864189	
207.6	0.00839998	0.00864845	
207.8	0.00802832	0.00865484	
208	0.00811542	0.00866107	
208.2	0.00844849	0.00866714	
208.4	0.00839748	0.00867305	
208.6	0.00892136	0.00867881	
208.8	0.00904225	0.00868443	
209	0.00945687	0.0086899	
209.2	0.00906231	0.00869523	
209.4	0.00994671	0.00870043	
209.6	0.01007834	0.00870549	
209.8	0.00933734	0.00871043	
210	0.00950993	0.00871523	
210.2	0.0098463	0.00871992	
210.4	0.00967333	0.00872448	
210.6	0.00898511	0.00872893	
210.8	0.00915529	0.00873327	
211	0.00957528	0.00873749	
211.2	0.0097043	0.00874161	
211.4	0.00936359	0.00874562	
211.6	0.0094064	0.00874953	
211.8	0.00885955	0.00875334	
212	0.00892918	0.00875705	
212.2	0.00893322	0.00876067	
212.4	0.00822051	0.00876419	
212.6	0.00836792	0.00876762	
212.8	0.00779835	0.00877097	
213	0.00703507	0.00877423	
213.2	0.00691048	0.00877741	
213.4	0.00691776	0.00878051	
213.6	0.00647215	0.00878352	
213.8	0.00609715	0.00878646	
214	0.00663621	0.00878933	
214.2	0.00671626	0.00879212	
214.4	0.00617406	0.00879484	
214.6	0.00689424	0.00879749	
214.8	0.00742851	0.00880008	
215	0.0076633	0.00880259	
215.2	0.00781584	0.00880505	
215.4	0.00803936	0.00880744	
215.6	0.00838501	0.00880977	
215.8	0.00844496	0.00881204	
216	0.00903255	0.00881425	
216.2	0.00962579	0.0088164	
216.4	0.00973014	0.0088185	
216.6	0.00998471	0.00882055	
216.8	0.00993443	0.00882254	
217	0.00965608	0.00882449	
217.2	0.01013463	0.00882638	
217.4	0.00991284	0.00882823	
217.6	0.00978229	0.00883002	
217.8	0.00997202	0.00883178	
218	0.0100488	0.00883348	
218.2	0.00957578	0.00883515	
218.4	0.00906844	0.00883677	
218.6	0.00936461	0.00883835	
218.8	0.00950085	0.00883989	
219	0.00938058	0.00884139	
219.2	0.00961852	0.00884285	
219.4	0.00978706	0.00884428	
219.6	0.01024858	0.00884566	
219.8	0.01072762	0.00884702	
220	0.01152795	0.00884833	
220.2	0.01166894	0.00884962	
220.4	0.01098315	0.00885087	
220.6	0.01107922	0.00885209	
220.8	0.01055676	0.00885328	
221	0.0105994	0.00885444	
221.2	0.01064894	0.00885557	
221.4	0.01008618	0.00885667	
221.6	0.00972955	0.00885774	
221.8	0.0099116	0.00885878	
222	0.0094371	0.0088598	
222.2	0.00912969	0.00886079	
222.4	0.00864034	0.00886176	
222.6	0.00882999	0.0088627	
222.8	0.00916816	0.00886362	
223	0.00871938	0.00886451	
223.2	0.00839663	0.00886538	
223.4	0.00860438	0.00886623	
223.6	0.00879221	0.00886706	
223.8	0.00900809	0.00886786	
224	0.00897831	0.00886865	
224.2	0.00824251	0.00886941	
224.4	0.0074669	0.00887016	
224.6	0.00742265	0.00887089	
224.8	0.00675839	0.0088716	
225	0.00717854	0.00887229	
225.2	0.00696202	0.00887296	
225.4	0.00690275	0.00887361	
225.6	0.00739005	0.00887425	
225.8	0.00762675	0.00887487	
226	0.00785072	0.00887548	
226.2	0.00845038	0.00887607	
226.4	0.00926678	0.00887665	
226.6	0.0100734	0.00887721	
226.8	0.01040797	0.00887775	
227	0.01038081	0.00887829	
227.2	0.01064763	0.00887881	
227.4	0.01117162	0.00887931	
227.6	0.011427	0.00887981	
227.8	0.01190938	0.00888029	
228	0.01113603	0.00888075	
228.2	0.01085543	0.00888121	
228.4	0.01048859	0.00888166	
228.6	0.01004895	0.00888209	
228.8	0.00988122	0.00888251	
229	0.01010189	0.00888292	
229.2	0.00984628	0.00888332	
229.4	0.00974808	0.00888371	
229.6	0.00983891	0.00888409	
229.8	0.00954876	0.00888446	
230	0.00935817	0.00888483	
230.2	0.00910783	0.00888518	
230.4	0.00936369	0.00888552	
230.6	0.00943249	0.00888586	
230.8	0.00891034	0.00888618	
231	0.0087857	0.0088865	
231.2	0.00836698	0.00888681	
231.4	0.00750065	0.00888711	
231.6	0.00742368	0.0088874	
231.8	0.00713352	0.00888769	
232	0.00671741	0.00888797	
232.2	0.00729474	0.00888824	
232.4	0.00681088	0.00888851	
232.6	0.00634076	0.00888876	
232.8	0.00667082	0.00888902	
233	0.0067825	0.00888926	
233.2	0.00691061	0.0088895	
233.4	0.00678297	0.00888973	
233.6	0.00671481	0.00888996	
233.8	0.00681209	0.00889018	
234	0.00653763	0.00889039	
234.2	0.00680572	0.0088906	
234.4	0.00754738	0.00889081	
234.6	0.00699623	0.00889101	
234.8	0.00634744	0.0088912	
235	0.00710836	0.00889139	
235.2	0.00652928	0.00889158	
235.4	0.00682214	0.00889176	
235.6	0.00770371	0.00889193	
235.8	0.00822203	0.0088921	
236	0.00825628	0.00889227	
236.2	0.00849724	0.00889243	
236.4	0.00818636	0.00889259	
236.6	0.00890409	0.00889274	
236.8	0.00954834	0.00889289	
237	0.00989077	0.00889304	
237.2	0.00992941	0.00889318	
237.4	0.00941449	0.00889332	
237.6	0.0092269	0.00889345	
237.8	0.00959097	0.00889359	
238	0.00929028	0.00889371	
238.2	0.00929426	0.00889384	
238.4	0.00888414	0.00889396	
238.6	0.00796562	0.00889408	
238.8	0.00805225	0.0088942	
239	0.00851408	0.00889431	
239.2	0.00800542	0.00889442	
239.4	0.00819391	0.00889453	
239.6	0.00785074	0.00889463	
239.8	0.00735636	0.00889473	
240	0.00735636	0.00889483	
240.2	0.00748097	0.00868561	
240.4	0.00816881	0.00848131	
240.6	0.00853537	0.00828181	
240.8	0.00869218	0.00808701	
241	0.00882091	0.00789679	
241.2	0.00868244	0.00771104	
241.4	0.00869941	0.00752966	
241.6	0.00837682	0.00735255	
241.8	0.00792731	0.00717961	
242	0.00770975	0.00701073	
242.2	0.0071979	0.00684582	
242.4	0.00741617	0.0066848	
242.6	0.00650502	0.00652756	
242.8	0.00609595	0.00637402	
243	0.00541746	0.00622409	
243.2	0.00441099	0.00607769	
243.4	0.00412194	0.00593473	
243.6	0.00331661	0.00579514	
243.8	0.00332644	0.00565882	
244	0.00286363	0.00552572	
244.2	0.00265331	0.00539574	
244.4	0.00264952	0.00526883	
244.6	0.0023367	0.00514489	
244.8	0.00234795	0.00502388	
245	0.00230543	0.00490571	
245.2	0.00212854	0.00479032	
245.4	0.00191463	0.00467764	
245.6	0.00217508	0.00456761	
245.8	0.00228236	0.00446017	
246	0.00256508	0.00435526	
246.2	0.00236802	0.00425282	
246.4	0.00273214	0.00415278	
246.6	0.00242008	0.0040551	
246.8	0.00245806	0.00395972	
247	0.00190226	0.00386658	
247.2	0.0016963	0.00377563	
247.4	0.0021689	0.00368682	
247.6	0.00215059	0.0036001	
247.8	0.00271127	0.00351542	
248	0.00209906	0.00343273	
248.2	0.00220333	0.00335199	
248.4	0.00183844	0.00327314	
248.6	0.0018937	0.00319615	
248.8	0.00209737	0.00312097	
249	0.00188614	0.00304756	
249.2	0.00171042	0.00297588	
249.4	0.00138203	0.00290588	
249.6	0.00171576	0.00283753	
249.8	0.00112498	0.00277079	
250	0.00068953	0.00270561	
250.2	0.00004471	0.00264197	
250.4	0.00018789	0.00257983	
250.6	-0.00011283	0.00251914	
250.8	-0.00040079	0.00245989	
251	-0.00034895	0.00240203	
251.2	-0.00019133	0.00234553	
251.4	0.00024147	0.00229036	
251.6	0.0006501	0.00223648	
251.8	0.00066178	0.00218388	
252	0.00006136	0.00213251	
252.2	-0.0002172	0.00208235	
252.4	-0.00027133	0.00203337	
252.6	-0.00020056	0.00198554	
252.8	-0.00056471	0.00193884	
253	-0.00073259	0.00189323	
253.2	-0.00095644	0.0018487	
253.4	-0.00154565	0.00180521	
253.6	-0.00167726	0.00176275	
253.8	-0.00227202	0.00172129	
254	-0.00241491	0.0016808	
254.2	-0.00267046	0.00164127	
254.4	-0.00269762	0.00160266	
254.6	-0.00256088	0.00156496	
254.8	-0.00201817	0.00152815	
255	-0.00161591	0.00149221	
255.2	-0.00126159	0.00145711	
255.4	-0.0013062	0.00142283	
255.6	-0.00130974	0.00138937	
255.8	-0.00139367	0.00135669	
256	-0.00147327	0.00132477	
256.2	-0.00132343	0.00129361	
256.4	-0.00154876	0.00126319	
256.6	-0.00132162	0.00123347	
256.8	-0.00101229	0.00120446	
257	-0.0010065	0.00117613	
257.2	-0.00069024	0.00114846	
257.4	-0.00075074	0.00112145	
257.6	-0.00085191	0.00109507	
257.8	-0.00068684	0.00106931	
258	-0.00091898	0.00104416	
258.2	-0.00114355	0.0010196	
258.4	-0.00119289	0.00099562	
258.6	-0.00060843	0.0009722	
258.8	-0.00013875	0.00094933	
259	-0.00033164	0.000927	
259.2	-0.00061201	0.0009052	
259.4	-0.00067214	0.0008839	
259.6	-0.00096361	0.00086311	
259.8	-0.00093825	0.00084281	
260	-0.00101883	0.00082299	
260.2	-0.00093193	0.00080363	
260.4	-0.00137309	0.00078473	
260.6	-0.00094272	0.00076627	
260.8	-0.00108619	0.00074824	
261	-0.00180485	0.00073064	
261.2	-0.0011404	0.00071346	
261.4	-0.00132545	0.00069668	
261.6	-0.00184344	0.00068029	
261.8	-0.00196599	0.00066429	
262	-0.00256964	0.00064866	
262.2	-0.00219406	0.0006334	
262.4	-0.00208444	0.00061851	
262.6	-0.00203606	0.00060396	
262.8	-0.00224849	0.00058975	
263	-0.00241989	0.00057588	
263.2	-0.00235564	0.00056233	
263.4	-0.00247635	0.00054911	
263.6	-0.00268758	0.00053619	
263.8	-0.00225684	0.00052358	
264	-0.00219242	0.00051126	
264.2	-0.00247317	0.00049924	
264.4	-0.00327658	0.00048749	
264.6	-0.00346313	0.00047603	
264.8	-0.00369005	0.00046483	
265	-0.00355761	0.0004539	
265.2	-0.00299777	0.00044322	
265.4	-0.0033565	0.00043279	
265.6	-0.00382582	0.00042261	
265.8	-0.00469206	0.00041267	
266	-0.00494995	0.00040297	
266.2	-0.00456569	0.00039349	
266.4	-0.00434243	0.00038423	
266.6	-0.00468797	0.0003752	
266.8	-0.00451671	0.00036637	
267	-0.00446851	0.00035775	
267.2	-0.00460865	0.00034934	
267.4	-0.00501286	0.00034112	
267.6	-0.00428379	0.0003331	
267.8	-0.00360198	0.00032526	
268	-0.00338658	0.00031761	
268.2	-0.00340972	0.00031014	
268.4	-0.0031832	0.00030285	
268.6	-0.00266106	0.00029572	
268.8	-0.00222098	0.00028877	
269	-0.00119517	0.00028197	
269.2	-0.00123767	0.00027534	
269.4	-0.00146664	0.00026886	
269.6	-0.00172718	0.00026254	
269.8	-0.00205058	0.00025636	
270	-0.00167963	0.00025033	
270.2	-0.00164708	0.00024445	
270.4	-0.00199816	0.0002387	
270.6	-0.00272105	0.00023308	
270.8	-0.00241518	0.0002276	
271	-0.00279199	0.00022225	
271.2	-0.00303264	0.00021702	
271.4	-0.00376044	0.00021191	
271.6	-0.00373008	0.00020693	
271.8	-0.00366894	0.00020206	
272	-0.00394921	0.00019731	
272.2	-0.00373532	0.00019267	
272.4	-0.00325266	0.00018814	
272.6	-0.00329411	0.00018371	
272.8	-0.00318154	0.00017939	
273	-0.00284308	0.00017517	
273.2	-0.00338695	0.00017105	
273.4	-0.00299002	0.00016703	
273.6	-0.00298766	0.0001631	
273.8	-0.00275127	0.00015926	
274	-0.00270166	0.00015551	
274.2	-0.00282441	0.00015186	
274.4	-0.00302647	0.00014828	
274.6	-0.0025605	0.0001448	
274.8	-0.00238043	0.00014139	
275	-0.00309571	0.00013807	
275.2	-0.0036472	0.00013482	
275.4	-0.00374655	0.00013165	
275.6	-0.00374017	0.00012855	
275.8	-0.00388134	0.00012553	
276	-0.00369759	0.00012257	
276.2	-0.00349235	0.00011969	
276.4	-0.00322753	0.00011688	
276.6	-0.00327262	0.00011413	
276.8	-0.00293674	0.00011144	
277	-0.00233014	0.00010882	
277.2	-0.00201618	0.00010626	
277.4	-0.00227013	0.00010376	
277.6	-0.00244879	0.00010132	
277.8	-0.00263157	0.00009894	
278	-0.0024395	0.00009661	
278.2	-0.00248105	0.00009434	
278.4	-0.00314293	0.00009212	
278.6	-0.00307538	0.00008995	
278.8	-0.00359061	0.00008784	
279	-0.00385001	0.00008577	
279.2	-0.00370796	0.00008375	
279.4	-0.00356212	0.00008178	
279.6	-0.00384813	0.00007986	
279.8	-0.00454878	0.00007798	
280	-0.00399257	0.00007615	
280.2	-0.00420878	0.00007436	
280.4	-0.003697	0.00007261	
280.6	-0.00310303	0.0000709	
280.8	-0.00253559	0.00006923	
281	-0.00229493	0.0000676	
281.2	-0.00237216	0.00006601	
281.4	-0.00335834	0.00006446	
281.6	-0.00300504	0.00006294	
281.8	-0.00317628	0.00006146	
282	-0.0030685	0.00006002	
282.2	-0.00301727	0.00005861	
282.4	-0.00327055	0.00005723	
282.6	-0.00315021	0.00005588	
282.8	-0.00304144	0.00005457	
283	-0.00309254	0.00005328	
283.2	-0.00294232	0.00005203	
283.4	-0.00297035	0.00005081	
283.6	-0.00322049	0.00004961	
283.8	-0.0033663	0.00004844	
284	-0.00292919	0.0000473	
284.2	-0.00310981	0.00004619	
284.4	-0.00277887	0.00004511	
284.6	-0.00282711	0.00004404	
284.8	-0.0029908	0.00004301	
285	-0.00290569	0.000042	
285.2	-0.00299082	0.00004101	
285.4	-0.00354953	0.00004004	
285.6	-0.0034642	0.0000391	
285.8	-0.00382276	0.00003818	
286	-0.00398793	0.00003728	
286.2	-0.00356307	0.00003641	
286.4	-0.003335	0.00003555	
286.6	-0.00342762	0.00003471	
286.8	-0.00338368	0.0000339	
287	-0.00328722	0.0000331	
287.2	-0.00318307	0.00003232	
287.4	-0.00297233	0.00003156	
287.6	-0.00313346	0.00003082	
287.8	-0.00253536	0.00003009	
288	-0.00260686	0.00002939	
288.2	-0.00233074	0.0000287	
288.4	-0.00227267	0.00002802	
288.6	-0.00214145	0.00002736	
288.8	-0.00234984	0.00002672	
289	-0.00235558	0.00002609	
289.2	-0.0030138	0.00002548	
289.4	-0.00312237	0.00002488	
289.6	-0.00298408	0.00002429	
289.8	-0.00275543	0.00002372	
290	-0.00246588	0.00002316	
290.2	-0.00259661	0.00002262	
290.4	-0.00269683	0.00002209	
290.6	-0.00287346	0.00002157	
290.8	-0.00276136	0.00002106	
291	-0.00284366	0.00002056	
291.2	-0.00280834	0.00002008	
291.4	-0.00280012	0.00001961	
291.6	-0.00326012	0.00001915	
291.8	-0.00350845	0.0000187	
292	-0.0035033	0.00001826	
292.2	-0.00356253	0.00001783	
292.4	-0.00380772	0.00001741	
292.6	-0.0041939	0.000017	
292.8	-0.00459287	0.0000166	
293	-0.0053284	0.00001621	
293.2	-0.00568864	0.00001583	
293.4	-0.005614	0.00001545	
293.6	-0.00556789	0.00001509	
293.8	-0.00552503	0.00001474	
294	-0.00558844	0.00001439	
294.2	-0.00548903	0.00001405	
294.4	-0.00528389	0.00001372	
294.6	-0.00495447	0.0000134	
294.8	-0.00429567	0.00001308	
295	-0.00423774	0.00001277	
295.2	-0.00363649	0.00001247	
295.4	-0.0032104	0.00001218	
295.6	-0.00323382	0.00001189	
295.8	-0.00306697	0.00001161	
296	-0.0023994	0.00001134	
296.2	-0.00250206	0.00001107	
296.4	-0.00237448	0.00001081	
296.6	-0.00250047	0.00001056	
296.8	-0.00240848	0.00001031	
297	-0.00283368	0.00001007	
297.2	-0.0026756	0.00000983	
297.4	-0.00308165	0.0000096	
297.6	-0.00312452	0.00000937	
297.8	-0.00294089	0.00000915	
298	-0.00278422	0.00000894	
298.2	-0.00268815	0.00000873	
298.4	-0.00306068	0.00000852	
298.6	-0.00293811	0.00000832	
298.8	-0.00269109	0.00000813	
299	-0.0028287	0.00000794	
299.2	-0.00262283	0.00000775	
299.4	-0.00272217	0.00000757	
299.6	-0.00330542	0.00000739	
299.8	-0.00352848	0.00000722	
