Conc1	1.25E-07	
Start1	420	
Stop1	779.8	
Kobs	0.0023044491822067	
Error Kobs	1.95701090638712E-05	
Koff	0	
Error Koff	0	
Time1	Data1	Fit1	
420	-0.00646758	0	
420.2	-0.00492534	0.0023766	
420.4	-0.00272178	0.00474264	
420.6	-0.00007514	0.00709814	
420.8	0.00267856	0.00944318	
421	0.00558917	0.01177778	
421.2	0.0087746	0.01410199	
421.4	0.01197507	0.01641587	
421.6	0.01506424	0.01871946	
421.8	0.01822772	0.0210128	
422	0.02115683	0.02329595	
422.2	0.02402958	0.02556893	
422.4	0.0271644	0.02783181	
422.6	0.03033346	0.03008462	
422.8	0.03342635	0.03232741	
423	0.03614202	0.03456023	
423.2	0.03881335	0.03678312	
423.4	0.04148016	0.03899612	
423.6	0.04419587	0.04119927	
423.8	0.04669136	0.04339263	
424	0.04940781	0.04557623	
424.2	0.05240313	0.04775012	
424.4	0.05561414	0.04991434	
424.6	0.05860055	0.05206893	
424.8	0.06101564	0.05421394	
425	0.06392538	0.05634941	
425.2	0.06691027	0.05847538	
425.4	0.06948592	0.0605919	
425.6	0.07181255	0.062699	
425.8	0.07475005	0.06479673	
426	0.07711469	0.06688513	
426.2	0.07980925	0.06896424	
426.4	0.08272901	0.0710341	
426.6	0.08556072	0.07309476	
426.8	0.08813234	0.07514625	
427	0.0906359	0.07718861	
427.2	0.09319762	0.0792219	
427.4	0.09540747	0.08124614	
427.6	0.09807308	0.08326137	
427.8	0.10062861	0.08526764	
428	0.10327079	0.08726499	
428.2	0.10575797	0.08925346	
428.4	0.10834294	0.09123308	
428.6	0.11069454	0.09320389	
428.8	0.11291688	0.09516594	
429	0.11535495	0.09711926	
429.2	0.11769802	0.0990639	
429.4	0.11973255	0.10099988	
429.6	0.12214578	0.10292726	
429.8	0.12458525	0.10484606	
430	0.12656576	0.10675633	
430.2	0.12894668	0.1086581	
430.4	0.13159304	0.11055141	
430.6	0.13401423	0.1124363	
430.8	0.13615597	0.11431281	
431	0.1384082	0.11618097	
431.2	0.14089927	0.11804082	
431.4	0.14329505	0.1198924	
431.6	0.14578176	0.12173575	
431.8	0.14806139	0.12357089	
432	0.15008436	0.12539788	
432.2	0.15233266	0.12721673	
432.4	0.1549554	0.1290275	
432.6	0.15677355	0.13083021	
432.8	0.15869745	0.13262491	
433	0.16028256	0.13441162	
433.2	0.16265924	0.13619039	
433.4	0.16470218	0.13796124	
433.6	0.16663427	0.13972422	
433.8	0.16823194	0.14147935	
434	0.16999295	0.14322668	
434.2	0.1717827	0.14496624	
434.4	0.17366958	0.14669806	
434.6	0.17518178	0.14842218	
434.8	0.17682216	0.15013863	
435	0.17863892	0.15184744	
435.2	0.18052815	0.15354866	
435.4	0.18214158	0.1552423	
435.6	0.18408101	0.15692842	
435.8	0.18592608	0.15860703	
436	0.18809866	0.16027818	
436.2	0.19033708	0.1619419	
436.4	0.19242974	0.16359821	
436.6	0.1940529	0.16524716	
436.8	0.19596999	0.16688878	
437	0.19803477	0.16852309	
437.2	0.20012921	0.17015014	
437.4	0.2018309	0.17176994	
437.6	0.20362719	0.17338255	
437.8	0.20554185	0.17498798	
438	0.20723802	0.17658627	
438.2	0.20887879	0.17817745	
438.4	0.21041065	0.17976155	
438.6	0.21201738	0.18133861	
438.8	0.21408021	0.18290865	
439	0.21569051	0.18447171	
439.2	0.21729872	0.18602782	
439.4	0.21903474	0.187577	
439.6	0.22055655	0.1891193	
439.8	0.22212528	0.19065474	
440	0.22415656	0.19218334	
440.2	0.22572548	0.19370515	
440.4	0.22697736	0.19522019	
440.6	0.22844554	0.19672849	
440.8	0.230198	0.19823008	
441	0.23194321	0.19972499	
441.2	0.23310953	0.20121326	
441.4	0.23437656	0.2026949	
441.6	0.23611699	0.20416996	
441.8	0.23756176	0.20563845	
442	0.23936163	0.20710041	
442.2	0.24088266	0.20855587	
442.4	0.24265421	0.21000486	
442.6	0.2443929	0.2114474	
442.8	0.24605578	0.21288352	
443	0.24716425	0.21431326	
443.2	0.24843398	0.21573664	
443.4	0.24965729	0.21715369	
443.6	0.25093153	0.21856443	
443.8	0.25265267	0.2199689	
444	0.25440469	0.22136712	
444.2	0.25576409	0.22275913	
444.4	0.25723204	0.22414494	
444.6	0.25899409	0.22552459	
444.8	0.26087375	0.2268981	
445	0.26241491	0.2282655	
445.2	0.26356062	0.22962683	
445.4	0.26485177	0.23098209	
445.6	0.26648399	0.23233133	
445.8	0.26788144	0.23367457	
446	0.26921488	0.23501183	
446.2	0.27020129	0.23634314	
446.4	0.27155971	0.23766854	
446.6	0.27290932	0.23898804	
446.8	0.27430822	0.24030167	
447	0.2748131	0.24160945	
447.2	0.27586236	0.24291142	
447.4	0.27706745	0.2442076	
447.6	0.2782563	0.24549802	
447.8	0.27929667	0.24678269	
448	0.28052987	0.24806165	
448.2	0.28175886	0.24933492	
448.4	0.2830239	0.25060253	
448.6	0.28452552	0.2518645	
448.8	0.28583514	0.25312086	
449	0.28727295	0.25437163	
449.2	0.28841701	0.25561683	
449.4	0.2897037	0.2568565	
449.6	0.29102222	0.25809065	
449.8	0.29196827	0.25931932	
450	0.29327993	0.26054252	
450.2	0.29473712	0.26176028	
450.4	0.29620647	0.26297262	
450.6	0.29798946	0.26417957	
450.8	0.29900953	0.26538115	
451	0.29995157	0.26657739	
451.2	0.30129363	0.26776831	
451.4	0.30227984	0.26895393	
451.6	0.30321039	0.27013428	
451.8	0.3042822	0.27130937	
452	0.30534628	0.27247924	
452.2	0.30637965	0.27364391	
452.4	0.30721494	0.2748034	
452.6	0.30839497	0.27595773	
452.8	0.30957628	0.27710692	
453	0.31092402	0.278251	
453.2	0.3117835	0.27939	
453.4	0.31268935	0.28052393	
453.6	0.31350563	0.28165281	
453.8	0.31447032	0.28277668	
454	0.31550956	0.28389554	
454.2	0.3164915	0.28500943	
454.4	0.31742782	0.28611837	
454.6	0.31842576	0.28722237	
454.8	0.31921122	0.28832146	
455	0.32008765	0.28941567	
455.2	0.320862	0.290505	
455.4	0.32210637	0.2915895	
455.6	0.32316937	0.29266916	
455.8	0.32437231	0.29374403	
456	0.32541714	0.29481411	
456.2	0.32633842	0.29587944	
456.4	0.32725106	0.29694003	
456.6	0.32843423	0.2979959	
456.8	0.32934217	0.29904707	
457	0.33024906	0.30009357	
457.2	0.33080302	0.30113541	
457.4	0.33176085	0.30217262	
457.6	0.33286223	0.30320522	
457.8	0.33388362	0.30423322	
458	0.33442163	0.30525665	
458.2	0.33546101	0.30627553	
458.4	0.33619946	0.30728988	
458.6	0.3373119	0.30829972	
458.8	0.33806324	0.30930506	
459	0.33893761	0.31030593	
459.2	0.34021398	0.31130235	
459.4	0.34138489	0.31229434	
459.6	0.34244747	0.31328192	
459.8	0.34371232	0.3142651	
460	0.34449718	0.31524391	
460.2	0.34525124	0.31621837	
460.4	0.34626954	0.3171885	
460.6	0.34689442	0.3181543	
460.8	0.34771372	0.31911582	
461	0.34852194	0.32007305	
461.2	0.3492602	0.32102603	
461.4	0.35060427	0.32197477	
461.6	0.35151355	0.32291929	
461.8	0.35218382	0.32385961	
462	0.35291457	0.32479575	
462.2	0.35392302	0.32572772	
462.4	0.35480629	0.32665555	
462.6	0.35532526	0.32757925	
462.8	0.35572158	0.32849884	
463	0.35691463	0.32941434	
463.2	0.35765472	0.33032577	
463.4	0.35849027	0.33123315	
463.6	0.35952443	0.33213649	
463.8	0.36033609	0.33303581	
464	0.36081692	0.33393114	
464.2	0.36161507	0.33482248	
464.4	0.3624838	0.33570985	
464.6	0.36316917	0.33659328	
464.8	0.36386387	0.33747278	
465	0.36503506	0.33834837	
465.2	0.36620522	0.33922006	
465.4	0.36740408	0.34008788	
465.6	0.3680437	0.34095184	
465.8	0.3688436	0.34181195	
466	0.369801	0.34266824	
466.2	0.37082173	0.34352072	
466.4	0.37137367	0.34436941	
466.6	0.37160845	0.34521432	
466.8	0.3723179	0.34605547	
467	0.37296739	0.34689289	
467.2	0.37300558	0.34772658	
467.4	0.37364375	0.34855656	
467.6	0.3740776	0.34938285	
467.8	0.37484053	0.35020546	
468	0.37548911	0.35102442	
468.2	0.37574338	0.35183973	
468.4	0.37637525	0.35265142	
468.6	0.37684003	0.35345949	
468.8	0.37735806	0.35426397	
469	0.37821186	0.35506488	
469.2	0.37877016	0.35586222	
469.4	0.3796925	0.35665601	
469.6	0.38044912	0.35744628	
469.8	0.38135181	0.35823303	
470	0.38230856	0.35901628	
470.2	0.3828413	0.35979605	
470.4	0.38299219	0.36057234	
470.6	0.38367649	0.36134519	
470.8	0.38445195	0.3621146	
471	0.38505418	0.36288058	
471.2	0.3856332	0.36364316	
471.4	0.38646993	0.36440235	
471.6	0.38711383	0.36515816	
471.8	0.38834657	0.36591061	
472	0.38886757	0.36665971	
472.2	0.38912824	0.36740548	
472.4	0.38970745	0.36814793	
472.6	0.38999187	0.36888708	
472.8	0.39075802	0.36962295	
473	0.39168182	0.37035554	
473.2	0.39280771	0.37108487	
473.4	0.39366912	0.37181096	
473.6	0.39413768	0.37253381	
473.8	0.39446394	0.37325346	
474	0.39485916	0.3739699	
474.2	0.39497816	0.37468316	
474.4	0.39520875	0.37539324	
474.6	0.39612543	0.37610016	
474.8	0.39676688	0.37680394	
475	0.39716563	0.37750459	
475.2	0.39776205	0.37820213	
475.4	0.39809375	0.37889656	
475.6	0.39858134	0.3795879	
475.8	0.39922809	0.38027617	
476	0.39965377	0.38096138	
476.2	0.40014655	0.38164354	
476.4	0.4007312	0.38232266	
476.6	0.40157553	0.38299876	
476.8	0.4026906	0.38367186	
477	0.40363246	0.38434197	
477.2	0.40396313	0.38500909	
477.4	0.4041549	0.38567324	
477.6	0.4047688	0.38633444	
477.8	0.4054365	0.38699271	
478	0.40612101	0.38764804	
478.2	0.40655718	0.38830046	
478.4	0.40712169	0.38894997	
478.6	0.40804476	0.3895966	
478.8	0.40889866	0.39024035	
479	0.4093994	0.39088124	
479.2	0.41016651	0.39151927	
479.4	0.41039488	0.39215447	
479.6	0.41066346	0.39278685	
479.8	0.41089911	0.39341641	
480	0.41111588	0.39404317	
480.2	0.41118977	0.39466714	
480.4	0.41149529	0.39528834	
480.6	0.41214431	0.39590678	
480.8	0.41238283	0.39652246	
481	0.41307698	0.39713541	
481.2	0.41318307	0.39774563	
481.4	0.41389972	0.39835313	
481.6	0.41481439	0.39895794	
481.8	0.41550999	0.39956005	
482	0.41619806	0.40015949	
482.2	0.41690781	0.40075626	
482.4	0.41762158	0.40135037	
482.6	0.41807643	0.40194184	
482.8	0.4186433	0.40253069	
483	0.41917309	0.40311691	
483.2	0.41963462	0.40370052	
483.4	0.41985762	0.40428154	
483.6	0.42020833	0.40485998	
483.8	0.42040958	0.40543584	
484	0.42089284	0.40600914	
484.2	0.42148698	0.40657989	
484.4	0.42215391	0.40714811	
484.6	0.42297078	0.40771379	
484.8	0.42322149	0.40827696	
485	0.4239248	0.40883762	
485.2	0.42411861	0.4093958	
485.4	0.42458194	0.40995148	
485.6	0.42539674	0.4105047	
485.8	0.42597869	0.41105546	
486	0.42621338	0.41160376	
486.2	0.4267186	0.41214963	
486.4	0.42714717	0.41269307	
486.6	0.42706735	0.41323409	
486.8	0.42755993	0.41377271	
487	0.42777452	0.41430893	
487.2	0.42831878	0.41484276	
487.4	0.42901139	0.41537422	
487.6	0.42940052	0.41590332	
487.8	0.42980499	0.41643006	
488	0.43069584	0.41695446	
488.2	0.4313065	0.41747653	
488.4	0.43132813	0.41799628	
488.6	0.43178273	0.41851371	
488.8	0.43189512	0.41902885	
489	0.43270316	0.41954169	
489.2	0.43336261	0.42005225	
489.4	0.43395132	0.42056054	
489.6	0.43441581	0.42106657	
489.8	0.43483629	0.42157035	
490	0.43527285	0.42207189	
490.2	0.43596079	0.42257119	
490.4	0.43628629	0.42306828	
490.6	0.4367007	0.42356316	
490.8	0.43732342	0.42405583	
491	0.4374975	0.42454631	
491.2	0.43815149	0.42503461	
491.4	0.43847027	0.42552074	
491.6	0.43868668	0.42600471	
491.8	0.43913492	0.42648653	
492	0.4395671	0.4269662	
492.2	0.43956318	0.42744374	
492.4	0.43945597	0.42791915	
492.6	0.4400629	0.42839245	
492.8	0.44031342	0.42886364	
493	0.44125784	0.42933274	
493.2	0.44158171	0.42979975	
493.4	0.44176778	0.43026469	
493.6	0.44189858	0.43072756	
493.8	0.44260136	0.43118836	
494	0.44304244	0.43164712	
494.2	0.44350505	0.43210384	
494.4	0.44391242	0.43255853	
494.6	0.44443166	0.43301119	
494.8	0.44469059	0.43346184	
495	0.44501832	0.43391049	
495.2	0.44529844	0.43435714	
495.4	0.4457812	0.43480181	
495.6	0.44626404	0.43524449	
495.8	0.4466416	0.43568521	
496	0.44681309	0.43612397	
496.2	0.44703935	0.43656078	
496.4	0.44744262	0.43699564	
496.6	0.447834	0.43742857	
496.8	0.44798987	0.43785957	
497	0.44850642	0.43828866	
497.2	0.44874293	0.43871584	
497.4	0.44912707	0.43914111	
497.6	0.44979106	0.4395645	
497.8	0.45011337	0.439986	
498	0.45040694	0.44040563	
498.2	0.45058955	0.44082339	
498.4	0.45077767	0.4412393	
498.6	0.45114519	0.44165335	
498.8	0.45133424	0.44206557	
499	0.45159253	0.44247594	
499.2	0.45158063	0.4428845	
499.4	0.45195129	0.44329123	
499.6	0.45236153	0.44369616	
499.8	0.45242726	0.44409929	
500	0.45245174	0.44450062	
500.2	0.4523375	0.44490017	
500.4	0.45285404	0.44529794	
500.6	0.45324504	0.44569394	
500.8	0.45361581	0.44608818	
501	0.45398266	0.44648067	
501.2	0.45455224	0.44687141	
501.4	0.45517972	0.44726042	
501.6	0.45560825	0.44764769	
501.8	0.45604329	0.44803324	
502	0.45644363	0.44841708	
502.2	0.45650523	0.44879921	
502.4	0.45688399	0.44917963	
502.6	0.45742653	0.44955837	
502.8	0.45746113	0.44993542	
503	0.45796301	0.4503108	
503.2	0.45797451	0.45068451	
503.4	0.45821235	0.45105655	
503.6	0.45870516	0.45142694	
503.8	0.45830743	0.45179568	
504	0.45856889	0.45216278	
504.2	0.45877465	0.45252825	
504.4	0.45929435	0.45289209	
504.6	0.45953408	0.45325432	
504.8	0.45953998	0.45361493	
505	0.45995959	0.45397394	
505.2	0.46083332	0.45433135	
505.4	0.4612296	0.45468718	
505.6	0.46208633	0.45504142	
505.8	0.46251642	0.45539408	
506	0.46220989	0.45574518	
506.2	0.46247107	0.45609471	
506.4	0.46305896	0.45644269	
506.6	0.46329354	0.45678912	
506.8	0.46339705	0.45713402	
507	0.46391395	0.45747737	
507.2	0.46371312	0.4578192	
507.4	0.46398106	0.45815951	
507.6	0.46384404	0.45849831	
507.8	0.46375055	0.4588356	
508	0.46420504	0.45917139	
508.2	0.46449483	0.45950568	
508.4	0.46465246	0.45983849	
508.6	0.46529728	0.46016982	
508.8	0.46556487	0.46049968	
509	0.46617907	0.46082806	
509.2	0.4670864	0.46115499	
509.4	0.4676818	0.46148046	
509.6	0.46851751	0.46180449	
509.8	0.4680643	0.46212707	
510	0.4683263	0.46244822	
510.2	0.46891367	0.46276794	
510.4	0.46909136	0.46308624	
510.6	0.46970215	0.46340312	
510.8	0.47012136	0.4637186	
511	0.47043228	0.46403267	
511.2	0.47050482	0.46434534	
511.4	0.47118289	0.46465663	
511.6	0.47144521	0.46496652	
511.8	0.4716775	0.46527504	
512	0.47190933	0.46558219	
512.2	0.47224799	0.46588797	
512.4	0.47231443	0.46619239	
512.6	0.47226784	0.46649546	
512.8	0.4722974	0.46679718	
513	0.47224492	0.46709756	
513.2	0.47237422	0.4673966	
513.4	0.4723541	0.46769431	
513.6	0.47183896	0.4679907	
513.8	0.47147242	0.46828577	
514	0.47160333	0.46857952	
514.2	0.47172603	0.46887197	
514.4	0.47202357	0.46916312	
514.6	0.47227592	0.46945298	
514.8	0.47236019	0.46974154	
515	0.47273542	0.47002882	
515.2	0.47363391	0.47031483	
515.4	0.47444374	0.47059956	
515.6	0.47457664	0.47088302	
515.8	0.47480103	0.47116523	
516	0.47548232	0.47144618	
516.2	0.47576306	0.47172588	
516.4	0.47580202	0.47200433	
516.6	0.47619232	0.47228155	
516.8	0.47627344	0.47255754	
517	0.47613213	0.47283229	
517.2	0.4764057	0.47310583	
517.4	0.47665389	0.47337814	
517.6	0.47651484	0.47364925	
517.8	0.47697463	0.47391915	
518	0.47710831	0.47418785	
518.2	0.47747539	0.47445536	
518.4	0.47773109	0.47472167	
518.6	0.47834102	0.4749868	
518.8	0.47879357	0.47525075	
519	0.47922638	0.47551353	
519.2	0.48004822	0.47577514	
519.4	0.4802458	0.47603559	
519.6	0.48029465	0.47629487	
519.8	0.48079227	0.47655301	
520	0.48104265	0.47680999	
520.2	0.48097033	0.47706583	
520.4	0.48092139	0.47732054	
520.6	0.48140674	0.47757411	
520.8	0.48124805	0.47782655	
521	0.48145799	0.47807788	
521.2	0.48173948	0.47832808	
521.4	0.48191328	0.47857717	
521.6	0.48222413	0.47882515	
521.8	0.48290496	0.47907203	
522	0.48312555	0.47931781	
522.2	0.48334587	0.4795625	
522.4	0.48351876	0.4798061	
522.6	0.48375744	0.48004862	
522.8	0.48351996	0.48029005	
523	0.48359806	0.48053042	
523.2	0.4834854	0.48076971	
523.4	0.48328374	0.48100794	
523.6	0.48365729	0.48124511	
523.8	0.48397612	0.48148123	
524	0.4840953	0.48171629	
524.2	0.48420603	0.48195031	
524.4	0.48434097	0.48218329	
524.6	0.48471775	0.48241524	
524.8	0.48493205	0.48264615	
525	0.48530919	0.48287603	
525.2	0.48583017	0.48310489	
525.4	0.48637388	0.48333274	
525.6	0.48677558	0.48355957	
525.8	0.48707474	0.48378539	
526	0.4869821	0.48401021	
526.2	0.48703759	0.48423402	
526.4	0.48659607	0.48445685	
526.6	0.48660379	0.48467868	
526.8	0.48702707	0.48489952	
527	0.48706234	0.48511938	
527.2	0.48707858	0.48533827	
527.4	0.48738328	0.48555618	
527.6	0.48817117	0.48577312	
527.8	0.48826733	0.48598909	
528	0.4888645	0.48620411	
528.2	0.48942276	0.48641817	
528.4	0.48977064	0.48663128	
528.6	0.49041103	0.48684344	
528.8	0.49063979	0.48705465	
529	0.49124133	0.48726493	
529.2	0.49143427	0.48747427	
529.4	0.49172656	0.48768268	
529.6	0.49158317	0.48789016	
529.8	0.49151599	0.48809672	
530	0.49152464	0.48830236	
530.2	0.4913093	0.48850709	
530.4	0.49101317	0.4887109	
530.6	0.49162372	0.48891381	
530.8	0.4916785	0.48911582	
531	0.49119501	0.48931693	
531.2	0.49123727	0.48951714	
531.4	0.4915042	0.48971647	
531.6	0.49188645	0.4899149	
531.8	0.49195474	0.49011246	
532	0.49261828	0.49030913	
532.2	0.49315238	0.49050493	
532.4	0.49336615	0.49069986	
532.6	0.49366172	0.49089393	
532.8	0.49392347	0.49108713	
533	0.4945773	0.49127947	
533.2	0.49454419	0.49147095	
533.4	0.49451839	0.49166158	
533.6	0.49464419	0.49185137	
533.8	0.49509465	0.49204031	
534	0.49492741	0.49222841	
534.2	0.49513734	0.49241568	
534.4	0.49541565	0.49260211	
534.6	0.49545091	0.49278771	
534.8	0.49514819	0.49297249	
535	0.49496546	0.49315644	
535.2	0.49510367	0.49333958	
535.4	0.49522651	0.4935219	
535.6	0.49534746	0.49370341	
535.8	0.49562608	0.49388411	
536	0.49625346	0.49406401	
536.2	0.49654217	0.49424311	
536.4	0.49691408	0.49442142	
536.6	0.49742461	0.49459893	
536.8	0.497724	0.49477565	
537	0.49807606	0.49495158	
537.2	0.49804123	0.49512673	
537.4	0.49834279	0.49530111	
537.6	0.49855154	0.49547471	
537.8	0.49841932	0.49564753	
538	0.49814328	0.49581959	
538.2	0.49838286	0.49599088	
538.4	0.4985617	0.49616141	
538.6	0.49824675	0.49633118	
538.8	0.49829177	0.49650019	
539	0.49820129	0.49666846	
539.2	0.49822903	0.49683597	
539.4	0.49865758	0.49700275	
539.6	0.49884253	0.49716877	
539.8	0.49906168	0.49733406	
540	0.4995084	0.49749862	
540.2	0.49980432	0.49766244	
540.4	0.50009563	0.49782554	
540.6	0.50009624	0.49798791	
540.8	0.50016736	0.49814955	
541	0.50026697	0.49831048	
541.2	0.50028985	0.49847069	
541.4	0.50051248	0.49863019	
541.6	0.50052886	0.49878898	
541.8	0.50051594	0.49894707	
542	0.50073516	0.49910445	
542.2	0.5007688	0.49926113	
542.4	0.50144536	0.49941711	
542.6	0.50154682	0.4995724	
542.8	0.50205181	0.499727	
543	0.50225737	0.49988092	
543.2	0.50285612	0.50003414	
543.4	0.50313651	0.50018669	
543.6	0.50316301	0.50033856	
543.8	0.50348424	0.50048975	
544	0.50353237	0.50064027	
544.2	0.50335663	0.50079012	
544.4	0.50301752	0.5009393	
544.6	0.50308168	0.50108782	
544.8	0.50300227	0.50123568	
545	0.50294116	0.50138288	
545.2	0.50300568	0.50152943	
545.4	0.50297339	0.50167532	
545.6	0.50314209	0.50182057	
545.8	0.50290564	0.50196517	
546	0.50308292	0.50210913	
546.2	0.50357711	0.50225244	
546.4	0.50384216	0.50239512	
546.6	0.50411023	0.50253717	
546.8	0.50438661	0.50267858	
547	0.50477427	0.50281936	
547.2	0.50535912	0.50295952	
547.4	0.50541242	0.50309906	
547.6	0.50588416	0.50323797	
547.8	0.50564479	0.50337627	
548	0.50566895	0.50351395	
548.2	0.50585672	0.50365101	
548.4	0.5054522	0.50378747	
548.6	0.50574049	0.50392332	
548.8	0.50566043	0.50405857	
549	0.50564488	0.50419322	
549.2	0.50556787	0.50432727	
549.4	0.50546403	0.50446072	
549.6	0.50553046	0.50459357	
549.8	0.5055004	0.50472584	
550	0.50571897	0.50485752	
550.2	0.50586649	0.50498861	
550.4	0.50554469	0.50511912	
550.6	0.50591226	0.50524905	
550.8	0.50616119	0.5053784	
551	0.50670823	0.50550717	
551.2	0.50686138	0.50563538	
551.4	0.50714862	0.50576301	
551.6	0.50709951	0.50589007	
551.8	0.50702958	0.50601657	
552	0.50769513	0.50614251	
552.2	0.50776249	0.50626789	
552.4	0.50785427	0.50639271	
552.6	0.50838337	0.50651697	
552.8	0.50836048	0.50664068	
553	0.50847322	0.50676384	
553.2	0.50820461	0.50688646	
553.4	0.50783399	0.50700853	
553.6	0.50771903	0.50713005	
553.8	0.50781978	0.50725104	
554	0.50780028	0.50737148	
554.2	0.50794731	0.50749139	
554.4	0.50796305	0.50761077	
554.6	0.50803513	0.50772962	
554.8	0.5084679	0.50784793	
555	0.50888753	0.50796573	
555.2	0.50866047	0.50808299	
555.4	0.5089942	0.50819974	
555.6	0.50934497	0.50831597	
555.8	0.51010422	0.50843168	
556	0.51080308	0.50854687	
556.2	0.51083207	0.50866155	
556.4	0.5112409	0.50877573	
556.6	0.5113345	0.50888939	
556.8	0.51152588	0.50900255	
557	0.51168799	0.50911521	
557.2	0.5110208	0.50922736	
557.4	0.51095349	0.50933902	
557.6	0.51127976	0.50945018	
557.8	0.51148745	0.50956084	
558	0.51148441	0.50967102	
558.2	0.51143074	0.5097807	
558.4	0.51115286	0.50988989	
558.6	0.51152189	0.5099986	
558.8	0.51188457	0.51010683	
559	0.51191173	0.51021457	
559.2	0.51172561	0.51032184	
559.4	0.51219166	0.51042863	
559.6	0.5122183	0.51053494	
559.8	0.51237956	0.51064078	
560	0.51244626	0.51074615	
560.2	0.51241278	0.51085105	
560.4	0.51310284	0.51095548	
560.6	0.51326335	0.51105945	
560.8	0.51366877	0.51116296	
561	0.51374755	0.51126601	
561.2	0.51356101	0.5113686	
561.4	0.51397381	0.51147073	
561.6	0.51398721	0.51157241	
561.8	0.51360153	0.51167363	
562	0.51381641	0.51177441	
562.2	0.51366994	0.51187474	
562.4	0.51389537	0.51197462	
562.6	0.51386533	0.51207405	
562.8	0.51411335	0.51217305	
563	0.51425347	0.5122716	
563.2	0.51431504	0.51236972	
563.4	0.51444278	0.5124674	
563.6	0.51434544	0.51256464	
563.8	0.51473723	0.51266146	
564	0.51509458	0.51275784	
564.2	0.51545375	0.51285379	
564.4	0.51591766	0.51294932	
564.6	0.51600321	0.51304442	
564.8	0.51616265	0.5131391	
565	0.51593412	0.51323335	
565.2	0.51577422	0.51332719	
565.4	0.51542827	0.51342061	
565.6	0.51526447	0.51351362	
565.8	0.51516185	0.51360621	
566	0.51514427	0.51369839	
566.2	0.51471551	0.51379016	
566.4	0.51458162	0.51388152	
566.6	0.51454486	0.51397248	
566.8	0.51503443	0.51406303	
567	0.51517529	0.51415318	
567.2	0.51504571	0.51424292	
567.4	0.51522685	0.51433227	
567.6	0.51546187	0.51442122	
567.8	0.51600438	0.51450978	
568	0.51650692	0.51459794	
568.2	0.51701461	0.51468571	
568.4	0.5172725	0.51477308	
568.6	0.51744409	0.51486007	
568.8	0.51741152	0.51494668	
569	0.51737488	0.51503289	
569.2	0.51743255	0.51511873	
569.4	0.51750692	0.51520418	
569.6	0.51784658	0.51528925	
569.8	0.51776661	0.51537395	
570	0.51776258	0.51545826	
570.2	0.51790168	0.51554221	
570.4	0.51800909	0.51562578	
570.6	0.51819493	0.51570897	
570.8	0.51824634	0.5157918	
571	0.51818281	0.51587426	
571.2	0.51789061	0.51595635	
571.4	0.51829078	0.51603808	
571.6	0.51837965	0.51611944	
571.8	0.51872196	0.51620044	
572	0.51863547	0.51628108	
572.2	0.51857011	0.51636137	
572.4	0.51853237	0.51644129	
572.6	0.5186247	0.51652086	
572.8	0.51839209	0.51660008	
573	0.51840559	0.51667894	
573.2	0.51865129	0.51675745	
573.4	0.51834693	0.51683562	
573.6	0.51842458	0.51691343	
573.8	0.51840338	0.5169909	
574	0.51858083	0.51706803	
574.2	0.51899667	0.51714481	
574.4	0.51906962	0.51722125	
574.6	0.51924711	0.51729735	
574.8	0.5191879	0.51737311	
575	0.51910924	0.51744854	
575.2	0.51943024	0.51752363	
575.4	0.51944418	0.51759839	
575.6	0.51930875	0.51767281	
575.8	0.51970305	0.5177469	
576	0.51990682	0.51782066	
576.2	0.52027931	0.5178941	
576.4	0.5206588	0.51796721	
576.6	0.52091278	0.51803999	
576.8	0.52112045	0.51811245	
577	0.52150711	0.51818459	
577.2	0.5214653	0.5182564	
577.4	0.52130099	0.5183279	
577.6	0.52164301	0.51839908	
577.8	0.52183595	0.51846994	
578	0.52214941	0.51854049	
578.2	0.52250749	0.51861072	
578.4	0.52213805	0.51868064	
578.6	0.52228277	0.51875025	
578.8	0.52201423	0.51881955	
579	0.52197306	0.51888854	
579.2	0.52179393	0.51895723	
579.4	0.52141171	0.51902561	
579.6	0.52168741	0.51909368	
579.8	0.5218992	0.51916145	
580	0.52190684	0.51922893	
580.2	0.5218619	0.5192961	
580.4	0.52191603	0.51936297	
580.6	0.5218682	0.51942954	
580.8	0.5217868	0.51949582	
581	0.52152381	0.51956181	
581.2	0.52144016	0.5196275	
581.4	0.52161393	0.5196929	
581.6	0.52161721	0.519758	
581.8	0.52167364	0.51982282	
582	0.52174764	0.51988735	
582.2	0.52204222	0.51995159	
582.4	0.52219985	0.52001555	
582.6	0.5224578	0.52007922	
582.8	0.52267486	0.52014261	
583	0.52281315	0.52020572	
583.2	0.52301874	0.52026854	
583.4	0.52352989	0.52033109	
583.6	0.52421248	0.52039336	
583.8	0.52472992	0.52045535	
584	0.52528142	0.52051707	
584.2	0.52562454	0.52057851	
584.4	0.52580663	0.52063968	
584.6	0.52577914	0.52070057	
584.8	0.52594248	0.5207612	
585	0.52593093	0.52082156	
585.2	0.52614312	0.52088164	
585.4	0.52607741	0.52094146	
585.6	0.52576104	0.52100102	
585.8	0.52547754	0.52106031	
586	0.52514967	0.52111933	
586.2	0.52498798	0.52117809	
586.4	0.52469747	0.5212366	
586.6	0.52441991	0.52129484	
586.8	0.52440643	0.52135282	
587	0.52407459	0.52141054	
587.2	0.52422296	0.52146801	
587.4	0.52407367	0.52152522	
587.6	0.52448315	0.52158218	
587.8	0.524825	0.52163889	
588	0.52491464	0.52169534	
588.2	0.52514242	0.52175154	
588.4	0.52542292	0.52180749	
588.6	0.52566791	0.52186319	
588.8	0.5258969	0.52191865	
589	0.52636391	0.52197385	
589.2	0.52660421	0.52202882	
589.4	0.5268571	0.52208353	
589.6	0.52686119	0.52213801	
589.8	0.52680873	0.52219224	
590	0.52669645	0.52224623	
590.2	0.52650205	0.52229998	
590.4	0.52608162	0.52235349	
590.6	0.5260417	0.52240677	
590.8	0.52580316	0.5224598	
591	0.52535898	0.5225126	
591.2	0.5249988	0.52256517	
591.4	0.5245011	0.5226175	
591.6	0.52482449	0.5226696	
591.8	0.52489181	0.52272147	
592	0.52488484	0.52277311	
592.2	0.52508274	0.52282451	
592.4	0.52507092	0.52287569	
592.6	0.52520601	0.52292664	
592.8	0.52566417	0.52297737	
593	0.52643431	0.52302786	
593.2	0.52695127	0.52307814	
593.4	0.52732957	0.52312819	
593.6	0.52720744	0.52317802	
593.8	0.52730626	0.52322762	
594	0.52744214	0.52327701	
594.2	0.52712721	0.52332618	
594.4	0.52705476	0.52337512	
594.6	0.52707743	0.52342385	
594.8	0.52681127	0.52347236	
595	0.52670745	0.52352066	
595.2	0.52656595	0.52356874	
595.4	0.52672484	0.52361661	
595.6	0.52672614	0.52366427	
595.8	0.52658024	0.52371171	
596	0.52633761	0.52375894	
596.2	0.52636394	0.52380597	
596.4	0.52650416	0.52385278	
596.6	0.52688165	0.52389938	
596.8	0.5272744	0.52394578	
597	0.52754733	0.52399197	
597.2	0.52772074	0.52403796	
597.4	0.52780197	0.52408374	
597.6	0.52814375	0.52412932	
597.8	0.52854651	0.52417469	
598	0.52880629	0.52421987	
598.2	0.52880285	0.52426484	
598.4	0.52901138	0.52430961	
598.6	0.52909335	0.52435418	
598.8	0.52930375	0.52439856	
599	0.5295509	0.52444274	
599.2	0.52950227	0.52448672	
599.4	0.52959303	0.5245305	
599.6	0.52939898	0.52457409	
599.8	0.52940325	0.52461749	
600	0.52940325	0.52466069	
600.2	0.52907705	0.52441894	
600.4	0.52872126	0.5241773	
600.6	0.52827243	0.52393576	
600.8	0.52782653	0.52369434	
601	0.52743104	0.52345303	
601.2	0.52704311	0.52321183	
601.4	0.52676563	0.52297075	
601.6	0.52641336	0.52272977	
601.8	0.52617167	0.5224889	
602	0.52578543	0.52224815	
602.2	0.52546435	0.52200751	
602.4	0.52520414	0.52176697	
602.6	0.52482133	0.52152655	
602.8	0.52467154	0.52128624	
603	0.52448758	0.52104604	
603.2	0.52413583	0.52080595	
603.4	0.52352584	0.52056597	
603.6	0.52316242	0.5203261	
603.8	0.52291014	0.52008635	
604	0.52276693	0.5198467	
604.2	0.52197165	0.51960716	
604.4	0.52166568	0.51936774	
604.6	0.52109922	0.51912842	
604.8	0.52093637	0.51888921	
605	0.52088614	0.51865012	
605.2	0.52057394	0.51841113	
605.4	0.52058443	0.51817226	
605.6	0.52044982	0.51793349	
605.8	0.52034901	0.51769484	
606	0.51989146	0.51745629	
606.2	0.51982946	0.51721786	
606.4	0.51976976	0.51697953	
606.6	0.51948485	0.51674132	
606.8	0.51935349	0.51650321	
607	0.51872533	0.51626521	
607.2	0.51823042	0.51602733	
607.4	0.5175549	0.51578955	
607.6	0.51719854	0.51555188	
607.8	0.51697908	0.51531432	
608	0.51663307	0.51507688	
608.2	0.51618468	0.51483954	
608.4	0.51605583	0.51460231	
608.6	0.51575782	0.51436519	
608.8	0.51560043	0.51412818	
609	0.5152971	0.51389127	
609.2	0.51502302	0.51365448	
609.4	0.51513664	0.5134178	
609.6	0.51524697	0.51318122	
609.8	0.51478842	0.51294476	
610	0.51446515	0.5127084	
610.2	0.5141983	0.51247215	
610.4	0.51372056	0.51223601	
610.6	0.51336021	0.51199998	
610.8	0.51297381	0.51176406	
611	0.51248105	0.51152825	
611.2	0.51203845	0.51129255	
611.4	0.51200175	0.51105695	
611.6	0.51204927	0.51082147	
611.8	0.51216516	0.51058609	
612	0.51163053	0.51035082	
612.2	0.51124659	0.51011566	
612.4	0.51073958	0.5098806	
612.6	0.5102192	0.50964566	
612.8	0.50960286	0.50941082	
613	0.50902172	0.50917609	
613.2	0.50872933	0.50894147	
613.4	0.50857834	0.50870696	
613.6	0.50863327	0.50847256	
613.8	0.50844927	0.50823826	
614	0.50826807	0.50800407	
614.2	0.50775956	0.50776999	
614.4	0.50747121	0.50753602	
614.6	0.50747727	0.50730216	
614.8	0.50716031	0.5070684	
615	0.50728511	0.50683475	
615.2	0.50724783	0.50660121	
615.4	0.50789914	0.50636778	
615.6	0.50782241	0.50613445	
615.8	0.50769912	0.50590123	
616	0.50743311	0.50566812	
616.2	0.50707014	0.50543512	
616.4	0.50652731	0.50520222	
616.6	0.50606318	0.50496943	
616.8	0.50567204	0.50473675	
617	0.50533492	0.50450418	
617.2	0.50506016	0.50427171	
617.4	0.50476139	0.50403935	
617.6	0.504452	0.5038071	
617.8	0.50404842	0.50357495	
618	0.50325034	0.50334291	
618.2	0.50259251	0.50311098	
618.4	0.50218292	0.50287915	
618.6	0.50188384	0.50264744	
618.8	0.50145252	0.50241582	
619	0.50118	0.50218432	
619.2	0.50071813	0.50195292	
619.4	0.50060824	0.50172163	
619.6	0.50030966	0.50149044	
619.8	0.50007659	0.50125937	
620	0.49994304	0.50102839	
620.2	0.49955664	0.50079753	
620.4	0.49933684	0.50056677	
620.6	0.49913036	0.50033612	
620.8	0.49920476	0.50010557	
621	0.49877391	0.49987513	
621.2	0.49868156	0.49964479	
621.4	0.49819786	0.49941457	
621.6	0.49777124	0.49918444	
621.8	0.49747933	0.49895443	
622	0.49696828	0.49872452	
622.2	0.49678842	0.49849471	
622.4	0.4967729	0.49826502	
622.6	0.49661439	0.49803542	
622.8	0.4963891	0.49780594	
623	0.49611782	0.49757656	
623.2	0.49590754	0.49734728	
623.4	0.49545668	0.49711811	
623.6	0.49528416	0.49688905	
623.8	0.49494711	0.49666009	
624	0.49487723	0.49643124	
624.2	0.49467081	0.49620249	
624.4	0.49407068	0.49597385	
624.6	0.49391676	0.49574531	
624.8	0.49345208	0.49551688	
625	0.49282239	0.49528855	
625.2	0.4927529	0.49506033	
625.4	0.49166248	0.49483222	
625.6	0.49096268	0.49460421	
625.8	0.49077402	0.4943763	
626	0.49080776	0.4941485	
626.2	0.49051702	0.4939208	
626.4	0.49031659	0.49369321	
626.6	0.49005901	0.49346573	
626.8	0.48994036	0.49323835	
627	0.48976899	0.49301107	
627.2	0.48969006	0.4927839	
627.4	0.48949978	0.49255683	
627.6	0.48987212	0.49232987	
627.8	0.48997876	0.49210301	
628	0.48967006	0.49187626	
628.2	0.48911876	0.49164961	
628.4	0.48867556	0.49142307	
628.6	0.48871679	0.49119663	
628.8	0.48835418	0.49097029	
629	0.48831719	0.49074406	
629.2	0.48823128	0.49051793	
629.4	0.48786688	0.49029191	
629.6	0.48764376	0.49006599	
629.8	0.48780764	0.48984018	
630	0.48749138	0.48961447	
630.2	0.48717535	0.48938886	
630.4	0.48703689	0.48916336	
630.6	0.48646014	0.48893796	
630.8	0.48588639	0.48871267	
631	0.48558651	0.48848748	
631.2	0.48528391	0.48826239	
631.4	0.48487554	0.48803741	
631.6	0.48446394	0.48781253	
631.8	0.48372827	0.48758775	
632	0.48298854	0.48736308	
632.2	0.48243658	0.48713851	
632.4	0.48233542	0.48691404	
632.6	0.4822682	0.48668968	
632.8	0.48188416	0.48646542	
633	0.48181628	0.48624127	
633.2	0.48163697	0.48601721	
633.4	0.48149292	0.48579327	
633.6	0.48108771	0.48556942	
633.8	0.4810382	0.48534568	
634	0.48121172	0.48512204	
634.2	0.48160429	0.4848985	
634.4	0.48101488	0.48467507	
634.6	0.48074127	0.48445174	
634.8	0.48044658	0.48422851	
635	0.48052188	0.48400539	
635.2	0.48036714	0.48378236	
635.4	0.48021304	0.48355945	
635.6	0.47978335	0.48333663	
635.8	0.47953015	0.48311392	
636	0.47938624	0.4828913	
636.2	0.47917006	0.4826688	
636.4	0.47914524	0.48244639	
636.6	0.47875166	0.48222409	
636.8	0.47851809	0.48200189	
637	0.47843538	0.48177979	
637.2	0.47798744	0.48155779	
637.4	0.47738394	0.4813359	
637.6	0.47703939	0.48111411	
637.8	0.47691462	0.48089242	
638	0.47698111	0.48067083	
638.2	0.47672104	0.48044934	
638.4	0.47620015	0.48022796	
638.6	0.47594904	0.48000668	
638.8	0.47537084	0.4797855	
639	0.47523647	0.47956442	
639.2	0.4746583	0.47934345	
639.4	0.47430426	0.47912257	
639.6	0.47389979	0.4789018	
639.8	0.47361098	0.47868113	
640	0.473602	0.47846056	
640.2	0.47346455	0.4782401	
640.4	0.4736486	0.47801973	
640.6	0.47333041	0.47779947	
640.8	0.47337455	0.47757931	
641	0.4731475	0.47735924	
641.2	0.4726146	0.47713929	
641.4	0.47197488	0.47691943	
641.6	0.47183653	0.47669967	
641.8	0.4711928	0.47648002	
642	0.47092968	0.47626046	
642.2	0.47047645	0.47604101	
642.4	0.4699326	0.47582166	
642.6	0.46962537	0.47560241	
642.8	0.4691448	0.47538326	
643	0.46879663	0.47516421	
643.2	0.46854622	0.47494526	
643.4	0.46842193	0.47472641	
643.6	0.46799056	0.47450767	
643.8	0.46732366	0.47428902	
644	0.46739469	0.47407048	
644.2	0.46732938	0.47385203	
644.4	0.46734553	0.47363369	
644.6	0.46705961	0.47341545	
644.8	0.46698864	0.4731973	
645	0.46658376	0.47297926	
645.2	0.4660763	0.47276132	
645.4	0.46578263	0.47254348	
645.6	0.46543903	0.47232574	
645.8	0.46535258	0.4721081	
646	0.46548603	0.47189056	
646.2	0.46545306	0.47167312	
646.4	0.46535747	0.47145578	
646.6	0.46532038	0.47123854	
646.8	0.46482945	0.4710214	
647	0.46442273	0.47080436	
647.2	0.46405072	0.47058743	
647.4	0.46343895	0.47037059	
647.6	0.46301473	0.47015385	
647.8	0.46266408	0.46993721	
648	0.46267294	0.46972067	
648.2	0.46244883	0.46950423	
648.4	0.46261586	0.46928789	
648.6	0.46275055	0.46907165	
648.8	0.4624582	0.46885551	
649	0.46203443	0.46863947	
649.2	0.46207885	0.46842353	
649.4	0.46206241	0.46820768	
649.6	0.46212873	0.46799194	
649.8	0.46281008	0.4677763	
650	0.46292874	0.46756076	
650.2	0.46298215	0.46734531	
650.4	0.46292653	0.46712997	
650.6	0.4626689	0.46691472	
650.8	0.46218856	0.46669957	
651	0.46195212	0.46648453	
651.2	0.46139677	0.46626958	
651.4	0.4609011	0.46605473	
651.6	0.46056271	0.46583998	
651.8	0.46011091	0.46562533	
652	0.45972089	0.46541077	
652.2	0.45911412	0.46519632	
652.4	0.45876301	0.46498197	
652.6	0.45782686	0.46476771	
652.8	0.45703431	0.46455355	
653	0.45627063	0.46433949	
653.2	0.45572962	0.46412553	
653.4	0.45524155	0.46391167	
653.6	0.45491589	0.46369791	
653.8	0.45504217	0.46348424	
654	0.45482022	0.46327068	
654.2	0.45489872	0.46305721	
654.4	0.45459106	0.46284384	
654.6	0.45455882	0.46263057	
654.8	0.45472573	0.4624174	
655	0.45501418	0.46220432	
655.2	0.45504446	0.46199135	
655.4	0.45535913	0.46177847	
655.6	0.45545047	0.46156569	
655.8	0.45545714	0.46135301	
656	0.45514662	0.46114042	
656.2	0.45500146	0.46092794	
656.4	0.45508672	0.46071555	
656.6	0.45439519	0.46050326	
656.8	0.45426706	0.46029107	
657	0.45383836	0.46007897	
657.2	0.45314572	0.45986698	
657.4	0.45313439	0.45965508	
657.6	0.45268156	0.45944327	
657.8	0.45249753	0.45923157	
658	0.4520432	0.45901996	
658.2	0.45149723	0.45880846	
658.4	0.45092088	0.45859704	
658.6	0.45076048	0.45838573	
658.8	0.45054384	0.45817451	
659	0.450486	0.45796339	
659.2	0.45049618	0.45775237	
659.4	0.45021974	0.45754145	
659.6	0.44984115	0.45733062	
659.8	0.44971201	0.45711989	
660	0.44942222	0.45690926	
660.2	0.44967336	0.45669872	
660.4	0.44952895	0.45648828	
660.6	0.44921811	0.45627794	
660.8	0.44915811	0.45606769	
661	0.44914374	0.45585754	
661.2	0.44901759	0.45564749	
661.4	0.44883232	0.45543754	
661.6	0.44852762	0.45522768	
661.8	0.44809608	0.45501792	
662	0.44765771	0.45480825	
662.2	0.44734109	0.45459868	
662.4	0.44691855	0.45438921	
662.6	0.44654146	0.45417984	
662.8	0.44629769	0.45397056	
663	0.44640045	0.45376138	
663.2	0.44600662	0.45355229	
663.4	0.44559735	0.4533433	
663.6	0.44513274	0.45313441	
663.8	0.44518664	0.45292561	
664	0.44522603	0.45271691	
664.2	0.44502856	0.45250831	
664.4	0.4450109	0.4522998	
664.6	0.44474459	0.45209139	
664.8	0.44457965	0.45188307	
665	0.44425639	0.45167485	
665.2	0.44425278	0.45146672	
665.4	0.4435607	0.4512587	
665.6	0.44385065	0.45105076	
665.8	0.44353433	0.45084293	
666	0.44361322	0.45063519	
666.2	0.44337874	0.45042754	
666.4	0.44270255	0.45021999	
666.6	0.44255633	0.45001254	
666.8	0.44214743	0.44980518	
667	0.4419236	0.44959792	
667.2	0.44149558	0.44939075	
667.4	0.44133949	0.44918368	
667.6	0.44112724	0.4489767	
667.8	0.44121085	0.44876982	
668	0.44081331	0.44856303	
668.2	0.44033184	0.44835634	
668.4	0.44016397	0.44814975	
668.6	0.4398949	0.44794325	
668.8	0.43973205	0.44773684	
669	0.43956589	0.44753053	
669.2	0.43993762	0.44732432	
669.4	0.43981408	0.4471182	
669.6	0.44029801	0.44691217	
669.8	0.44000638	0.44670624	
670	0.43983088	0.44650041	
670.2	0.43931899	0.44629467	
670.4	0.43907626	0.44608902	
670.6	0.4388362	0.44588347	
670.8	0.4381838	0.44567802	
671	0.43785607	0.44547266	
671.2	0.43773152	0.44526739	
671.4	0.43753379	0.44506222	
671.6	0.43717746	0.44485714	
671.8	0.43687166	0.44465216	
672	0.43626	0.44444727	
672.2	0.4357498	0.44424247	
672.4	0.43549662	0.44403777	
672.6	0.43532964	0.44383317	
672.8	0.43467079	0.44362866	
673	0.43481944	0.44342424	
673.2	0.43480266	0.44321992	
673.4	0.43443755	0.44301569	
673.6	0.43403092	0.44281156	
673.8	0.43353244	0.44260752	
674	0.43336659	0.44240357	
674.2	0.43301102	0.44219972	
674.4	0.43280289	0.44199596	
674.6	0.43221823	0.44179229	
674.8	0.43218563	0.44158872	
675	0.43268703	0.44138525	
675.2	0.43284269	0.44118186	
675.4	0.43294877	0.44097857	
675.6	0.43266014	0.44077538	
675.8	0.43230269	0.44057228	
676	0.43183492	0.44036927	
676.2	0.43139131	0.44016635	
676.4	0.43122054	0.43996353	
676.6	0.43061363	0.4397608	
676.8	0.43005618	0.43955817	
677	0.43044263	0.43935563	
677.2	0.43039129	0.43915318	
677.4	0.42994328	0.43895082	
677.6	0.42958519	0.43874856	
677.8	0.42955921	0.4385464	
678	0.42936603	0.43834432	
678.2	0.42905256	0.43814234	
678.4	0.42896974	0.43794045	
678.6	0.42880557	0.43773865	
678.8	0.42871034	0.43753695	
679	0.42882676	0.43733534	
679.2	0.4286433	0.43713382	
679.4	0.42808866	0.4369324	
679.6	0.42714578	0.43673107	
679.8	0.42623852	0.43652983	
680	0.42554749	0.43632868	
680.2	0.42497135	0.43612763	
680.4	0.42483029	0.43592667	
680.6	0.42429998	0.4357258	
680.8	0.42404024	0.43552503	
681	0.42411848	0.43532434	
681.2	0.42401335	0.43512375	
681.4	0.42403681	0.43492326	
681.6	0.42432662	0.43472285	
681.8	0.42461793	0.43452254	
682	0.42460856	0.43432232	
682.2	0.42461747	0.43412219	
682.4	0.42503079	0.43392215	
682.6	0.42504895	0.43372221	
682.8	0.42493872	0.43352236	
683	0.42485147	0.4333226	
683.2	0.42459331	0.43312293	
683.4	0.42383912	0.43292335	
683.6	0.42355793	0.43272387	
683.8	0.42273122	0.43252448	
684	0.42227864	0.43232518	
684.2	0.42213256	0.43212597	
684.4	0.42188863	0.43192685	
684.6	0.42155067	0.43172783	
684.8	0.42102236	0.43152889	
685	0.42094105	0.43133005	
685.2	0.42107994	0.4311313	
685.4	0.42140382	0.43093264	
685.6	0.4214722	0.43073408	
685.8	0.42118196	0.4305356	
686	0.42067057	0.43033722	
686.2	0.42079982	0.43013892	
686.4	0.42081981	0.42994072	
686.6	0.42018111	0.42974261	
686.8	0.41944434	0.4295446	
687	0.4190844	0.42934667	
687.2	0.41922591	0.42914883	
687.4	0.41893858	0.42895109	
687.6	0.41886469	0.42875343	
687.8	0.41824793	0.42855587	
688	0.41831109	0.4283584	
688.2	0.41808539	0.42816102	
688.4	0.41790863	0.42796373	
688.6	0.41807441	0.42776653	
688.8	0.41775227	0.42756942	
689	0.41775921	0.42737241	
689.2	0.41756042	0.42717548	
689.4	0.41785618	0.42697864	
689.6	0.41749524	0.4267819	
689.8	0.41693042	0.42658525	
690	0.41642587	0.42638868	
690.2	0.41631545	0.42619221	
690.4	0.41557458	0.42599583	
690.6	0.41510395	0.42579954	
690.8	0.41466878	0.42560333	
691	0.41487787	0.42540722	
691.2	0.41497559	0.4252112	
691.4	0.41484817	0.42501527	
691.6	0.41499646	0.42481943	
691.8	0.41470036	0.42462368	
692	0.41466713	0.42442802	
692.2	0.41430691	0.42423245	
692.4	0.41432411	0.42403697	
692.6	0.41430577	0.42384158	
692.8	0.41401774	0.42364628	
693	0.41357431	0.42345108	
693.2	0.41345229	0.42325596	
693.4	0.41344871	0.42306093	
693.6	0.4127527	0.42286599	
693.8	0.41220752	0.42267114	
694	0.41189364	0.42247638	
694.2	0.41161257	0.42228171	
694.4	0.41127663	0.42208713	
694.6	0.41121933	0.42189264	
694.8	0.4108469	0.42169823	
695	0.41086248	0.42150392	
695.2	0.41091168	0.4213097	
695.4	0.41082903	0.42111557	
695.6	0.41025547	0.42092153	
695.8	0.40977712	0.42072757	
696	0.4097336	0.42053371	
696.2	0.40956391	0.42033993	
696.4	0.40901988	0.42014625	
696.6	0.40894832	0.41995265	
696.8	0.40870516	0.41975914	
697	0.40828208	0.41956572	
697.2	0.40822675	0.4193724	
697.4	0.40786734	0.41917916	
697.6	0.40743428	0.418986	
697.8	0.40743809	0.41879294	
698	0.40738064	0.41859997	
698.2	0.4071955	0.41840709	
698.4	0.40686826	0.41821429	
698.6	0.40661306	0.41802158	
698.8	0.40638843	0.41782897	
699	0.406318	0.41763644	
699.2	0.40619362	0.417444	
699.4	0.40570676	0.41725165	
699.6	0.40492935	0.41705938	
699.8	0.40492918	0.41686721	
700	0.40483529	0.41667512	
700.2	0.40498589	0.41648313	
700.4	0.40458028	0.41629122	
700.6	0.40518428	0.4160994	
700.8	0.40533522	0.41590767	
701	0.40513405	0.41571602	
701.2	0.40502603	0.41552447	
701.4	0.40491565	0.415333	
701.6	0.40476683	0.41514162	
701.8	0.40504204	0.41495033	
702	0.40439176	0.41475913	
702.2	0.40426132	0.41456802	
702.4	0.40390892	0.41437699	
702.6	0.40334272	0.41418605	
702.8	0.40264947	0.4139952	
703	0.40224515	0.41380444	
703.2	0.40183432	0.41361376	
703.4	0.401419	0.41342318	
703.6	0.40128742	0.41323268	
703.8	0.40121491	0.41304227	
704	0.40105137	0.41285195	
704.2	0.40129853	0.41266171	
704.4	0.40069605	0.41247156	
704.6	0.40079346	0.4122815	
704.8	0.40040674	0.41209153	
705	0.3998391	0.41190164	
705.2	0.39955698	0.41171185	
705.4	0.39965291	0.41152214	
705.6	0.39938932	0.41133251	
705.8	0.39923472	0.41114298	
706	0.398936	0.41095353	
706.2	0.39906168	0.41076417	
706.4	0.39875658	0.4105749	
706.6	0.39865961	0.41038571	
706.8	0.39868194	0.41019661	
707	0.39859736	0.4100076	
707.2	0.3989626	0.40981867	
707.4	0.39914952	0.40962984	
707.6	0.3991902	0.40944109	
707.8	0.39902807	0.40925242	
708	0.3988184	0.40906385	
708.2	0.39829337	0.40887536	
708.4	0.39735371	0.40868695	
708.6	0.39680308	0.40849864	
708.8	0.39639425	0.40831041	
709	0.39585095	0.40812226	
709.2	0.39571221	0.40793421	
709.4	0.39542874	0.40774624	
709.6	0.39455505	0.40755836	
709.8	0.39420951	0.40737056	
710	0.39454289	0.40718285	
710.2	0.39456665	0.40699523	
710.4	0.39455138	0.40680769	
710.6	0.39477149	0.40662024	
710.8	0.39453779	0.40643288	
711	0.39410397	0.4062456	
711.2	0.39442925	0.40605841	
711.4	0.39423596	0.4058713	
711.6	0.3938957	0.40568428	
711.8	0.39382654	0.40549735	
712	0.39336382	0.4053105	
712.2	0.39278096	0.40512374	
712.4	0.39258039	0.40493707	
712.6	0.39227201	0.40475048	
712.8	0.39227759	0.40456398	
713	0.39180321	0.40437756	
713.2	0.39151036	0.40419123	
713.4	0.39103454	0.40400499	
713.6	0.39049036	0.40381883	
713.8	0.390701	0.40363275	
714	0.391295	0.40344677	
714.2	0.39096341	0.40326087	
714.4	0.39105616	0.40307505	
714.6	0.39124425	0.40288932	
714.8	0.39098637	0.40270367	
715	0.39073228	0.40251811	
715.2	0.3908775	0.40233264	
715.4	0.39079715	0.40214725	
715.6	0.39055006	0.40196195	
715.8	0.39089967	0.40177673	
716	0.39055986	0.4015916	
716.2	0.39037157	0.40140655	
716.4	0.39026301	0.40122159	
716.6	0.38959452	0.40103672	
716.8	0.38913389	0.40085192	
717	0.38843714	0.40066722	
717.2	0.38780983	0.4004826	
717.4	0.38743662	0.40029806	
717.6	0.38692155	0.40011361	
717.8	0.38678436	0.39992924	
718	0.38646814	0.39974496	
718.2	0.38581742	0.39956077	
718.4	0.38606111	0.39937666	
718.6	0.38573042	0.39919263	
718.8	0.38565043	0.39900869	
719	0.38554468	0.39882483	
719.2	0.38550097	0.39864106	
719.4	0.38555345	0.39845737	
719.6	0.38581918	0.39827377	
719.8	0.38579488	0.39809025	
720	0.38535082	0.39790682	
720.2	0.38550176	0.39772347	
720.4	0.38515584	0.39754021	
720.6	0.38515286	0.39735703	
720.8	0.38478957	0.39717393	
721	0.38433567	0.39699092	
721.2	0.38399062	0.39680799	
721.4	0.38385642	0.39662515	
721.6	0.38370932	0.39644239	
721.8	0.38379481	0.39625972	
722	0.38367019	0.39607713	
722.2	0.38366057	0.39589462	
722.4	0.38337108	0.3957122	
722.6	0.38274314	0.39552986	
722.8	0.38274642	0.39534761	
723	0.38251611	0.39516544	
723.2	0.38196481	0.39498335	
723.4	0.38199418	0.39480135	
723.6	0.38176299	0.39461943	
723.8	0.38130643	0.3944376	
724	0.38111484	0.39425585	
724.2	0.38088784	0.39407418	
724.4	0.38059939	0.3938926	
724.6	0.3806514	0.3937111	
724.8	0.38025074	0.39352968	
725	0.37983018	0.39334835	
725.2	0.37972431	0.3931671	
725.4	0.37970543	0.39298594	
725.6	0.38024206	0.39280486	
725.8	0.38078831	0.39262386	
726	0.38051067	0.39244294	
726.2	0.38021957	0.39226211	
726.4	0.37981981	0.39208136	
726.6	0.3798242	0.3919007	
726.8	0.37955026	0.39172012	
727	0.37965716	0.39153962	
727.2	0.3792346	0.3913592	
727.4	0.37919876	0.39117887	
727.6	0.37907009	0.39099862	
727.8	0.37896533	0.39081846	
728	0.37866179	0.39063838	
728.2	0.37816692	0.39045838	
728.4	0.37795395	0.39027846	
728.6	0.37743743	0.39009863	
728.8	0.37706321	0.38991887	
729	0.37660403	0.38973921	
729.2	0.37647861	0.38955962	
729.4	0.37642275	0.38938012	
729.6	0.37673601	0.3892007	
729.8	0.37618014	0.38902136	
730	0.37562548	0.38884211	
730.2	0.37519048	0.38866293	
730.4	0.3750822	0.38848384	
730.6	0.3747067	0.38830484	
730.8	0.3743424	0.38812591	
731	0.37447256	0.38794707	
731.2	0.37396609	0.38776831	
731.4	0.37384057	0.38758963	
731.6	0.37361639	0.38741104	
731.8	0.37361497	0.38723253	
732	0.37355534	0.3870541	
732.2	0.373255	0.38687575	
732.4	0.37330116	0.38669748	
732.6	0.37328476	0.3865193	
732.8	0.37314516	0.3863412	
733	0.37314662	0.38616318	
733.2	0.37278125	0.38598524	
733.4	0.37270335	0.38580738	
733.6	0.37265058	0.38562961	
733.8	0.37222283	0.38545192	
734	0.3722806	0.38527431	
734.2	0.37202421	0.38509678	
734.4	0.37196145	0.38491933	
734.6	0.37162654	0.38474197	
734.8	0.37139355	0.38456469	
735	0.37116524	0.38438748	
735.2	0.37055877	0.38421036	
735.4	0.37006788	0.38403333	
735.6	0.36982451	0.38385637	
735.8	0.36969835	0.3836795	
736	0.36951736	0.3835027	
736.2	0.36926385	0.38332599	
736.4	0.36918296	0.38314936	
736.6	0.369123	0.38297281	
736.8	0.36893759	0.38279634	
737	0.36893795	0.38261996	
737.2	0.3686665	0.38244365	
737.4	0.36868236	0.38226743	
737.6	0.36853717	0.38209129	
737.8	0.36839489	0.38191522	
738	0.36801353	0.38173924	
738.2	0.36780151	0.38156335	
738.4	0.36812676	0.38138753	
738.6	0.36827748	0.38121179	
738.8	0.36838746	0.38103613	
739	0.36790566	0.38086056	
739.2	0.36748205	0.38068506	
739.4	0.36733813	0.38050965	
739.6	0.36710384	0.38033432	
739.8	0.3667482	0.38015907	
740	0.36674846	0.3799839	
740.2	0.36649537	0.37980881	
740.4	0.36637728	0.3796338	
740.6	0.36639811	0.37945887	
740.8	0.3661355	0.37928402	
741	0.36577771	0.37910925	
741.2	0.36562259	0.37893456	
741.4	0.36504116	0.37875996	
741.6	0.36490697	0.37858543	
741.8	0.36498645	0.37841098	
742	0.36482196	0.37823662	
742.2	0.36497157	0.37806233	
742.4	0.36479408	0.37788813	
742.6	0.36444959	0.377714	
742.8	0.36444674	0.37753996	
743	0.36406856	0.37736599	
743.2	0.36401114	0.37719211	
743.4	0.36372037	0.37701831	
743.6	0.3635551	0.37684458	
743.8	0.36349674	0.37667094	
744	0.36326322	0.37649737	
744.2	0.3626904	0.37632389	
744.4	0.36243785	0.37615049	
744.6	0.36246482	0.37597716	
744.8	0.36223852	0.37580392	
745	0.36207314	0.37563075	
745.2	0.36222233	0.37545767	
745.4	0.36171543	0.37528467	
745.6	0.362091	0.37511174	
745.8	0.3618464	0.3749389	
746	0.36147003	0.37476613	
746.2	0.3609492	0.37459344	
746.4	0.36076176	0.37442084	
746.6	0.36069429	0.37424831	
746.8	0.36075017	0.37407586	
747	0.36025233	0.37390349	
747.2	0.35949586	0.37373121	
747.4	0.3594217	0.373559	
747.6	0.35918783	0.37338687	
747.8	0.35861427	0.37321482	
748	0.35839331	0.37304284	
748.2	0.3581424	0.37287095	
748.4	0.35792659	0.37269914	
748.6	0.35768295	0.37252741	
748.8	0.35749938	0.37235575	
749	0.35751523	0.37218418	
749.2	0.35759477	0.37201268	
749.4	0.3572264	0.37184126	
749.6	0.35718831	0.37166992	
749.8	0.35685295	0.37149866	
750	0.35699165	0.37132748	
750.2	0.35710054	0.37115638	
750.4	0.35709737	0.37098536	
750.6	0.35670596	0.37081442	
750.8	0.35650955	0.37064355	
751	0.35590204	0.37047276	
751.2	0.35545856	0.37030206	
751.4	0.35582876	0.37013143	
751.6	0.35550166	0.36996088	
751.8	0.35540199	0.3697904	
752	0.35570347	0.36962001	
752.2	0.35587045	0.3694497	
752.4	0.35576046	0.36927946	
752.6	0.35570267	0.3691093	
752.8	0.35581526	0.36893922	
753	0.35570354	0.36876922	
753.2	0.35571315	0.3685993	
753.4	0.35544484	0.36842945	
753.6	0.35502181	0.36825969	
753.8	0.35498528	0.36809	
754	0.35486592	0.36792039	
754.2	0.3546912	0.36775086	
754.4	0.35396721	0.3675814	
754.6	0.35357403	0.36741203	
754.8	0.35331435	0.36724273	
755	0.35282242	0.36707351	
755.2	0.35257601	0.36690437	
755.4	0.35226521	0.36673531	
755.6	0.35191008	0.36656632	
755.8	0.35159879	0.36639741	
756	0.35129815	0.36622858	
756.2	0.3514218	0.36605983	
756.4	0.35079337	0.36589116	
756.6	0.35052562	0.36572256	
756.8	0.35023737	0.36555404	
757	0.35006925	0.3653856	
757.2	0.34976497	0.36521724	
757.4	0.34939482	0.36504895	
757.6	0.34930355	0.36488074	
757.8	0.34938763	0.36471261	
758	0.34932826	0.36454456	
758.2	0.3494078	0.36437658	
758.4	0.34944983	0.36420868	
758.6	0.3496275	0.36404086	
758.8	0.34951264	0.36387312	
759	0.34930311	0.36370545	
759.2	0.34908649	0.36353786	
759.4	0.34872465	0.36337035	
759.6	0.34870512	0.36320291	
759.8	0.3482105	0.36303556	
760	0.34816546	0.36286827	
760.2	0.3479373	0.36270107	
760.4	0.34719409	0.36253394	
760.6	0.34710563	0.36236689	
760.8	0.34690235	0.36219992	
761	0.34660035	0.36203303	
761.2	0.34630369	0.36186621	
761.4	0.34642499	0.36169946	
761.6	0.34594703	0.3615328	
761.8	0.34558581	0.36136621	
762	0.3456593	0.3611997	
762.2	0.34525803	0.36103326	
762.4	0.34488395	0.36086691	
762.6	0.34470885	0.36070062	
762.8	0.34458885	0.36053442	
763	0.34433385	0.36036829	
763.2	0.34392015	0.36020224	
763.4	0.34371652	0.36003626	
763.6	0.34365384	0.35987037	
763.8	0.34344271	0.35970454	
764	0.34331656	0.3595388	
764.2	0.34295863	0.35937313	
764.4	0.34289992	0.35920753	
764.6	0.34325185	0.35904202	
764.8	0.34359136	0.35887658	
765	0.34344047	0.35871121	
765.2	0.34325487	0.35854592	
765.4	0.34319733	0.35838071	
765.6	0.34245834	0.35821558	
765.8	0.34224122	0.35805052	
766	0.34217671	0.35788553	
766.2	0.34162469	0.35772062	
766.4	0.34151366	0.35755579	
766.6	0.34149468	0.35739104	
766.8	0.34123291	0.35722636	
767	0.34072501	0.35706175	
767.2	0.34024682	0.35689722	
767.4	0.34025734	0.35673277	
767.6	0.34041363	0.3565684	
767.8	0.34060751	0.35640409	
768	0.3404354	0.35623987	
768.2	0.34058928	0.35607572	
768.4	0.34061337	0.35591165	
768.6	0.3410868	0.35574765	
768.8	0.34113455	0.35558373	
769	0.34096299	0.35541988	
769.2	0.3407536	0.35525611	
769.4	0.34075337	0.35509241	
769.6	0.34029187	0.35492879	
769.8	0.33990931	0.35476524	
770	0.33992533	0.35460177	
770.2	0.33944266	0.35443838	
770.4	0.33908314	0.35427506	
770.6	0.33880312	0.35411182	
770.8	0.33862405	0.35394865	
771	0.33819013	0.35378555	
771.2	0.33795701	0.35362253	
771.4	0.33810394	0.35345959	
771.6	0.33829392	0.35329672	
771.8	0.33804053	0.35313393	
772	0.3374188	0.35297121	
772.2	0.33744278	0.35280857	
772.4	0.33718233	0.352646	
772.6	0.33733067	0.35248351	
772.8	0.33732679	0.35232109	
773	0.33742059	0.35215874	
773.2	0.33693133	0.35199647	
773.4	0.33669667	0.35183428	
773.6	0.33631186	0.35167216	
773.8	0.33610019	0.35151012	
774	0.33596187	0.35134815	
774.2	0.33549798	0.35118625	
774.4	0.3353544	0.35102443	
774.6	0.33508372	0.35086268	
774.8	0.3349865	0.35070101	
775	0.33486767	0.35053941	
775.2	0.33505642	0.35037789	
775.4	0.33512108	0.35021644	
775.6	0.33508385	0.35005507	
775.8	0.33460245	0.34989377	
776	0.33456137	0.34973254	
776.2	0.33489479	0.34957139	
776.4	0.33476076	0.34941032	
776.6	0.33470882	0.34924931	
776.8	0.3347509	0.34908838	
777	0.33468089	0.34892753	
777.2	0.33399253	0.34876675	
777.4	0.33388989	0.34860604	
777.6	0.33332399	0.34844541	
777.8	0.33282464	0.34828485	
778	0.33222301	0.34812437	
778.2	0.331799	0.34796396	
778.4	0.33152646	0.34780362	
778.6	0.33122575	0.34764336	
778.8	0.33135768	0.34748317	
779	0.33140905	0.34732306	
779.2	0.33158445	0.34716302	
779.4	0.33159848	0.34700305	
779.6	0.33167403	0.34684316	
779.8	0.3317933	0.34668334	
