Conc1	1E-07	
Start1	180	
Stop1	299.8	
Kobs	0.00239319976370074	
Error Kobs	6.90827847125786E-05	
Koff	0	
Error Koff	0	
Time1	Data1	Fit1	
180	0.01597734	0	
180.2	0.03120187	0.02459605	
180.4	0.0487604	0.0479592	
180.6	0.06829734	0.07015126	
180.8	0.08917129	0.09123093	
181	0.1115225	0.11125396	
181.2	0.13405741	0.13027333	
181.4	0.15640411	0.14833934	
181.6	0.17799688	0.16549977	
181.8	0.19802622	0.18180003	
182	0.21574519	0.19728323	
182.2	0.23046846	0.21199032	
182.4	0.24310872	0.22596021	
182.6	0.25483784	0.23922984	
182.8	0.26547493	0.25183433	
183	0.27528465	0.26380701	
183.2	0.28470974	0.27517955	
183.4	0.29323128	0.28598204	
183.6	0.30123341	0.29624304	
183.8	0.30915762	0.3059897	
184	0.31622837	0.31524781	
184.2	0.3225645	0.32404185	
184.4	0.32858627	0.33239507	
184.6	0.33412221	0.34032959	
184.8	0.33944193	0.34786639	
185	0.34482377	0.35502539	
185.2	0.34959058	0.36182555	
185.4	0.35416638	0.36828485	
185.6	0.35865469	0.37442037	
185.8	0.36292397	0.38024834	
186	0.36660421	0.38578418	
186.2	0.37069901	0.39104253	
186.4	0.37386651	0.3960373	
186.6	0.37725677	0.40078171	
186.8	0.38031892	0.4052883	
187	0.38358972	0.409569	
187.2	0.38688592	0.41363512	
187.4	0.39002342	0.41749743	
187.6	0.39269418	0.42116613	
187.8	0.39575081	0.42465094	
188	0.3982062	0.42796107	
188.2	0.40086448	0.43110528	
188.4	0.4030222	0.43409188	
188.6	0.40523036	0.43692877	
188.8	0.40775109	0.43962347	
189	0.4101188	0.44218309	
189.2	0.41238308	0.44461441	
189.4	0.41462548	0.44692386	
189.6	0.41667052	0.44911754	
189.8	0.41867993	0.45120127	
190	0.42044291	0.45318054	
190.2	0.42249744	0.45506061	
190.4	0.42424622	0.45684643	
190.6	0.425933	0.45854274	
190.8	0.42739464	0.46015402	
191	0.42921674	0.46168453	
191.2	0.43084015	0.46313833	
191.4	0.43243073	0.46451925	
191.6	0.43367627	0.46583096	
191.8	0.43518863	0.46707691	
192	0.43618735	0.46826041	
192.2	0.43735783	0.46938458	
192.4	0.43816701	0.47045241	
192.6	0.43897287	0.47146671	
192.8	0.44042618	0.47243017	
193	0.44149115	0.47334533	
193.2	0.44292207	0.47421462	
193.4	0.44434897	0.47504034	
193.6	0.44534037	0.47582467	
193.8	0.44680852	0.47656968	
194	0.44765558	0.47727734	
194.2	0.44871475	0.47794954	
194.4	0.44963819	0.47858804	
194.6	0.45045525	0.47919454	
194.8	0.45152162	0.47977063	
195	0.45250582	0.48031785	
195.2	0.45341899	0.48083764	
195.4	0.45438343	0.48133137	
195.6	0.45527478	0.48180036	
195.8	0.45581492	0.48224583	
196	0.45663721	0.48266898	
196.2	0.45728053	0.48307092	
196.4	0.45793104	0.4834527	
196.6	0.4585551	0.48381536	
196.8	0.45986904	0.48415983	
197	0.46060723	0.48448704	
197.2	0.46161439	0.48479784	
197.4	0.46249084	0.48509307	
197.6	0.4629164	0.48537349	
197.8	0.46379152	0.48563986	
198	0.46425096	0.48589288	
198.2	0.46459505	0.48613322	
198.4	0.46454482	0.48636151	
198.6	0.46498031	0.48657835	
198.8	0.46516204	0.48678433	
199	0.46544773	0.48697998	
199.2	0.46575823	0.48716582	
199.4	0.46630126	0.48734235	
199.6	0.4669529	0.48751003	
199.8	0.46768148	0.48766931	
200	0.46778694	0.4878206	
200.2	0.46823165	0.48796431	
200.4	0.46891329	0.48810081	
200.6	0.46957233	0.48823047	
200.8	0.47015232	0.48835364	
201	0.47068904	0.48847062	
201.2	0.47128116	0.48858175	
201.4	0.47208162	0.4886873	
201.6	0.4724617	0.48878757	
201.8	0.47313106	0.4888828	
202	0.47374822	0.48897327	
202.2	0.47419082	0.4890592	
202.4	0.47465105	0.48914082	
202.6	0.47531163	0.48921835	
202.8	0.47586829	0.489292	
203	0.47627024	0.48936195	
203.2	0.47671226	0.48942839	
203.4	0.47709366	0.48949151	
203.6	0.47780577	0.48955146	
203.8	0.47819762	0.48960841	
204	0.4782434	0.4896625	
204.2	0.47927888	0.48971388	
204.4	0.47957211	0.48976269	
204.6	0.47991567	0.48980905	
204.8	0.47992971	0.48985308	
205	0.48004134	0.48989491	
205.2	0.48022728	0.48993464	
205.4	0.48069144	0.48997238	
205.6	0.48085142	0.49000823	
205.8	0.48143755	0.49004228	
206	0.4821948	0.49007463	
206.2	0.48268516	0.49010535	
206.4	0.48264229	0.49013453	
206.6	0.4831011	0.49016225	
206.8	0.48343991	0.49018858	
207	0.48384444	0.49021359	
207.2	0.48392204	0.49023735	
207.4	0.48408216	0.49025992	
207.6	0.48475154	0.49028135	
207.8	0.48464939	0.49030171	
208	0.48523202	0.49032105	
208.2	0.48557785	0.49033942	
208.4	0.48544047	0.49035687	
208.6	0.48566833	0.49037345	
208.8	0.48555352	0.49038919	
209	0.48551757	0.49040415	
209.2	0.48589148	0.49041835	
209.4	0.48608466	0.49043185	
209.6	0.48640101	0.49044466	
209.8	0.48680028	0.49045684	
210	0.48700791	0.4904684	
210.2	0.48728233	0.49047939	
210.4	0.487697	0.49048982	
210.6	0.48809589	0.49049973	
210.8	0.48815253	0.49050915	
211	0.4885108	0.49051809	
211.2	0.4886465	0.49052658	
211.4	0.48913056	0.49053465	
211.6	0.48961263	0.49054232	
211.8	0.48975419	0.4905496	
212	0.49012398	0.49055651	
212.2	0.49009848	0.49056308	
212.4	0.4898622	0.49056932	
212.6	0.49009898	0.49057524	
212.8	0.49007585	0.49058087	
213	0.49004823	0.49058622	
213.2	0.49005128	0.4905913	
213.4	0.49018692	0.49059612	
213.6	0.49026811	0.49060071	
213.8	0.49030328	0.49060506	
214	0.49041909	0.49060919	
214.2	0.49080535	0.49061312	
214.4	0.4915569	0.49061685	
214.6	0.49102095	0.4906204	
214.8	0.49150694	0.49062376	
215	0.49184977	0.49062696	
215.2	0.49222627	0.49063	
215.4	0.49250671	0.49063288	
215.6	0.49277871	0.49063562	
215.8	0.49295645	0.49063822	
216	0.49267704	0.4906407	
216.2	0.49276046	0.49064304	
216.4	0.49256682	0.49064528	
216.6	0.4928898	0.49064739	
216.8	0.49224427	0.49064941	
217	0.49273922	0.49065132	
217.2	0.49273973	0.49065313	
217.4	0.49313677	0.49065486	
217.6	0.4930817	0.4906565	
217.8	0.49358555	0.49065805	
218	0.49388433	0.49065953	
218.2	0.49471788	0.49066094	
218.4	0.49509194	0.49066227	
218.6	0.49488257	0.49066354	
218.8	0.49543475	0.49066474	
219	0.49545991	0.49066588	
219.2	0.49607458	0.49066697	
219.4	0.49584241	0.490668	
219.6	0.49599953	0.49066898	
219.8	0.49626469	0.49066991	
220	0.49563462	0.4906708	
220.2	0.49553937	0.49067164	
220.4	0.49535462	0.49067243	
220.6	0.4953795	0.49067319	
220.8	0.49529218	0.49067391	
221	0.49596399	0.49067459	
221.2	0.49566963	0.49067524	
221.4	0.49556941	0.49067586	
221.6	0.49538033	0.49067645	
221.8	0.49552089	0.490677	
222	0.49544305	0.49067753	
222.2	0.49581353	0.49067803	
222.4	0.49569749	0.49067851	
222.6	0.49583638	0.49067896	
222.8	0.49572867	0.49067939	
223	0.4962059	0.4906798	
223.2	0.4966002	0.49068019	
223.4	0.49622781	0.49068056	
223.6	0.49693076	0.49068091	
223.8	0.4970202	0.49068124	
224	0.4971039	0.49068156	
224.2	0.49740966	0.49068186	
224.4	0.49762937	0.49068214	
224.6	0.49779061	0.49068241	
224.8	0.49812889	0.49068267	
225	0.49828555	0.49068292	
225.2	0.49824436	0.49068315	
225.4	0.49829633	0.49068337	
225.6	0.4982233	0.49068358	
225.8	0.49860069	0.49068378	
226	0.49865886	0.49068397	
226.2	0.49878115	0.49068414	
226.4	0.49880916	0.49068432	
226.6	0.4994461	0.49068448	
226.8	0.49983849	0.49068463	
227	0.50025337	0.49068478	
227.2	0.50010152	0.49068492	
227.4	0.50016568	0.49068505	
227.6	0.50016151	0.49068517	
227.8	0.49962842	0.49068529	
228	0.49970931	0.49068541	
228.2	0.49927056	0.49068551	
228.4	0.499216	0.49068561	
228.6	0.49905512	0.49068571	
228.8	0.49940683	0.4906858	
229	0.49930035	0.49068589	
229.2	0.49928334	0.49068597	
229.4	0.49945846	0.49068605	
229.6	0.49931744	0.49068613	
229.8	0.4996922	0.4906862	
230	0.4996261	0.49068627	
230.2	0.49987196	0.49068633	
230.4	0.50078312	0.49068639	
230.6	0.50114376	0.49068645	
230.8	0.50111086	0.4906865	
231	0.50103098	0.49068656	
231.2	0.50103099	0.49068661	
231.4	0.50095703	0.49068665	
231.6	0.50042813	0.4906867	
231.8	0.50042795	0.49068674	
232	0.50068727	0.49068678	
232.2	0.50044482	0.49068682	
232.4	0.50036636	0.49068686	
232.6	0.50040224	0.49068689	
232.8	0.50105258	0.49068692	
233	0.50108285	0.49068695	
233.2	0.50129124	0.49068698	
233.4	0.50145788	0.49068701	
233.6	0.50164185	0.49068704	
233.8	0.50178496	0.49068706	
234	0.50193317	0.49068709	
234.2	0.50226972	0.49068711	
234.4	0.50257792	0.49068713	
234.6	0.50223449	0.49068715	
234.8	0.50233098	0.49068717	
235	0.50246741	0.49068719	
235.2	0.50249079	0.49068721	
235.4	0.50218205	0.49068723	
235.6	0.50204843	0.49068724	
235.8	0.50224412	0.49068726	
236	0.50203853	0.49068727	
236.2	0.50184888	0.49068729	
236.4	0.50166691	0.4906873	
236.6	0.50217478	0.49068731	
236.8	0.50231888	0.49068732	
237	0.50191763	0.49068733	
237.2	0.50161152	0.49068735	
237.4	0.50148768	0.49068736	
237.6	0.50147027	0.49068736	
237.8	0.50125389	0.49068737	
238	0.50134296	0.49068738	
238.2	0.50141184	0.49068739	
238.4	0.50143156	0.4906874	
238.6	0.5015245	0.49068741	
238.8	0.50164673	0.49068741	
239	0.50189943	0.49068742	
239.2	0.50192623	0.49068743	
239.4	0.5019946	0.49068743	
239.6	0.5022462	0.49068744	
239.8	0.50254486	0.49068744	
240	0.50254486	0.49068745	
240.2	0.50264329	0.49045264	
240.4	0.50252395	0.49021795	
240.6	0.50251407	0.48998337	
240.8	0.50239953	0.4897489	
241	0.50235245	0.48951454	
241.2	0.50201653	0.48928029	
241.4	0.50178383	0.48904616	
241.6	0.50143828	0.48881214	
241.8	0.50121605	0.48857823	
242	0.50090173	0.48834443	
242.2	0.50052076	0.48811075	
242.4	0.50017333	0.48787718	
242.6	0.49983923	0.48764371	
242.8	0.49975948	0.48741036	
243	0.49969985	0.48717713	
243.2	0.49963778	0.486944	
243.4	0.49909006	0.48671098	
243.6	0.49908606	0.48647808	
243.8	0.49874732	0.48624529	
244	0.49843904	0.48601261	
244.2	0.49778077	0.48578004	
244.4	0.49734789	0.48554758	
244.6	0.49671857	0.48531523	
244.8	0.49583423	0.485083	
245	0.49543186	0.48485087	
245.2	0.49485138	0.48461886	
245.4	0.49423331	0.48438696	
245.6	0.49381395	0.48415517	
245.8	0.49344229	0.48392348	
246	0.4931793	0.48369192	
246.2	0.49265634	0.48346046	
246.4	0.49251242	0.48322911	
246.6	0.49251379	0.48299787	
246.8	0.49246662	0.48276674	
247	0.49230676	0.48253573	
247.2	0.49212157	0.48230482	
247.4	0.49172127	0.48207403	
247.6	0.49195406	0.48184334	
247.8	0.49150516	0.48161277	
248	0.49132491	0.4813823	
248.2	0.49060538	0.48115195	
248.4	0.49035931	0.48092171	
248.6	0.48969478	0.48069157	
248.8	0.48929746	0.48046155	
249	0.4889497	0.48023164	
249.2	0.48874469	0.48000183	
249.4	0.4882714	0.47977214	
249.6	0.48835314	0.47954256	
249.8	0.4881349	0.47931309	
250	0.4878931	0.47908372	
250.2	0.4876876	0.47885447	
250.4	0.48786073	0.47862532	
250.6	0.4877714	0.47839629	
250.8	0.48742409	0.47816736	
251	0.4872305	0.47793855	
251.2	0.48715559	0.47770984	
251.4	0.48718914	0.47748125	
251.6	0.48678639	0.47725276	
251.8	0.48618707	0.47702438	
252	0.48592601	0.47679611	
252.2	0.48533838	0.47656796	
252.4	0.48473943	0.47633991	
252.6	0.48412451	0.47611196	
252.8	0.48364112	0.47588413	
253	0.4829048	0.47565641	
253.2	0.482519	0.4754288	
253.4	0.48227578	0.47520129	
253.6	0.48196581	0.4749739	
253.8	0.48141677	0.47474661	
254	0.48090579	0.47451943	
254.2	0.48086059	0.47429236	
254.4	0.48051956	0.4740654	
254.6	0.48045777	0.47383855	
254.8	0.48015908	0.4736118	
255	0.48021382	0.47338517	
255.2	0.47974986	0.47315864	
255.4	0.47938914	0.47293222	
255.6	0.47854636	0.47270591	
255.8	0.47859604	0.47247971	
256	0.47845403	0.47225362	
256.2	0.47832486	0.47202763	
256.4	0.47814982	0.47180176	
256.6	0.47806496	0.47157599	
256.8	0.47784857	0.47135033	
257	0.47743275	0.47112477	
257.2	0.4774175	0.47089933	
257.4	0.47772147	0.47067399	
257.6	0.47741799	0.47044876	
257.8	0.47721343	0.47022364	
258	0.47694714	0.46999862	
258.2	0.47676105	0.46977372	
258.4	0.47630429	0.46954892	
258.6	0.47643094	0.46932423	
258.8	0.47553565	0.46909964	
259	0.47516463	0.46887517	
259.2	0.47453628	0.4686508	
259.4	0.47401268	0.46842654	
259.6	0.47364772	0.46820238	
259.8	0.4735473	0.46797834	
260	0.47303365	0.4677544	
260.2	0.4725966	0.46753057	
260.4	0.4722297	0.46730684	
260.6	0.47144142	0.46708322	
260.8	0.47101686	0.46685971	
261	0.47097512	0.46663631	
261.2	0.47098918	0.46641301	
261.4	0.4711066	0.46618982	
261.6	0.47084571	0.46596674	
261.8	0.4707276	0.46574376	
262	0.47022565	0.46552089	
262.2	0.46986301	0.46529812	
262.4	0.46985089	0.46507547	
262.6	0.47003728	0.46485292	
262.8	0.46951969	0.46463047	
263	0.4695165	0.46440814	
263.2	0.46907122	0.46418591	
263.4	0.46878018	0.46396378	
263.6	0.46894109	0.46374176	
263.8	0.46854297	0.46351985	
264	0.46857986	0.46329804	
264.2	0.46817778	0.46307634	
264.4	0.4678588	0.46285475	
264.6	0.46769442	0.46263326	
264.8	0.46769284	0.46241188	
265	0.46753862	0.4621906	
265.2	0.46725828	0.46196943	
265.4	0.46680804	0.46174837	
265.6	0.46615935	0.46152741	
265.8	0.46589182	0.46130656	
266	0.46558899	0.46108581	
266.2	0.46559719	0.46086517	
266.4	0.4651198	0.46064464	
266.6	0.46512724	0.46042421	
266.8	0.46443859	0.46020388	
267	0.46410247	0.45998366	
267.2	0.46408926	0.45976355	
267.4	0.46403811	0.45954354	
267.6	0.46394993	0.45932364	
267.8	0.46357706	0.45910384	
268	0.46348037	0.45888414	
268.2	0.46288429	0.45866456	
268.4	0.46252969	0.45844507	
268.6	0.46235652	0.4582257	
268.8	0.46164694	0.45800642	
269	0.4609957	0.45778726	
269.2	0.46046573	0.45756819	
269.4	0.46012178	0.45734924	
269.6	0.45978248	0.45713038	
269.8	0.45991026	0.45691163	
270	0.45988729	0.45669299	
270.2	0.45967373	0.45647445	
270.4	0.45934381	0.45625602	
270.6	0.45957461	0.45603769	
270.8	0.45918619	0.45581946	
271	0.4593521	0.45560134	
271.2	0.45938977	0.45538332	
271.4	0.45890265	0.45516541	
271.6	0.45873015	0.4549476	
271.8	0.45844829	0.4547299	
272	0.45829769	0.4545123	
272.2	0.4578538	0.4542948	
272.4	0.45740903	0.45407741	
272.6	0.45705188	0.45386012	
272.8	0.456414	0.45364294	
273	0.45576066	0.45342586	
273.2	0.4551715	0.45320888	
273.4	0.45498905	0.45299201	
273.6	0.45449945	0.45277524	
273.8	0.45466169	0.45255858	
274	0.45436623	0.45234202	
274.2	0.45437571	0.45212556	
274.4	0.45414294	0.45190921	
274.6	0.45400684	0.45169296	
274.8	0.45428204	0.45147681	
275	0.45465837	0.45126077	
275.2	0.45461098	0.45104483	
275.4	0.45427285	0.45082899	
275.6	0.45447581	0.45061326	
275.8	0.45431996	0.45039763	
276	0.45427012	0.4501821	
276.2	0.45397047	0.44996668	
276.4	0.45353299	0.44975136	
276.6	0.45323402	0.44953614	
276.8	0.45246697	0.44932103	
277	0.45165812	0.44910601	
277.2	0.45105468	0.44889111	
277.4	0.45081501	0.4486763	
277.6	0.45043579	0.4484616	
277.8	0.45035147	0.448247	
278	0.4500385	0.4480325	
278.2	0.44999957	0.4478181	
278.4	0.44967393	0.44760381	
278.6	0.44935267	0.44738962	
278.8	0.4491795	0.44717553	
279	0.44908158	0.44696155	
279.2	0.44860458	0.44674767	
279.4	0.44844052	0.44653389	
279.6	0.44872187	0.44632021	
279.8	0.44864398	0.44610663	
280	0.44844344	0.44589316	
280.2	0.4482287	0.44567979	
280.4	0.44772545	0.44546652	
280.6	0.44765036	0.44525335	
280.8	0.44741251	0.44504029	
281	0.44724356	0.44482733	
281.2	0.44711106	0.44461446	
281.4	0.44713008	0.4444017	
281.6	0.44683929	0.44418905	
281.8	0.44668666	0.44397649	
282	0.44669683	0.44376404	
282.2	0.44661588	0.44355169	
282.4	0.44588032	0.44333943	
282.6	0.44526657	0.44312729	
282.8	0.44467915	0.44291524	
283	0.44446184	0.44270329	
283.2	0.44408781	0.44249145	
283.4	0.44370955	0.4422797	
283.6	0.44344516	0.44206806	
283.8	0.4434389	0.44185652	
284	0.44293535	0.44164508	
284.2	0.44282103	0.44143374	
284.4	0.44263562	0.4412225	
284.6	0.44247188	0.44101137	
284.8	0.44226695	0.44080033	
285	0.44173795	0.4405894	
285.2	0.44143839	0.44037857	
285.4	0.44136422	0.44016783	
285.6	0.44143559	0.4399572	
285.8	0.44173012	0.43974667	
286	0.44207552	0.43953624	
286.2	0.44184045	0.43932591	
286.4	0.4411851	0.43911568	
286.6	0.44084102	0.43890556	
286.8	0.44028309	0.43869553	
287	0.44009582	0.4384856	
287.2	0.43979011	0.43827577	
287.4	0.43962032	0.43806605	
287.6	0.43956144	0.43785642	
287.8	0.43979078	0.4376469	
288	0.43963068	0.43743747	
288.2	0.4391584	0.43722815	
288.4	0.43862325	0.43701892	
288.6	0.43838794	0.4368098	
288.8	0.43813953	0.43660077	
289	0.43772742	0.43639185	
289.2	0.43773788	0.43618302	
289.4	0.43794607	0.4359743	
289.6	0.438131	0.43576567	
289.8	0.43823263	0.43555715	
290	0.43810195	0.43534872	
290.2	0.43777079	0.4351404	
290.4	0.43743645	0.43493217	
290.6	0.43687739	0.43472405	
290.8	0.43639354	0.43451602	
291	0.43639551	0.43430809	
291.2	0.43623713	0.43410027	
291.4	0.43552212	0.43389254	
291.6	0.43497747	0.43368491	
291.8	0.43458945	0.43347738	
292	0.4341782	0.43326995	
292.2	0.43348642	0.43306262	
292.4	0.43372627	0.43285539	
292.6	0.43350054	0.43264826	
292.8	0.43320345	0.43244122	
293	0.43309477	0.43223429	
293.2	0.43301715	0.43202745	
293.4	0.43301711	0.43182072	
293.6	0.43291116	0.43161408	
293.8	0.43289818	0.43140754	
294	0.43263355	0.4312011	
294.2	0.4326037	0.43099476	
294.4	0.43249895	0.43078852	
294.6	0.43171116	0.43058238	
294.8	0.43173192	0.43037633	
295	0.4317009	0.43017039	
295.2	0.43137159	0.42996454	
295.4	0.43094012	0.42975879	
295.6	0.43089463	0.42955314	
295.8	0.43065975	0.42934759	
296	0.43080594	0.42914213	
296.2	0.43068465	0.42893678	
296.4	0.43058706	0.42873152	
296.6	0.42985952	0.42852636	
296.8	0.42986206	0.4283213	
297	0.4294671	0.42811634	
297.2	0.42924056	0.42791147	
297.4	0.42881338	0.42770671	
297.6	0.42819583	0.42750204	
297.8	0.42821704	0.42729747	
298	0.42805822	0.427093	
298.2	0.42799668	0.42688862	
298.4	0.42774283	0.42668434	
298.6	0.42731146	0.42648016	
298.8	0.42762147	0.42627608	
299	0.42760277	0.4260721	
299.2	0.42780631	0.42586821	
299.4	0.4278294	0.42566442	
299.6	0.42771434	0.42546073	
299.8	0.42767751	0.42525714	
