Conc1	2.5E-08	
Start1	180	
Stop1	299.8	
Kobs	0.160254346373664	
Error Kobs	0.00476235904646268	
Koff	0	
Error Koff	0	
Time1	Data1	Fit1	
180	0.00269497	0	
180.2	0.00233098	0.00015936	
180.4	0.00177145	0.00031363	
180.6	0.00125529	0.00046298	
180.8	0.00069293	0.00060757	
181	0.00034414	0.00074755	
181.2	0.00038043	0.00088305	
181.4	-0.00004061	0.00101424	
181.6	-0.00011471	0.00114124	
181.8	0.0001018	0.00126419	
182	0.00015735	0.00138321	
182.2	0.00032188	0.00149844	
182.4	0.00065915	0.00160999	
182.6	0.00068631	0.00171798	
182.8	0.00197824	0.00182253	
183	0.00232344	0.00192374	
183.2	0.00320792	0.00202173	
183.4	0.00354254	0.00211658	
183.6	0.0033281	0.00220841	
183.8	0.00403978	0.00229731	
184	0.0039116	0.00238338	
184.2	0.00420542	0.0024667	
184.4	0.00439828	0.00254736	
184.6	0.00397269	0.00262544	
184.8	0.00444676	0.00270104	
185	0.00447403	0.00277422	
185.2	0.00444017	0.00284507	
185.4	0.00418035	0.00291366	
185.6	0.00433245	0.00298006	
185.8	0.00438789	0.00304434	
186	0.00432449	0.00310657	
186.2	0.00420643	0.00316682	
186.4	0.00408434	0.00322514	
186.6	0.00374031	0.00328161	
186.8	0.00440137	0.00333627	
187	0.00367307	0.00338919	
187.2	0.00429769	0.00344041	
187.4	0.00512021	0.00349001	
187.6	0.00499478	0.00353802	
187.8	0.005518	0.0035845	
188	0.00510731	0.0036295	
188.2	0.00542299	0.00367306	
188.4	0.0052333	0.00371523	
188.6	0.00545463	0.00375606	
188.8	0.00604544	0.00379559	
189	0.00549923	0.00383385	
189.2	0.00483135	0.00387089	
189.4	0.00449478	0.00390675	
189.6	0.0039523	0.00394147	
189.8	0.00359919	0.00397508	
190	0.00332315	0.00400761	
190.2	0.00311351	0.00403911	
190.4	0.00271677	0.00406961	
190.6	0.00205372	0.00409913	
190.8	0.00229776	0.00412771	
191	0.00212706	0.00415537	
191.2	0.00332673	0.00418216	
191.4	0.0039391	0.00420809	
191.6	0.00434965	0.00423319	
191.8	0.00485605	0.00425749	
192	0.00507253	0.00428102	
192.2	0.00555669	0.0043038	
192.4	0.00552796	0.00432585	
192.6	0.00630137	0.00434719	
192.8	0.00565618	0.00436786	
193	0.00537779	0.00438786	
193.2	0.00545375	0.00440723	
193.4	0.00519101	0.00442598	
193.6	0.00464994	0.00444413	
193.8	0.00497271	0.0044617	
194	0.00438516	0.00447871	
194.2	0.00462986	0.00449518	
194.4	0.0042178	0.00451112	
194.6	0.00380747	0.00452656	
194.8	0.00428075	0.0045415	
195	0.00475278	0.00455597	
195.2	0.00524233	0.00456997	
195.4	0.00552819	0.00458353	
195.6	0.00616622	0.00459665	
195.8	0.00641681	0.00460936	
196	0.00633084	0.00462166	
196.2	0.00666012	0.00463357	
196.4	0.00688114	0.0046451	
196.6	0.00729128	0.00465626	
196.8	0.00718423	0.00466706	
197	0.00729819	0.00467752	
197.2	0.00744606	0.00468765	
197.4	0.00686713	0.00469745	
197.6	0.00615052	0.00470694	
197.8	0.00625184	0.00471613	
198	0.00534644	0.00472502	
198.2	0.00507816	0.00473363	
198.4	0.00461968	0.00474197	
198.6	0.00394667	0.00475004	
198.8	0.00440005	0.00475785	
199	0.00436434	0.00476541	
199.2	0.00415209	0.00477273	
199.4	0.00457722	0.00477982	
199.6	0.00478731	0.00478668	
199.8	0.00509457	0.00479333	
200	0.0052658	0.00479976	
200.2	0.00535498	0.00480599	
200.4	0.00566884	0.00481201	
200.6	0.00586013	0.00481785	
200.8	0.005866	0.0048235	
201	0.00654382	0.00482897	
201.2	0.00668315	0.00483426	
201.4	0.00664884	0.00483938	
201.6	0.00628506	0.00484435	
201.8	0.00596355	0.00484915	
202	0.00599472	0.0048538	
202.2	0.00617523	0.0048583	
202.4	0.00661328	0.00486266	
202.6	0.00670711	0.00486688	
202.8	0.00771226	0.00487096	
203	0.00739644	0.00487492	
203.2	0.00745457	0.00487875	
203.4	0.00686861	0.00488245	
203.6	0.00704816	0.00488604	
203.8	0.00631853	0.00488951	
204	0.00597503	0.00489288	
204.2	0.00560774	0.00489613	
204.4	0.00532917	0.00489928	
204.6	0.00522129	0.00490233	
204.8	0.00535069	0.00490529	
205	0.00552279	0.00490815	
205.2	0.00487354	0.00491091	
205.4	0.0050668	0.00491359	
205.6	0.00480187	0.00491619	
205.8	0.00494063	0.0049187	
206	0.00577108	0.00492113	
206.2	0.00609685	0.00492348	
206.4	0.00568762	0.00492576	
206.6	0.00569172	0.00492797	
206.8	0.0060193	0.00493011	
207	0.00515273	0.00493217	
207.2	0.00504051	0.00493417	
207.4	0.00478814	0.00493611	
207.6	0.00485901	0.00493799	
207.8	0.00433134	0.0049398	
208	0.0045264	0.00494156	
208.2	0.00462905	0.00494326	
208.4	0.00437725	0.00494491	
208.6	0.0052541	0.00494651	
208.8	0.00606273	0.00494805	
209	0.00622946	0.00494955	
209.2	0.00669662	0.00495099	
209.4	0.0074752	0.00495239	
209.6	0.00742465	0.00495375	
209.8	0.00772702	0.00495506	
210	0.00779917	0.00495633	
210.2	0.00750552	0.00495756	
210.4	0.0071708	0.00495876	
210.6	0.00671793	0.00495991	
210.8	0.00686073	0.00496103	
211	0.00644617	0.00496211	
211.2	0.00604531	0.00496315	
211.4	0.00545653	0.00496417	
211.6	0.00517055	0.00496515	
211.8	0.00498801	0.0049661	
212	0.00482797	0.00496702	
212.2	0.00464767	0.00496791	
212.4	0.00446191	0.00496877	
212.6	0.00506465	0.0049696	
212.8	0.00477268	0.00497041	
213	0.00466886	0.00497119	
213.2	0.00505797	0.00497195	
213.4	0.00532057	0.00497268	
213.6	0.00484614	0.00497339	
213.8	0.00492963	0.00497408	
214	0.00507982	0.00497474	
214.2	0.00509665	0.00497538	
214.4	0.00522941	0.00497601	
214.6	0.00477848	0.00497661	
214.8	0.00570367	0.00497719	
215	0.00550082	0.00497776	
215.2	0.00449093	0.00497831	
215.4	0.00402481	0.00497883	
215.6	0.00419635	0.00497935	
215.8	0.00411275	0.00497984	
216	0.00385278	0.00498032	
216.2	0.0036121	0.00498079	
216.4	0.00329278	0.00498124	
216.6	0.00369239	0.00498168	
216.8	0.00316651	0.0049821	
217	0.00360118	0.00498251	
217.2	0.00356631	0.0049829	
217.4	0.00349829	0.00498329	
217.6	0.00343959	0.00498366	
217.8	0.00354782	0.00498402	
218	0.00394617	0.00498436	
218.2	0.00466157	0.0049847	
218.4	0.00488749	0.00498502	
218.6	0.00492488	0.00498534	
218.8	0.00574049	0.00498565	
219	0.00527936	0.00498594	
219.2	0.00525804	0.00498623	
219.4	0.0055671	0.0049865	
219.6	0.00603173	0.00498677	
219.8	0.0060747	0.00498703	
220	0.00606546	0.00498728	
220.2	0.00639808	0.00498753	
220.4	0.0060183	0.00498776	
220.6	0.0060514	0.00498799	
220.8	0.00551022	0.00498821	
221	0.00529788	0.00498842	
221.2	0.00475985	0.00498863	
221.4	0.00488531	0.00498883	
221.6	0.0045236	0.00498902	
221.8	0.00430506	0.00498921	
222	0.00434803	0.00498939	
222.2	0.00418155	0.00498957	
222.4	0.00395594	0.00498974	
222.6	0.00386485	0.00498991	
222.8	0.00398445	0.00499006	
223	0.00392546	0.00499022	
223.2	0.0045603	0.00499037	
223.4	0.00464869	0.00499051	
223.6	0.00496425	0.00499065	
223.8	0.00515578	0.00499079	
224	0.0054358	0.00499092	
224.2	0.00514713	0.00499105	
224.4	0.00516345	0.00499117	
224.6	0.00489198	0.00499129	
224.8	0.00522479	0.00499141	
225	0.00563259	0.00499152	
225.2	0.00559436	0.00499163	
225.4	0.00626417	0.00499173	
225.6	0.00617982	0.00499183	
225.8	0.00632913	0.00499193	
226	0.0061743	0.00499202	
226.2	0.00609281	0.00499212	
226.4	0.00591166	0.00499221	
226.6	0.00566967	0.00499229	
226.8	0.00517545	0.00499238	
227	0.00502912	0.00499246	
227.2	0.00488557	0.00499253	
227.4	0.00435718	0.00499261	
227.6	0.00420492	0.00499268	
227.8	0.00349387	0.00499275	
228	0.00350886	0.00499282	
228.2	0.00353241	0.00499289	
228.4	0.00353718	0.00499295	
228.6	0.00373481	0.00499302	
228.8	0.00401039	0.00499308	
229	0.00420041	0.00499313	
229.2	0.0041005	0.00499319	
229.4	0.00412075	0.00499325	
229.6	0.00399144	0.0049933	
229.8	0.00420327	0.00499335	
230	0.00446665	0.0049934	
230.2	0.00449431	0.00499345	
230.4	0.00419525	0.00499349	
230.6	0.00417015	0.00499354	
230.8	0.00420053	0.00499358	
231	0.00419061	0.00499363	
231.2	0.00430883	0.00499367	
231.4	0.00428027	0.00499371	
231.6	0.00476058	0.00499374	
231.8	0.00502409	0.00499378	
232	0.00554169	0.00499382	
232.2	0.00535224	0.00499385	
232.4	0.00492542	0.00499389	
232.6	0.00485456	0.00499392	
232.8	0.00450341	0.00499395	
233	0.00460283	0.00499398	
233.2	0.0044755	0.00499401	
233.4	0.0042705	0.00499404	
233.6	0.00427663	0.00499407	
233.8	0.00493114	0.00499409	
234	0.00498629	0.00499412	
234.2	0.00522524	0.00499414	
234.4	0.00540242	0.00499417	
234.6	0.00584488	0.00499419	
234.8	0.00613648	0.00499422	
235	0.00543786	0.00499424	
235.2	0.00541989	0.00499426	
235.4	0.00562366	0.00499428	
235.6	0.00580201	0.0049943	
235.8	0.00581815	0.00499432	
236	0.00506968	0.00499434	
236.2	0.0050292	0.00499436	
236.4	0.00494036	0.00499437	
236.6	0.00498964	0.00499439	
236.8	0.00508038	0.00499441	
237	0.00516353	0.00499442	
237.2	0.005506	0.00499444	
237.4	0.00544597	0.00499445	
237.6	0.00551515	0.00499447	
237.8	0.00581712	0.00499448	
238	0.00549764	0.0049945	
238.2	0.00568782	0.00499451	
238.4	0.00533899	0.00499452	
238.6	0.00500938	0.00499453	
238.8	0.00443271	0.00499455	
239	0.00374109	0.00499456	
239.2	0.00378646	0.00499457	
239.4	0.0036922	0.00499458	
239.6	0.00333184	0.00499459	
239.8	0.00314285	0.0049946	
240	0.00314285	0.00499461	
240.2	0.00332968	0.00483707	
240.4	0.00294515	0.00468449	
240.6	0.00280134	0.00453673	
240.8	0.00256588	0.00439363	
241	0.00217194	0.00425504	
241.2	0.00204813	0.00412083	
241.4	0.00209544	0.00399085	
241.6	0.00179911	0.00386496	
241.8	0.00170648	0.00374305	
242	0.00186522	0.00362499	
242.2	0.00199991	0.00351064	
242.4	0.00166226	0.00339991	
242.6	0.00121436	0.00329267	
242.8	0.00165434	0.00318881	
243	0.00119883	0.00308822	
243.2	0.00126454	0.00299081	
243.4	0.00054736	0.00289647	
243.6	0.00049044	0.00280511	
243.8	-0.00001928	0.00271663	
244	-0.00042125	0.00263094	
244.2	-0.00066848	0.00254795	
244.4	-0.00132516	0.00246759	
244.6	-0.00123422	0.00238975	
244.8	-0.00159187	0.00231437	
245	-0.00180201	0.00224137	
245.2	-0.00166398	0.00217067	
245.4	-0.00150203	0.0021022	
245.6	-0.00176253	0.00203589	
245.8	-0.0020388	0.00197168	
246	-0.00208588	0.00190948	
246.2	-0.00222433	0.00184925	
246.4	-0.00222164	0.00179092	
246.6	-0.00172676	0.00173443	
246.8	-0.00145551	0.00167972	
247	-0.00128206	0.00162674	
247.2	-0.00101317	0.00157543	
247.4	-0.00083799	0.00152574	
247.6	-0.00078492	0.00147761	
247.8	-0.00164677	0.001431	
248	-0.00071247	0.00138586	
248.2	-0.00058595	0.00134215	
248.4	-0.00011747	0.00129982	
248.6	-0.00008874	0.00125882	
248.8	-0.0000578	0.00121911	
249	0.00008057	0.00118066	
249.2	-0.0003641	0.00114341	
249.4	-0.00082381	0.00110735	
249.6	-0.00117409	0.00107242	
249.8	-0.00141486	0.00103859	
250	-0.00168402	0.00100583	
250.2	-0.00205404	0.00097411	
250.4	-0.00239322	0.00094338	
250.6	-0.00225085	0.00091362	
250.8	-0.00232906	0.00088481	
251	-0.00206801	0.0008569	
251.2	-0.00273864	0.00082987	
251.4	-0.00289627	0.00080369	
251.6	-0.0035	0.00077834	
251.8	-0.00401737	0.00075379	
252	-0.00339725	0.00073001	
252.2	-0.00310294	0.00070699	
252.4	-0.00324819	0.00068469	
252.6	-0.00343358	0.00066309	
252.8	-0.00316184	0.00064217	
253	-0.00290748	0.00062192	
253.2	-0.00328855	0.0006023	
253.4	-0.00274361	0.0005833	
253.6	-0.00213519	0.0005649	
253.8	-0.00187086	0.00054709	
254	-0.00226129	0.00052983	
254.2	-0.00215995	0.00051312	
254.4	-0.00216998	0.00049693	
254.6	-0.00193625	0.00048126	
254.8	-0.00249543	0.00046608	
255	-0.00256734	0.00045138	
255.2	-0.00334922	0.00043714	
255.4	-0.00379565	0.00042335	
255.6	-0.00403784	0.00041	
255.8	-0.00422487	0.00039706	
256	-0.00361346	0.00038454	
256.2	-0.00347277	0.00037241	
256.4	-0.00381518	0.00036066	
256.6	-0.00338359	0.00034929	
256.8	-0.0035737	0.00033827	
257	-0.00334334	0.0003276	
257.2	-0.00343635	0.00031727	
257.4	-0.00291694	0.00030726	
257.6	-0.00285072	0.00029757	
257.8	-0.00285462	0.00028818	
258	-0.00315617	0.00027909	
258.2	-0.0030336	0.00027029	
258.4	-0.00340604	0.00026176	
258.6	-0.00391327	0.00025351	
258.8	-0.00378361	0.00024551	
259	-0.00377608	0.00023776	
259.2	-0.00376224	0.00023027	
259.4	-0.00330001	0.000223	
259.6	-0.00254211	0.00021597	
259.8	-0.00217157	0.00020916	
260	-0.00210529	0.00020256	
260.2	-0.00223685	0.00019617	
260.4	-0.00252041	0.00018998	
260.6	-0.00287496	0.00018399	
260.8	-0.00295653	0.00017819	
261	-0.00298246	0.00017256	
261.2	-0.00277942	0.00016712	
261.4	-0.00314442	0.00016185	
261.6	-0.003673	0.00015675	
261.8	-0.00424825	0.0001518	
262	-0.00443067	0.00014701	
262.2	-0.00428588	0.00014238	
262.4	-0.00498419	0.00013788	
262.6	-0.00522482	0.00013354	
262.8	-0.00441663	0.00012932	
263	-0.00441832	0.00012524	
263.2	-0.00336552	0.00012129	
263.4	-0.0028325	0.00011747	
263.6	-0.00289543	0.00011376	
263.8	-0.00253263	0.00011017	
264	-0.00307702	0.0001067	
264.2	-0.00245152	0.00010333	
264.4	-0.00281806	0.00010007	
264.6	-0.00242888	0.00009692	
264.8	-0.00187113	0.00009386	
265	-0.00265438	0.0000909	
265.2	-0.00199383	0.00008803	
265.4	-0.00198976	0.00008526	
265.6	-0.00223218	0.00008257	
265.8	-0.002314	0.00007996	
266	-0.00242461	0.00007744	
266.2	-0.00260314	0.000075	
266.4	-0.00325578	0.00007263	
266.6	-0.0032012	0.00007034	
266.8	-0.00323105	0.00006812	
267	-0.00363031	0.00006597	
267.2	-0.00309972	0.00006389	
267.4	-0.00334634	0.00006188	
267.6	-0.00298296	0.00005993	
267.8	-0.00283475	0.00005803	
268	-0.00337721	0.0000562	
268.2	-0.00286373	0.00005443	
268.4	-0.00340623	0.00005271	
268.6	-0.00297209	0.00005105	
268.8	-0.00299369	0.00004944	
269	-0.0032464	0.00004788	
269.2	-0.00227376	0.00004637	
269.4	-0.00287589	0.00004491	
269.6	-0.00357124	0.00004349	
269.8	-0.00377905	0.00004212	
270	-0.00373613	0.00004079	
270.2	-0.00375819	0.00003951	
270.4	-0.00400444	0.00003826	
270.6	-0.00401161	0.00003705	
270.8	-0.00382628	0.00003588	
271	-0.00380843	0.00003475	
271.2	-0.00320417	0.00003366	
271.4	-0.00311014	0.00003259	
271.6	-0.00280877	0.00003157	
271.8	-0.00338533	0.00003057	
272	-0.00372623	0.00002961	
272.2	-0.00338296	0.00002867	
272.4	-0.00335343	0.00002777	
272.6	-0.00349261	0.00002689	
272.8	-0.00422315	0.00002604	
273	-0.00387682	0.00002522	
273.2	-0.00393186	0.00002443	
273.4	-0.00476175	0.00002366	
273.6	-0.00504461	0.00002291	
273.8	-0.00527414	0.00002219	
274	-0.00517491	0.00002149	
274.2	-0.00539082	0.00002081	
274.4	-0.00513062	0.00002015	
274.6	-0.00507721	0.00001952	
274.8	-0.00534117	0.0000189	
275	-0.00528237	0.00001831	
275.2	-0.004997	0.00001773	
275.4	-0.00472792	0.00001717	
275.6	-0.00458689	0.00001663	
275.8	-0.0045995	0.0000161	
276	-0.00385307	0.0000156	
276.2	-0.00318891	0.0000151	
276.4	-0.00311889	0.00001463	
276.6	-0.00322903	0.00001417	
276.8	-0.00251274	0.00001372	
277	-0.0017868	0.00001329	
277.2	-0.00216718	0.00001287	
277.4	-0.00231581	0.00001246	
277.6	-0.00271705	0.00001207	
277.8	-0.00275766	0.00001169	
278	-0.00263728	0.00001132	
278.2	-0.00261134	0.00001096	
278.4	-0.0027882	0.00001062	
278.6	-0.0030289	0.00001028	
278.8	-0.0034766	0.00000996	
279	-0.00321061	0.00000964	
279.2	-0.00302569	0.00000934	
279.4	-0.00307756	0.00000904	
279.6	-0.00346521	0.00000876	
279.8	-0.00326651	0.00000848	
280	-0.00272943	0.00000821	
280.2	-0.00289631	0.00000796	
280.4	-0.00279614	0.0000077	
280.6	-0.0027583	0.00000746	
280.8	-0.00234342	0.00000723	
281	-0.00310676	0.000007	
281.2	-0.00329979	0.00000678	
281.4	-0.00325643	0.00000656	
281.6	-0.00376954	0.00000636	
281.8	-0.00388126	0.00000616	
282	-0.00430646	0.00000596	
282.2	-0.00491293	0.00000577	
282.4	-0.00521728	0.00000559	
282.6	-0.0051326	0.00000542	
282.8	-0.00530625	0.00000524	
283	-0.00488376	0.00000508	
283.2	-0.0047047	0.00000492	
283.4	-0.00475724	0.00000476	
283.6	-0.00438928	0.00000461	
283.8	-0.00372271	0.00000447	
284	-0.00349291	0.00000433	
284.2	-0.00306206	0.00000419	
284.4	-0.00257498	0.00000406	
284.6	-0.00263689	0.00000393	
284.8	-0.00237723	0.00000381	
285	-0.00236954	0.00000369	
285.2	-0.00211451	0.00000357	
285.4	-0.00196048	0.00000346	
285.6	-0.0023392	0.00000335	
285.8	-0.00268293	0.00000324	
286	-0.00320983	0.00000314	
286.2	-0.00350251	0.00000304	
286.4	-0.00315558	0.00000295	
286.6	-0.00373375	0.00000285	
286.8	-0.00339777	0.00000276	
287	-0.0034418	0.00000268	
287.2	-0.00404767	0.00000259	
287.4	-0.00408658	0.00000251	
287.6	-0.00422835	0.00000243	
287.8	-0.00428824	0.00000235	
288	-0.00461871	0.00000228	
288.2	-0.00428844	0.00000221	
288.4	-0.00418357	0.00000214	
288.6	-0.00438261	0.00000207	
288.8	-0.00398683	0.00000201	
289	-0.00403677	0.00000194	
289.2	-0.00408454	0.00000188	
289.4	-0.00403567	0.00000182	
289.6	-0.00400244	0.00000176	
289.8	-0.00410947	0.00000171	
290	-0.00441937	0.00000165	
290.2	-0.00405979	0.0000016	
290.4	-0.003771	0.00000155	
290.6	-0.00459385	0.0000015	
290.8	-0.00405201	0.00000146	
291	-0.00442611	0.00000141	
291.2	-0.00453097	0.00000136	
291.4	-0.0044363	0.00000132	
291.6	-0.00402127	0.00000128	
291.8	-0.00392474	0.00000124	
292	-0.00402696	0.0000012	
292.2	-0.00367138	0.00000116	
292.4	-0.00368258	0.00000113	
292.6	-0.00365574	0.00000109	
292.8	-0.00331768	0.00000106	
293	-0.00291911	0.00000102	
293.2	-0.00290114	0.00000099	
293.4	-0.00271526	0.00000096	
293.6	-0.00231718	0.00000093	
293.8	-0.0023933	0.0000009	
294	-0.00233813	0.00000087	
294.2	-0.0020556	0.00000084	
294.4	-0.00232224	0.00000082	
294.6	-0.00279065	0.00000079	
294.8	-0.00246369	0.00000077	
295	-0.00315883	0.00000074	
295.2	-0.0030648	0.00000072	
295.4	-0.00336637	0.0000007	
295.6	-0.00310677	0.00000067	
295.8	-0.00366777	0.00000065	
296	-0.00375603	0.00000063	
296.2	-0.00382692	0.00000061	
296.4	-0.00349984	0.00000059	
296.6	-0.00313882	0.00000057	
296.8	-0.00260477	0.00000056	
297	-0.00265536	0.00000054	
297.2	-0.00305789	0.00000052	
297.4	-0.00275237	0.00000051	
297.6	-0.00239951	0.00000049	
297.8	-0.00248921	0.00000047	
298	-0.00269724	0.00000046	
298.2	-0.00289986	0.00000044	
298.4	-0.00302586	0.00000043	
298.6	-0.00310459	0.00000042	
298.8	-0.00323674	0.0000004	
299	-0.00368295	0.00000039	
299.2	-0.00327241	0.00000038	
299.4	-0.00343487	0.00000037	
299.6	-0.00331553	0.00000036	
299.8	-0.00339403	0.00000034	
