Conc1	2.5E-07	
Start1	420	
Stop1	779.81	
Kobs	0.0161533364471026	
Error Kobs	0.000108886941950246	
Koff	0	
Error Koff	0	
Time1	Data1	Fit1	
420	-0.00126839	0	
420.2	0.00201547	0.00560896	
420.4	0.00591823	0.0111533	
420.6	0.01053137	0.01663376	
420.8	0.01571139	0.02205109	
421	0.02157259	0.027406	
421.2	0.02765398	0.03269922	
421.4	0.03419091	0.03793145	
421.6	0.04101059	0.04310341	
421.8	0.04771651	0.04821578	
422	0.05447938	0.05326925	
422.2	0.06076234	0.0582645	
422.4	0.06672992	0.0632022	
422.6	0.07287771	0.06808302	
422.8	0.07849599	0.0729076	
423	0.08390799	0.07767661	
423.2	0.08967736	0.08239066	
423.4	0.09523759	0.08705041	
423.6	0.10042994	0.09165648	
423.8	0.10615577	0.09620947	
424	0.11116971	0.10071002	
424.2	0.11610004	0.10515871	
424.4	0.12097926	0.10955615	
424.6	0.12611725	0.11390293	
424.8	0.13130601	0.11819963	
425	0.13631011	0.12244683	
425.2	0.14110682	0.12664509	
425.4	0.14603154	0.13079499	
425.6	0.15095626	0.13489708	
425.8	0.15564354	0.13895191	
426	0.1603497	0.14296002	
426.2	0.16499048	0.14692196	
426.4	0.16943282	0.15083825	
426.6	0.17360636	0.15470943	
426.8	0.17767834	0.158536	
427	0.18194669	0.16231849	
427.2	0.18569521	0.1660574	
427.4	0.18939288	0.16975324	
427.6	0.19276631	0.17340649	
427.8	0.19639069	0.17701766	
428	0.19949861	0.18058722	
428.2	0.20283041	0.18411566	
428.4	0.20679749	0.18760345	
428.6	0.21032443	0.19105106	
428.8	0.21376754	0.19445895	
429	0.21718368	0.19782757	
429.2	0.22015163	0.20115739	
429.4	0.22350223	0.20444884	
429.6	0.22695343	0.20770238	
429.8	0.23002273	0.21091843	
430	0.233097	0.21409742	
430.2	0.23632904	0.2172398	
430.4	0.23908356	0.22034597	
430.6	0.24202382	0.22341635	
430.8	0.24497171	0.22645136	
431	0.24780465	0.22945141	
431.2	0.25040395	0.23241689	
431.4	0.253242	0.23534821	
431.6	0.25604956	0.23824575	
431.8	0.25837137	0.24110992	
432	0.26110335	0.24394109	
432.2	0.26398133	0.24673963	
432.4	0.26745076	0.24950594	
432.6	0.26994676	0.25224038	
432.8	0.27273398	0.25494331	
433	0.27548167	0.25761511	
433.2	0.27782598	0.26025612	
433.4	0.28015965	0.2628667	
433.6	0.28263717	0.26544721	
433.8	0.28478782	0.26799799	
434	0.28666715	0.27051939	
434.2	0.28852885	0.27301173	
434.4	0.29047781	0.27547536	
434.6	0.29269069	0.27791061	
434.8	0.29478304	0.2803178	
435	0.29656902	0.28269726	
435.2	0.29872347	0.2850493	
435.4	0.30056713	0.28737425	
435.6	0.30252203	0.28967241	
435.8	0.30447839	0.29194409	
436	0.30680969	0.29418961	
436.2	0.30890164	0.29640925	
436.4	0.31135076	0.29860332	
436.6	0.31350393	0.30077211	
436.8	0.31529014	0.30291592	
437	0.31682229	0.30503503	
437.2	0.31866977	0.30712972	
437.4	0.32007047	0.30920028	
437.6	0.32191446	0.31124699	
437.8	0.323446	0.31327012	
438	0.32461949	0.31526994	
438.2	0.32611075	0.31724672	
438.4	0.3278519	0.31920072	
438.6	0.32944585	0.32113222	
438.8	0.33094287	0.32304146	
439	0.33240143	0.3249287	
439.2	0.33399206	0.3267942	
439.4	0.33518191	0.32863821	
439.6	0.33650687	0.33046098	
439.8	0.33786456	0.33226274	
440	0.33899358	0.33404375	
440.2	0.34044079	0.33580424	
440.4	0.34227993	0.33754445	
440.6	0.3437013	0.33926461	
440.8	0.34485153	0.34096495	
441	0.34615769	0.3426457	
441.2	0.34779119	0.34430708	
441.4	0.34900166	0.34594933	
441.6	0.35017893	0.34757266	
441.8	0.35177873	0.34917728	
442	0.3534315	0.35076342	
442.2	0.35524742	0.35233128	
442.4	0.35661368	0.35388108	
442.6	0.35833121	0.35541303	
442.8	0.35975808	0.35692733	
443	0.36118426	0.35842418	
443.2	0.36182312	0.35990378	
443.4	0.36285765	0.36136634	
443.6	0.36381387	0.36281205	
443.8	0.36505135	0.36424111	
444	0.36663739	0.3656537	
444.2	0.36822014	0.36705001	
444.4	0.36962768	0.36843024	
444.6	0.37098327	0.36979457	
444.8	0.37227844	0.37114318	
445	0.37303407	0.37247625	
445.2	0.37386646	0.37379396	
445.4	0.37458924	0.37509649	
445.6	0.37551572	0.37638402	
445.8	0.37680935	0.37765671	
446	0.37792304	0.37891474	
446.2	0.37918793	0.38015828	
446.4	0.37994163	0.38138749	
446.6	0.38101138	0.38260254	
446.8	0.38142821	0.38380359	
447	0.38236198	0.3849908	
447.2	0.38284805	0.38616434	
447.4	0.38381329	0.38732435	
447.6	0.38495633	0.388471	
447.8	0.38617727	0.38960444	
448	0.38733292	0.39072483	
448.2	0.38801814	0.3918323	
448.4	0.3889118	0.39292702	
448.6	0.39000171	0.39400912	
448.8	0.39058909	0.39507876	
449	0.3909894	0.39613607	
449.2	0.39167659	0.3971812	
449.4	0.39243546	0.39821429	
449.6	0.3934735	0.39923548	
449.8	0.39401641	0.40024491	
450	0.39502736	0.4012427	
450.2	0.39570038	0.402229	
450.4	0.3959548	0.40320394	
450.6	0.39641393	0.40416764	
450.8	0.39723636	0.40512024	
451	0.39788408	0.40606187	
451.2	0.39849335	0.40699265	
451.4	0.39931994	0.4079127	
451.6	0.40045771	0.40882216	
451.8	0.4010668	0.40972114	
452	0.40209127	0.41060976	
452.2	0.4030477	0.41148814	
452.4	0.40412325	0.4123564	
452.6	0.40523949	0.41321466	
452.8	0.4062565	0.41406304	
453	0.40716129	0.41490164	
453.2	0.40829012	0.41573057	
453.4	0.40913816	0.41654996	
453.6	0.40983734	0.41735991	
453.8	0.41009989	0.41816052	
454	0.41084148	0.41895191	
454.2	0.41092626	0.41973419	
454.4	0.41118346	0.42050745	
454.6	0.41145353	0.4212718	
454.8	0.41166074	0.42202735	
455	0.4117566	0.42277419	
455.2	0.41253747	0.42351243	
455.4	0.41308595	0.42424216	
455.6	0.41360537	0.42496349	
455.8	0.41431112	0.42567651	
456	0.41490919	0.42638131	
456.2	0.41569547	0.42707799	
456.4	0.41662707	0.42776664	
456.6	0.41732603	0.42844736	
456.8	0.41823351	0.42912024	
457	0.41923157	0.42978537	
457.2	0.41973747	0.43044283	
457.4	0.42035411	0.43109272	
457.6	0.42053221	0.43173512	
457.8	0.42095791	0.43237012	
458	0.42191469	0.43299781	
458.2	0.42225575	0.43361826	
458.4	0.42242439	0.43423157	
458.6	0.42319341	0.43483781	
458.8	0.42355091	0.43543706	
459	0.4240455	0.43602941	
459.2	0.42461531	0.43661494	
459.4	0.42491852	0.43719372	
459.6	0.42499811	0.43776583	
459.8	0.42532488	0.43833136	
460	0.42540828	0.43889036	
460.2	0.42605618	0.43944293	
460.4	0.42674736	0.43998913	
460.6	0.42701916	0.44052904	
460.8	0.42795722	0.44106272	
461	0.42828269	0.44159026	
461.2	0.42833619	0.44211172	
461.4	0.42903534	0.44262718	
461.6	0.42909385	0.44313669	
461.8	0.42993797	0.44364034	
462	0.4309868	0.44413818	
462.2	0.43129841	0.44463029	
462.4	0.43181078	0.44511672	
462.6	0.43245418	0.44559756	
462.8	0.43284536	0.44607285	
463	0.4332618	0.44654267	
463.2	0.4337418	0.44700707	
463.4	0.43399252	0.44746613	
463.6	0.4341901	0.44791989	
463.8	0.43443624	0.44836843	
464	0.43451431	0.4488118	
464.2	0.43468277	0.44925007	
464.4	0.43547326	0.44968328	
464.6	0.43566148	0.4501115	
464.8	0.43606278	0.45053479	
465	0.43655991	0.4509532	
465.2	0.43721849	0.4513668	
465.4	0.43766909	0.45177562	
465.6	0.43777587	0.45217974	
465.8	0.43825144	0.4525792	
466	0.43906707	0.45297406	
466.2	0.43922632	0.45336437	
466.4	0.43981687	0.45375018	
466.6	0.44024631	0.45413155	
466.8	0.44072954	0.45450853	
467	0.44084391	0.45488116	
467.2	0.44089091	0.4552495	
467.4	0.44125559	0.45561359	
467.6	0.44162228	0.45597349	
467.8	0.44192722	0.45632925	
468	0.44262892	0.4566809	
468.2	0.44317806	0.45702851	
468.4	0.44387383	0.45737211	
468.6	0.44421578	0.45771175	
468.8	0.44465079	0.45804747	
469	0.44538861	0.45837933	
469.2	0.4454598	0.45870737	
469.4	0.44561553	0.45903163	
469.6	0.44573153	0.45935215	
469.8	0.44629072	0.45966898	
470	0.44661179	0.45998216	
470.2	0.44649877	0.46029173	
470.4	0.44700584	0.46059773	
470.6	0.44702352	0.46090021	
470.8	0.44661806	0.4611992	
471	0.44674847	0.46149475	
471.2	0.44693563	0.4617869	
471.4	0.44768321	0.46207568	
471.6	0.44828316	0.46236113	
471.8	0.44867395	0.46264329	
472	0.44914745	0.4629222	
472.2	0.44914693	0.4631979	
472.4	0.44903952	0.46347043	
472.6	0.44947002	0.46373981	
472.8	0.44988799	0.46400609	
473	0.4498883	0.4642693	
473.2	0.45005636	0.46452948	
473.4	0.4504395	0.46478666	
473.6	0.45078047	0.46504088	
473.8	0.45113164	0.46529217	
474	0.45119448	0.46554056	
474.2	0.45200198	0.4657861	
474.4	0.45237568	0.4660288	
474.6	0.45248618	0.46626871	
474.8	0.45265133	0.46650585	
475	0.453256	0.46674027	
475.2	0.45359596	0.46697198	
475.4	0.45414325	0.46720102	
475.6	0.45434908	0.46742742	
475.8	0.45434607	0.46765122	
476	0.45469507	0.46787243	
476.2	0.45495067	0.4680911	
476.4	0.45518768	0.46830725	
476.6	0.45579477	0.46852091	
476.8	0.45568655	0.46873211	
477	0.45515464	0.46894087	
477.2	0.45570509	0.46914723	
477.4	0.45590794	0.46935121	
477.6	0.45624562	0.46955284	
477.8	0.45647843	0.46975215	
478	0.45673193	0.46994916	
478.2	0.45689364	0.4701439	
478.4	0.45650217	0.4703364	
478.6	0.45674798	0.47052668	
478.8	0.4570823	0.47071477	
479	0.45675671	0.47090069	
479.2	0.45688521	0.47108447	
479.4	0.45717006	0.47126614	
479.6	0.45764247	0.47144571	
479.8	0.4583128	0.47162321	
480	0.4587379	0.47179866	
480.2	0.45886232	0.4719721	
480.4	0.45905806	0.47214353	
480.6	0.45923249	0.47231299	
480.8	0.45901166	0.4724805	
481	0.45934534	0.47264608	
481.2	0.4599603	0.47280975	
481.4	0.46003016	0.47297154	
481.6	0.46057819	0.47313146	
481.8	0.46116604	0.47328954	
482	0.46149415	0.4734458	
482.2	0.4613874	0.47360026	
482.4	0.46198149	0.47375294	
482.6	0.46231251	0.47390386	
482.8	0.46259513	0.47405304	
483	0.46230742	0.4742005	
483.2	0.46262383	0.47434626	
483.4	0.462877	0.47449035	
483.6	0.46326248	0.47463277	
483.8	0.46324635	0.47477355	
484	0.4629778	0.47491271	
484.2	0.46284771	0.47505027	
484.4	0.46321945	0.47518624	
484.6	0.46331848	0.47532065	
484.8	0.46330635	0.47545351	
485	0.46318664	0.47558484	
485.2	0.4629828	0.47571465	
485.4	0.46308926	0.47584297	
485.6	0.46375169	0.47596981	
485.8	0.46343095	0.47609519	
486	0.46378308	0.47621912	
486.2	0.46381534	0.47634163	
486.4	0.46456516	0.47646273	
486.6	0.46446431	0.47658243	
486.8	0.46431401	0.47670075	
487	0.46440965	0.47681771	
487.2	0.46487509	0.47693332	
487.4	0.46519251	0.4770476	
487.6	0.4649762	0.47716056	
487.8	0.46504258	0.47727222	
488	0.46531913	0.47738259	
488.2	0.46562618	0.4774917	
488.4	0.46613567	0.47759954	
488.6	0.46650525	0.47770615	
488.8	0.46666019	0.47781152	
489	0.46648373	0.47791568	
489.2	0.46674149	0.47801864	
489.4	0.46684516	0.47812042	
489.6	0.46720324	0.47822102	
489.8	0.46744599	0.47832046	
490	0.46805801	0.47841876	
490.2	0.46817103	0.47851593	
490.4	0.46820668	0.47861197	
490.6	0.46782886	0.47870691	
490.8	0.4678377	0.47880076	
491	0.4686918	0.47889352	
491.2	0.4692818	0.47898522	
491.4	0.46896184	0.47907586	
491.6	0.46892276	0.47916545	
491.8	0.46932793	0.47925401	
492	0.46958188	0.47934156	
492.2	0.46964917	0.47942809	
492.4	0.47010383	0.47951363	
492.6	0.47056873	0.47959818	
492.8	0.47033205	0.47968176	
493	0.47037427	0.47976437	
493.2	0.47034999	0.47984603	
493.4	0.47046925	0.47992676	
493.6	0.47092915	0.48000655	
493.8	0.47095099	0.48008542	
494	0.47046893	0.48016338	
494.2	0.47055672	0.48024045	
494.4	0.47049052	0.48031663	
494.6	0.47065283	0.48039193	
494.8	0.47097266	0.48046636	
495	0.47171016	0.48053994	
495.2	0.47164897	0.48061266	
495.4	0.47145501	0.48068455	
495.6	0.47185368	0.48075561	
495.8	0.47182195	0.48082586	
496	0.47128163	0.48089529	
496.2	0.47153819	0.48096392	
496.4	0.47168783	0.48103177	
496.6	0.47124424	0.48109883	
496.8	0.47118075	0.48116512	
497	0.47157021	0.48123064	
497.2	0.47130567	0.48129541	
497.4	0.47121085	0.48135944	
497.6	0.47109337	0.48142272	
497.8	0.47119218	0.48148528	
498	0.47140213	0.48154711	
498.2	0.47190965	0.48160824	
498.4	0.47243975	0.48166866	
498.6	0.47296682	0.48172838	
498.8	0.47324877	0.48178742	
499	0.47402239	0.48184577	
499.2	0.47405161	0.48190346	
499.4	0.47447914	0.48196047	
499.6	0.47465468	0.48201684	
499.8	0.47471194	0.48207255	
500	0.47464463	0.48212762	
500.2	0.47495821	0.48218206	
500.4	0.47468815	0.48223586	
500.6	0.47451151	0.48228905	
500.8	0.47500235	0.48234163	
501	0.47478032	0.4823936	
501.2	0.47444405	0.48244497	
501.4	0.474012	0.48249575	
501.6	0.47380845	0.48254595	
501.8	0.47392485	0.48259556	
502	0.47347507	0.48264461	
502.2	0.4736899	0.48269309	
502.4	0.47395154	0.48274101	
502.6	0.47418603	0.48278838	
502.8	0.47419128	0.4828352	
503	0.47478215	0.48288149	
503.2	0.47479107	0.48292724	
503.4	0.47539535	0.48297246	
503.6	0.47557818	0.48301716	
503.8	0.47580542	0.48306135	
504	0.47593678	0.48310503	
504.2	0.47599808	0.4831482	
504.4	0.4763024	0.48319088	
504.6	0.47610561	0.48323307	
504.8	0.47616501	0.48327477	
505	0.47608227	0.48331599	
505.2	0.47629294	0.48335673	
505.4	0.4758078	0.48339701	
505.6	0.47576676	0.48343682	
505.8	0.47591369	0.48347617	
506	0.47579191	0.48351507	
506.2	0.47603531	0.48355353	
506.4	0.47630593	0.48359153	
506.6	0.47661253	0.4836291	
506.8	0.47668644	0.48366624	
507	0.47706371	0.48370295	
507.2	0.47746773	0.48373924	
507.4	0.47798832	0.48377511	
507.6	0.47799005	0.48381056	
507.8	0.47788965	0.48384561	
508	0.47774938	0.48388025	
508.2	0.47762432	0.4839145	
508.4	0.47804002	0.48394835	
508.6	0.47780116	0.48398181	
508.8	0.4779126	0.48401488	
509	0.4780391	0.48404757	
509.2	0.47827845	0.48407989	
509.4	0.47804971	0.48411183	
509.6	0.47826396	0.48414341	
509.8	0.47810446	0.48417462	
510	0.47844623	0.48420548	
510.2	0.47837727	0.48423597	
510.4	0.47845008	0.48426612	
510.6	0.47839131	0.48429592	
510.8	0.47845288	0.48432537	
511	0.47879855	0.48435449	
511.2	0.4789365	0.48438327	
511.4	0.47916343	0.48441172	
511.6	0.47908266	0.48443984	
511.8	0.47914116	0.48446764	
512	0.47915373	0.48449511	
512.2	0.47941884	0.48452228	
512.4	0.47984093	0.48454912	
512.6	0.47921468	0.48457566	
512.8	0.4793404	0.48460189	
513	0.47938697	0.48462782	
513.2	0.47971625	0.48465346	
513.4	0.479927	0.48467879	
513.6	0.47969944	0.48470384	
513.8	0.47957139	0.48472859	
514	0.47978188	0.48475306	
514.2	0.4791948	0.48477725	
514.4	0.4790618	0.48480116	
514.6	0.47935321	0.4848248	
514.8	0.47926353	0.48484816	
515	0.47878103	0.48487125	
515.2	0.47864073	0.48489408	
515.4	0.47857951	0.48491664	
515.6	0.47882422	0.48493895	
515.8	0.47908811	0.48496099	
516	0.47916766	0.48498279	
516.2	0.4792373	0.48500433	
516.4	0.47930885	0.48502562	
516.6	0.47909401	0.48504667	
516.8	0.47944638	0.48506748	
517	0.47991991	0.48508804	
517.2	0.480445	0.48510837	
517.4	0.48057779	0.48512847	
517.6	0.48070351	0.48514833	
517.8	0.48097763	0.48516797	
518	0.48132833	0.48518737	
518.2	0.48148945	0.48520656	
518.4	0.48192914	0.48522552	
518.6	0.48210644	0.48524427	
518.8	0.48168646	0.4852628	
519	0.48189555	0.48528112	
519.2	0.48175068	0.48529922	
519.4	0.4817604	0.48531712	
519.6	0.48227423	0.48533481	
519.8	0.48199528	0.48535229	
520	0.48166784	0.48536958	
520.2	0.48136551	0.48538666	
520.4	0.48092786	0.48540355	
520.6	0.48093894	0.48542025	
520.8	0.48101523	0.48543675	
521	0.48131808	0.48545306	
521.2	0.48152405	0.48546919	
521.4	0.48124962	0.48548512	
521.6	0.48186466	0.48550088	
521.8	0.48195937	0.48551645	
522	0.48202244	0.48553185	
522.2	0.48195592	0.48554706	
522.4	0.48189009	0.4855621	
522.6	0.48204322	0.48557697	
522.8	0.48176341	0.48559167	
523	0.48181675	0.4856062	
523.2	0.48128938	0.48562055	
523.4	0.48153479	0.48563475	
523.6	0.48159756	0.48564878	
523.8	0.48121983	0.48566265	
524	0.48142292	0.48567636	
524.2	0.48139622	0.48568991	
524.4	0.48138785	0.48570331	
524.6	0.4820502	0.48571655	
524.8	0.4818182	0.48572964	
525	0.48193888	0.48574257	
525.2	0.48226062	0.48575536	
525.4	0.48217661	0.485768	
525.6	0.48279789	0.4857805	
525.8	0.48263099	0.48579285	
526	0.48230364	0.48580506	
526.2	0.48256356	0.48581713	
526.4	0.48296432	0.48582906	
526.6	0.48334005	0.48584085	
526.8	0.48319939	0.48585251	
527	0.48356584	0.48586403	
527.2	0.48382082	0.48587542	
527.4	0.48423167	0.48588668	
527.6	0.48444543	0.48589781	
527.8	0.48462663	0.48590881	
528	0.48489939	0.48591968	
528.2	0.48459923	0.48593043	
528.4	0.484397	0.48594105	
528.6	0.4844865	0.48595155	
528.8	0.48385649	0.48596193	
529	0.48357804	0.4859722	
529.2	0.483499	0.48598234	
529.4	0.48366885	0.48599237	
529.6	0.48341243	0.48600228	
529.8	0.48345576	0.48601207	
530	0.48327286	0.48602176	
530.2	0.4833102	0.48603133	
530.4	0.48336497	0.48604079	
530.6	0.48301267	0.48605014	
530.8	0.48317624	0.48605939	
531	0.48327381	0.48606853	
531.2	0.4833052	0.48607756	
531.4	0.48334219	0.48608649	
531.6	0.48365796	0.48609532	
531.8	0.48350927	0.48610404	
532	0.48339902	0.48611267	
532.2	0.48327942	0.48612119	
532.4	0.48347805	0.48612962	
532.6	0.48367818	0.48613795	
532.8	0.48342962	0.48614618	
533	0.48366078	0.48615432	
533.2	0.48416917	0.48616236	
533.4	0.48466377	0.48617032	
533.6	0.48446676	0.48617818	
533.8	0.48445715	0.48618595	
534	0.48395696	0.48619363	
534.2	0.48379201	0.48620122	
534.4	0.4836046	0.48620873	
534.6	0.48327556	0.48621614	
534.8	0.48313892	0.48622348	
535	0.48288448	0.48623072	
535.2	0.48275947	0.48623789	
535.4	0.48253979	0.48624497	
535.6	0.48252245	0.48625197	
535.8	0.48212231	0.48625889	
536	0.48235058	0.48626573	
536.2	0.4826799	0.48627249	
536.4	0.48310242	0.48627918	
536.6	0.48319367	0.48628578	
536.8	0.48324924	0.48629231	
537	0.48340997	0.48629877	
537.2	0.48362012	0.48630515	
537.4	0.48377974	0.48631146	
537.6	0.483692	0.48631769	
537.8	0.48322039	0.48632385	
538	0.48307329	0.48632995	
538.2	0.48298723	0.48633597	
538.4	0.48287674	0.48634192	
538.6	0.48278737	0.4863478	
538.8	0.48303688	0.48635362	
539	0.48350712	0.48635937	
539.2	0.48365492	0.48636505	
539.4	0.48359149	0.48637067	
539.6	0.48390547	0.48637622	
539.8	0.48420294	0.48638171	
540	0.4847408	0.48638713	
540.2	0.48526781	0.4863925	
540.4	0.48557394	0.4863978	
540.6	0.48540899	0.48640304	
540.8	0.48501164	0.48640822	
541	0.48488105	0.48641334	
541.2	0.4850456	0.4864184	
541.4	0.48481849	0.4864234	
541.6	0.48409641	0.48642835	
541.8	0.48345925	0.48643323	
542	0.4833641	0.48643807	
542.2	0.48358169	0.48644284	
542.4	0.48356058	0.48644756	
542.6	0.48371427	0.48645223	
542.8	0.48387628	0.48645684	
543	0.48395777	0.4864614	
543.2	0.48412823	0.48646591	
543.4	0.48425988	0.48647036	
543.6	0.48451174	0.48647477	
543.8	0.4848226	0.48647912	
544	0.48519252	0.48648342	
544.2	0.4851954	0.48648768	
544.4	0.48552838	0.48649188	
544.6	0.48536247	0.48649604	
544.8	0.48531959	0.48650015	
545	0.48539271	0.48650421	
545.2	0.48539246	0.48650822	
545.4	0.4854483	0.48651219	
545.6	0.48546223	0.48651611	
545.8	0.48582161	0.48651999	
546	0.48608665	0.48652382	
546.2	0.48625108	0.48652761	
546.4	0.48604268	0.48653135	
546.6	0.48601826	0.48653505	
546.8	0.48574222	0.48653871	
547	0.48593154	0.48654233	
547.2	0.48594781	0.4865459	
547.4	0.48571072	0.48654944	
547.6	0.48522135	0.48655293	
547.8	0.48534189	0.48655638	
548	0.4851291	0.4865598	
548.2	0.48501507	0.48656317	
548.4	0.48554178	0.4865665	
548.6	0.48493993	0.4865698	
548.8	0.48465915	0.48657306	
549	0.4847534	0.48657628	
549.2	0.48498295	0.48657946	
549.4	0.48547185	0.48658261	
549.6	0.4852664	0.48658572	
549.8	0.48492407	0.4865888	
550	0.4846751	0.48659183	
550.2	0.4843497	0.48659484	
550.4	0.48441722	0.48659781	
550.6	0.48439463	0.48660074	
550.8	0.48445791	0.48660365	
551	0.48460902	0.48660651	
551.2	0.48472942	0.48660935	
551.4	0.48466566	0.48661215	
551.6	0.4849965	0.48661492	
551.8	0.48565282	0.48661766	
552	0.48595354	0.48662037	
552.2	0.4862162	0.48662304	
552.4	0.48662742	0.48662569	
552.6	0.48628793	0.4866283	
552.8	0.48648675	0.48663089	
553	0.48677136	0.48663344	
553.2	0.48673403	0.48663597	
553.4	0.48654915	0.48663846	
553.6	0.48608201	0.48664093	
553.8	0.4856255	0.48664337	
554	0.48540014	0.48664578	
554.2	0.48551974	0.48664816	
554.4	0.48607889	0.48665052	
554.6	0.48580319	0.48665285	
554.8	0.48582709	0.48665515	
555	0.48582944	0.48665742	
555.2	0.48563084	0.48665967	
555.4	0.48566304	0.4866619	
555.6	0.48579753	0.48666409	
555.8	0.48581071	0.48666626	
556	0.48609409	0.48666841	
556.2	0.48602431	0.48667053	
556.4	0.48605058	0.48667263	
556.6	0.48584114	0.48667471	
556.8	0.48556441	0.48667675	
557	0.48557781	0.48667878	
557.2	0.48552889	0.48668078	
557.4	0.48512412	0.48668276	
557.6	0.48486923	0.48668472	
557.8	0.48446296	0.48668665	
558	0.48459344	0.48668857	
558.2	0.48463749	0.48669046	
558.4	0.48499904	0.48669232	
558.6	0.48444039	0.48669417	
558.8	0.48438883	0.486696	
559	0.48429019	0.4866978	
559.2	0.48421906	0.48669958	
559.4	0.48468575	0.48670135	
559.6	0.48460471	0.48670309	
559.8	0.48532708	0.48670481	
560	0.48597284	0.48670652	
560.2	0.4861526	0.4867082	
560.4	0.4861653	0.48670986	
560.6	0.48606463	0.48671151	
560.8	0.48645124	0.48671313	
561	0.48708813	0.48671474	
561.2	0.48692502	0.48671633	
561.4	0.48687224	0.4867179	
561.6	0.48692196	0.48671945	
561.8	0.48665048	0.48672099	
562	0.48665705	0.4867225	
562.2	0.48609465	0.486724	
562.4	0.48613512	0.48672548	
562.6	0.48566112	0.48672695	
562.8	0.48552357	0.4867284	
563	0.48515579	0.48672983	
563.2	0.4847779	0.48673124	
563.4	0.48478089	0.48673264	
563.6	0.48479014	0.48673402	
563.8	0.48508991	0.48673539	
564	0.48507111	0.48673674	
564.2	0.48531898	0.48673807	
564.4	0.48492704	0.48673939	
564.6	0.48523374	0.4867407	
564.8	0.4858272	0.48674199	
565	0.48552422	0.48674326	
565.2	0.48539017	0.48674452	
565.4	0.48569805	0.48674577	
565.6	0.48563614	0.486747	
565.8	0.48548525	0.48674821	
566	0.48533943	0.48674942	
566.2	0.48512115	0.48675061	
566.4	0.48507481	0.48675178	
566.6	0.48518041	0.48675294	
566.8	0.48490722	0.48675409	
567	0.48466895	0.48675523	
567.2	0.48473536	0.48675635	
567.4	0.48540961	0.48675746	
567.6	0.48555559	0.48675855	
567.8	0.48570758	0.48675964	
568	0.48611587	0.48676071	
568.2	0.4866439	0.48676177	
568.4	0.48656286	0.48676281	
568.6	0.48700419	0.48676385	
568.8	0.4868579	0.48676487	
569	0.4867531	0.48676588	
569.2	0.48695244	0.48676688	
569.4	0.48683185	0.48676787	
569.6	0.48665776	0.48676885	
569.8	0.48638765	0.48676981	
570	0.48634356	0.48677077	
570.2	0.4863233	0.48677171	
570.4	0.48618738	0.48677264	
570.6	0.48629348	0.48677356	
570.8	0.4856293	0.48677447	
571	0.48534081	0.48677537	
571.2	0.48522333	0.48677626	
571.4	0.48521318	0.48677714	
571.6	0.48513548	0.48677801	
571.8	0.48526234	0.48677887	
572	0.48517201	0.48677972	
572.2	0.48562116	0.48678056	
572.4	0.48573348	0.48678139	
572.6	0.48608967	0.48678221	
572.8	0.4862401	0.48678302	
573	0.48625682	0.48678383	
573.2	0.48641961	0.48678462	
573.4	0.48632008	0.4867854	
573.6	0.48661026	0.48678618	
573.8	0.48689335	0.48678694	
574	0.48701123	0.4867877	
574.2	0.48730892	0.48678845	
574.4	0.48736357	0.48678918	
574.6	0.48703269	0.48678992	
574.8	0.48671642	0.48679064	
575	0.48647647	0.48679135	
575.2	0.48673304	0.48679206	
575.4	0.48644827	0.48679276	
575.6	0.48670623	0.48679345	
575.8	0.48647753	0.48679413	
576	0.48621887	0.4867948	
576.2	0.48651005	0.48679547	
576.4	0.48617036	0.48679613	
576.6	0.48617743	0.48679678	
576.8	0.48598909	0.48679742	
577	0.4857667	0.48679806	
577.2	0.4856043	0.48679868	
577.4	0.48497764	0.48679931	
577.6	0.48515578	0.48679992	
577.8	0.48535299	0.48680053	
578	0.4854009	0.48680113	
578.2	0.48563465	0.48680172	
578.4	0.48534422	0.48680231	
578.6	0.48527993	0.48680289	
578.8	0.48559134	0.48680346	
579	0.48541247	0.48680403	
579.2	0.48574672	0.48680459	
579.4	0.48585829	0.48680514	
579.6	0.48614211	0.48680569	
579.8	0.48601397	0.48680623	
580	0.48598723	0.48680676	
580.2	0.48564232	0.48680729	
580.4	0.4857448	0.48680781	
580.6	0.48632114	0.48680833	
580.8	0.48618464	0.48680884	
581	0.48588724	0.48680934	
581.2	0.48553715	0.48680984	
581.4	0.48560713	0.48681033	
581.6	0.4858841	0.48681082	
581.8	0.4863827	0.4868113	
582	0.48619926	0.48681178	
582.2	0.48613826	0.48681225	
582.4	0.48621148	0.48681271	
582.6	0.48646553	0.48681317	
582.8	0.4865624	0.48681363	
583	0.48654496	0.48681408	
583.2	0.48657327	0.48681452	
583.4	0.48655009	0.48681496	
583.6	0.48596055	0.48681539	
583.8	0.48640127	0.48681582	
584	0.48630318	0.48681625	
584.2	0.48598928	0.48681667	
584.4	0.48621407	0.48681708	
584.6	0.48602746	0.48681749	
584.8	0.4854911	0.48681789	
585	0.48552463	0.48681829	
585.2	0.48537626	0.48681869	
585.4	0.48538089	0.48681908	
585.6	0.48543589	0.48681947	
585.8	0.48571679	0.48681985	
586	0.48546222	0.48682023	
586.2	0.48543672	0.4868206	
586.4	0.48551415	0.48682097	
586.6	0.48557158	0.48682133	
586.8	0.48566211	0.48682169	
587	0.48554623	0.48682205	
587.2	0.48531787	0.4868224	
587.4	0.48533113	0.48682275	
587.6	0.48505638	0.48682309	
587.8	0.48560887	0.48682343	
588	0.48537032	0.48682377	
588.2	0.48508325	0.4868241	
588.4	0.48507307	0.48682443	
588.6	0.48498484	0.48682476	
588.8	0.48491093	0.48682508	
589	0.4848063	0.48682539	
589.2	0.48462209	0.48682571	
589.4	0.48478346	0.48682602	
589.6	0.48477634	0.48682632	
589.8	0.48483704	0.48682663	
590	0.48462905	0.48682693	
590.2	0.48466904	0.48682722	
590.4	0.484981	0.48682752	
590.6	0.48516599	0.4868278	
590.8	0.48523868	0.48682809	
591	0.48460763	0.48682837	
591.2	0.48452634	0.48682865	
591.4	0.48479584	0.48682893	
591.6	0.48463171	0.4868292	
591.8	0.48509195	0.48682947	
592	0.48551961	0.48682974	
592.2	0.48584118	0.48683	
592.4	0.48608915	0.48683026	
592.6	0.48620478	0.48683052	
592.8	0.48608796	0.48683077	
593	0.48607425	0.48683103	
593.2	0.48618741	0.48683127	
593.4	0.48663128	0.48683152	
593.6	0.48691901	0.48683176	
593.8	0.48674052	0.486832	
594	0.48661307	0.48683224	
594.2	0.4863722	0.48683248	
594.4	0.48622209	0.48683271	
594.6	0.48578813	0.48683294	
594.8	0.48511147	0.48683316	
595	0.48449732	0.48683339	
595.2	0.48428014	0.48683361	
595.4	0.48405789	0.48683383	
595.6	0.4841538	0.48683405	
595.8	0.48422107	0.48683426	
596	0.48501936	0.48683447	
596.2	0.48522797	0.48683468	
596.4	0.48530607	0.48683489	
596.6	0.485279	0.48683509	
596.8	0.48558401	0.48683529	
597	0.48578103	0.48683549	
597.2	0.48582569	0.48683569	
597.4	0.48626806	0.48683588	
597.6	0.4863579	0.48683608	
597.8	0.48576019	0.48683627	
598	0.48569381	0.48683646	
598.2	0.4853297	0.48683664	
598.4	0.48525749	0.48683683	
598.6	0.48494593	0.48683701	
598.8	0.48464281	0.48683719	
599	0.48447862	0.48683737	
599.2	0.48419741	0.48683754	
599.4	0.48434085	0.48683772	
599.6	0.48468502	0.48683789	
599.8	0.48467969	0.48683806	
600.01	0.48467969	0.48683823	
600.21	0.4843619	0.48526795	
600.41	0.48377018	0.48370274	
600.61	0.4830677	0.48214258	
600.81	0.48221868	0.48058745	
601.01	0.48149567	0.47903734	
601.21	0.48094142	0.47749223	
601.41	0.47970106	0.4759521	
601.61	0.47854674	0.47441693	
601.81	0.47699282	0.47288672	
602.01	0.47515734	0.47136145	
602.21	0.47343302	0.4698411	
602.41	0.47189953	0.46832564	
602.61	0.47036796	0.46681508	
602.81	0.46879226	0.46530939	
603.01	0.46746545	0.46380856	
603.21	0.46596423	0.46231256	
603.41	0.46400305	0.46082139	
603.61	0.46230291	0.45933504	
603.81	0.46027432	0.45785347	
604.01	0.45879811	0.45637669	
604.21	0.45735221	0.45490466	
604.41	0.45605815	0.45343739	
604.61	0.45498695	0.45197485	
604.81	0.45404655	0.45051702	
605.01	0.45291848	0.4490639	
605.21	0.45197021	0.44761547	
605.41	0.45027186	0.4461717	
605.61	0.44914068	0.4447326	
605.81	0.44765624	0.44329813	
606.01	0.44624792	0.4418683	
606.21	0.44471275	0.44044307	
606.41	0.44332238	0.43902244	
606.61	0.44214348	0.43760639	
606.81	0.44116068	0.43619491	
607.01	0.44005921	0.43478799	
607.21	0.43829168	0.4333856	
607.41	0.43642755	0.43198773	
607.61	0.43486234	0.43059438	
607.81	0.43354093	0.42920551	
608.01	0.43250615	0.42782113	
608.21	0.43139407	0.42644121	
608.41	0.43046929	0.42506575	
608.61	0.4292755	0.42369472	
608.81	0.42788523	0.42232811	
609.01	0.42618572	0.42096591	
609.21	0.42504965	0.4196081	
609.41	0.42338441	0.41825468	
609.61	0.42238554	0.41690561	
609.81	0.42101918	0.4155609	
610.01	0.41971362	0.41422053	
610.21	0.41852154	0.41288448	
610.41	0.41775387	0.41155274	
610.61	0.41676153	0.4102253	
610.81	0.41555577	0.40890213	
611.01	0.41395879	0.40758324	
611.21	0.41219743	0.4062686	
611.41	0.41102072	0.4049582	
611.61	0.40986656	0.40365202	
611.81	0.40848738	0.40235006	
612.01	0.40717158	0.4010523	
612.21	0.40643605	0.39975872	
612.41	0.40548181	0.39846932	
612.61	0.40411041	0.39718408	
612.81	0.40278709	0.39590298	
613.01	0.40131754	0.39462601	
613.21	0.40058601	0.39335316	
613.41	0.3993286	0.39208442	
613.61	0.3984345	0.39081977	
613.81	0.39727109	0.3895592	
614.01	0.39640136	0.38830269	
614.21	0.39550704	0.38705024	
614.41	0.39457509	0.38580183	
614.61	0.39313491	0.38455744	
614.81	0.39154306	0.38331707	
615.01	0.38984055	0.3820807	
615.21	0.38851135	0.38084831	
615.41	0.38722768	0.3796199	
615.61	0.38610243	0.37839546	
615.81	0.38475863	0.37717496	
616.01	0.38357605	0.3759584	
616.21	0.3829785	0.37474576	
616.41	0.38199638	0.37353704	
616.61	0.38095158	0.37233221	
616.81	0.38022502	0.37113127	
617.01	0.37946094	0.3699342	
617.21	0.37880563	0.368741	
617.41	0.37791001	0.36755164	
617.61	0.37724831	0.36636612	
617.81	0.37643279	0.36518442	
618.01	0.37556321	0.36400654	
618.21	0.37456384	0.36283245	
618.41	0.37348213	0.36166215	
618.61	0.37202959	0.36049563	
618.81	0.37052256	0.35933286	
619.01	0.36903255	0.35817385	
619.21	0.36795006	0.35701858	
619.41	0.36640755	0.35586703	
619.61	0.36560904	0.3547192	
619.81	0.36450455	0.35357507	
620.01	0.36329949	0.35243463	
620.21	0.36265971	0.35129787	
620.41	0.36163345	0.35016477	
620.61	0.36059491	0.34903533	
620.81	0.35989818	0.34790953	
621.01	0.35896369	0.34678737	
621.21	0.35764367	0.34566882	
621.41	0.35699077	0.34455388	
621.61	0.35592636	0.34344254	
621.81	0.3545329	0.34233478	
622.01	0.35353643	0.34123059	
622.21	0.3524812	0.34012997	
622.41	0.35125268	0.3390329	
622.61	0.35016967	0.33793936	
622.81	0.34858067	0.33684935	
623.01	0.3474297	0.33576286	
623.21	0.34635536	0.33467987	
623.41	0.34530513	0.33360038	
623.61	0.34439231	0.33252437	
623.81	0.34307941	0.33145182	
624.01	0.34204043	0.33038274	
624.21	0.34110381	0.32931711	
624.41	0.3401292	0.32825491	
624.61	0.33922139	0.32719614	
624.81	0.33825322	0.32614078	
625.01	0.33716161	0.32508883	
625.21	0.33565967	0.32404027	
625.41	0.33487695	0.32299509	
625.61	0.33339148	0.32195329	
625.81	0.3320375	0.32091484	
626.01	0.33125203	0.31987975	
626.21	0.3299188	0.31884799	
626.41	0.32895041	0.31781956	
626.61	0.32794485	0.31679445	
626.81	0.32687289	0.31577264	
627.01	0.3261291	0.31475413	
627.21	0.32508151	0.31373891	
627.41	0.32422452	0.31272696	
627.61	0.32301786	0.31171827	
627.81	0.32245067	0.31071284	
628.01	0.32212082	0.30971065	
628.21	0.32134567	0.30871169	
628.41	0.32090949	0.30771595	
628.61	0.3199392	0.30672343	
628.81	0.31904367	0.30573411	
629.01	0.3181189	0.30474798	
629.21	0.31683381	0.30376502	
629.41	0.31637271	0.30278524	
629.61	0.31545185	0.30180862	
629.81	0.31480968	0.30083515	
630.01	0.31342344	0.29986482	
630.21	0.31246192	0.29889762	
630.41	0.31133258	0.29793354	
630.61	0.31027123	0.29697257	
630.81	0.3095964	0.2960147	
631.01	0.30870991	0.29505992	
631.21	0.30813097	0.29410822	
631.41	0.30756927	0.29315958	
631.61	0.30693855	0.29221401	
631.81	0.30621687	0.29127149	
632.01	0.30555404	0.29033201	
632.21	0.30430545	0.28939555	
632.41	0.30346933	0.28846212	
632.61	0.30244266	0.2875317	
632.81	0.30160708	0.28660428	
633.01	0.30068294	0.28567985	
633.21	0.2996565	0.2847584	
633.41	0.29895186	0.28383993	
633.61	0.29793893	0.28292442	
633.81	0.29669848	0.28201186	
634.01	0.29509954	0.28110224	
634.21	0.29440633	0.28019556	
634.41	0.29308228	0.2792918	
634.61	0.2927051	0.27839096	
634.81	0.29212854	0.27749302	
635.01	0.29142082	0.27659798	
635.21	0.29081376	0.27570582	
635.41	0.28985194	0.27481655	
635.61	0.28887941	0.27393014	
635.81	0.28771116	0.27304659	
636.01	0.28692024	0.27216589	
636.21	0.28532107	0.27128803	
636.41	0.28479007	0.270413	
636.61	0.28402085	0.2695408	
636.81	0.28307698	0.26867141	
637.01	0.28217145	0.26780482	
637.21	0.28123013	0.26694103	
637.41	0.28034175	0.26608002	
637.61	0.2797722	0.26522179	
637.81	0.27914718	0.26436633	
638.01	0.27850439	0.26351363	
638.21	0.27795174	0.26266368	
638.41	0.27721656	0.26181647	
638.61	0.27668224	0.26097199	
638.81	0.27614268	0.26013024	
639.01	0.27520165	0.2592912	
639.21	0.27501234	0.25845487	
639.41	0.2745957	0.25762124	
639.61	0.27392557	0.25679029	
639.81	0.27326657	0.25596202	
640.01	0.27251196	0.25513643	
640.21	0.27163692	0.2543135	
640.41	0.27141915	0.25349322	
640.61	0.27038525	0.25267559	
640.81	0.26935648	0.2518606	
641.01	0.26859053	0.25104823	
641.21	0.26758699	0.25023849	
641.41	0.26683278	0.24943136	
641.61	0.26624929	0.24862683	
641.81	0.26549243	0.24782489	
642.01	0.26435608	0.24702554	
642.21	0.26344726	0.24622878	
642.41	0.26236139	0.24543458	
642.61	0.26154813	0.24464294	
642.81	0.26097001	0.24385385	
643.01	0.26010213	0.24306731	
643.21	0.25968003	0.24228331	
643.41	0.25887464	0.24150184	
643.61	0.25779646	0.24072288	
643.81	0.2566782	0.23994644	
644.01	0.25526951	0.23917251	
644.21	0.25442704	0.23840107	
644.41	0.25366599	0.23763212	
644.61	0.25241269	0.23686564	
644.81	0.25168227	0.23610164	
645.01	0.25105614	0.23534011	
645.21	0.25056884	0.23458103	
645.41	0.25018443	0.2338244	
645.61	0.24917571	0.23307021	
645.81	0.24900431	0.23231845	
646.01	0.24842734	0.23156912	
646.21	0.24815579	0.2308222	
646.41	0.24749384	0.2300777	
646.61	0.24717085	0.22933559	
646.81	0.24656613	0.22859588	
647.01	0.24530066	0.22785856	
647.21	0.24453568	0.22712361	
647.41	0.24398432	0.22639103	
647.61	0.24293272	0.22566082	
647.81	0.24171883	0.22493296	
648.01	0.24078374	0.22420745	
648.21	0.24033672	0.22348428	
648.41	0.23996755	0.22276344	
648.61	0.23922945	0.22204493	
648.81	0.2387186	0.22132873	
649.01	0.2380481	0.22061484	
649.21	0.23756597	0.21990326	
649.41	0.23677024	0.21919397	
649.61	0.23618754	0.21848697	
649.81	0.23641958	0.21778225	
650.01	0.23550183	0.21707981	
650.21	0.234977	0.21637963	
650.41	0.23406415	0.2156817	
650.61	0.23330789	0.21498603	
650.81	0.23238613	0.2142926	
651.01	0.23126067	0.21360141	
651.21	0.23108999	0.21291245	
651.41	0.23066625	0.21222571	
651.61	0.22983987	0.21154119	
651.81	0.22896912	0.21085887	
652.01	0.22861831	0.21017876	
652.21	0.22847533	0.20950083	
652.41	0.22825876	0.2088251	
652.61	0.22775184	0.20815154	
652.81	0.22752688	0.20748016	
653.01	0.22701789	0.20681094	
653.21	0.22660474	0.20614388	
653.41	0.22619445	0.20547897	
653.61	0.22539583	0.20481621	
653.81	0.22463133	0.20415559	
654.01	0.22377499	0.20349709	
654.21	0.22283493	0.20284072	
654.41	0.22159897	0.20218647	
654.61	0.22092345	0.20153432	
654.81	0.21980899	0.20088428	
655.01	0.21840419	0.20023634	
655.21	0.21754695	0.19959049	
655.41	0.21640769	0.19894672	
655.61	0.21538328	0.19830503	
655.81	0.21469556	0.1976654	
656.01	0.21416804	0.19702784	
656.21	0.2135282	0.19639234	
656.41	0.21297311	0.19575888	
656.61	0.21266722	0.19512747	
656.81	0.21267522	0.1944981	
657.01	0.21199378	0.19387075	
657.21	0.21148124	0.19324543	
657.41	0.21102512	0.19262213	
657.61	0.21039513	0.19200083	
657.81	0.21005447	0.19138154	
658.01	0.20964533	0.19076425	
658.21	0.20870925	0.19014895	
658.41	0.20825376	0.18953563	
658.61	0.2079242	0.18892429	
658.81	0.20690712	0.18831493	
659.01	0.20584023	0.18770752	
659.21	0.20546443	0.18710208	
659.41	0.20485012	0.18649859	
659.61	0.20459524	0.18589705	
659.81	0.20399631	0.18529745	
660.01	0.20322077	0.18469978	
660.21	0.20270766	0.18410404	
660.41	0.20228173	0.18351022	
660.61	0.20202356	0.18291832	
660.81	0.2019914	0.18232832	
661.01	0.20110405	0.18174023	
661.21	0.20053823	0.18115404	
661.41	0.20018562	0.18056973	
661.61	0.19987613	0.17998731	
661.81	0.19913497	0.17940677	
662.01	0.19837381	0.1788281	
662.21	0.19764447	0.1782513	
662.41	0.19695508	0.17767636	
662.61	0.19627895	0.17710327	
662.81	0.19531435	0.17653203	
663.01	0.19441223	0.17596264	
663.21	0.19441102	0.17539508	
663.41	0.19375133	0.17482935	
663.61	0.19340844	0.17426545	
663.81	0.19266367	0.17370336	
664.01	0.19190233	0.17314309	
664.21	0.19170584	0.17258462	
664.41	0.19101168	0.17202796	
664.61	0.19080578	0.17147309	
664.81	0.19064305	0.17092001	
665.01	0.18989075	0.17036872	
665.21	0.18940592	0.1698192	
665.41	0.1890095	0.16927146	
665.61	0.18871466	0.16872548	
665.81	0.18776224	0.16818126	
666.01	0.18672307	0.1676388	
666.21	0.18596495	0.16709809	
666.41	0.18527017	0.16655912	
666.61	0.18479935	0.16602189	
666.81	0.18444733	0.1654864	
667.01	0.18427725	0.16495263	
667.21	0.18385022	0.16442058	
667.41	0.18309243	0.16389025	
667.61	0.18233265	0.16336163	
667.81	0.18138281	0.16283472	
668.01	0.18091918	0.1623095	
668.21	0.18025902	0.16178598	
668.41	0.17988943	0.16126414	
668.61	0.17968983	0.16074399	
668.81	0.17960701	0.16022552	
669.01	0.17860672	0.15970872	
669.21	0.17791374	0.15919359	
669.41	0.17746877	0.15868012	
669.61	0.17701231	0.1581683	
669.81	0.17625386	0.15765814	
670.01	0.17585614	0.15714962	
670.21	0.17572159	0.15664274	
670.41	0.1750263	0.15613749	
670.61	0.17456831	0.15563388	
670.81	0.17431483	0.15513189	
671.01	0.17363015	0.15463152	
671.21	0.17287371	0.15413276	
671.41	0.17210933	0.15363561	
671.61	0.17123624	0.15314007	
671.81	0.17065503	0.15264612	
672.01	0.1700118	0.15215377	
672.21	0.1693662	0.15166301	
672.41	0.16915114	0.15117382	
672.61	0.16842659	0.15068622	
672.81	0.16795402	0.15020019	
673.01	0.16704927	0.14971572	
673.21	0.16678676	0.14923282	
673.41	0.16690272	0.14875148	
673.61	0.16706285	0.14827169	
673.81	0.16670031	0.14779344	
674.01	0.16657234	0.14731674	
674.21	0.16611011	0.14684158	
674.41	0.16561148	0.14636795	
674.61	0.16527224	0.14589585	
674.81	0.16480744	0.14542527	
675.01	0.16433605	0.1449562	
675.21	0.16374826	0.14448865	
675.41	0.16274792	0.14402261	
675.61	0.16193224	0.14355807	
675.81	0.1612339	0.14309503	
676.01	0.16026624	0.14263349	
676.21	0.15965892	0.14217343	
676.41	0.1592114	0.14171486	
676.61	0.15899443	0.14125776	
676.81	0.15867987	0.14080214	
677.01	0.15835237	0.14034799	
677.21	0.15810648	0.1398953	
677.41	0.15806444	0.13944408	
677.61	0.15763715	0.13899431	
677.81	0.15703866	0.13854599	
678.01	0.15694959	0.13809911	
678.21	0.15652508	0.13765368	
678.41	0.1557733	0.13720969	
678.61	0.15506248	0.13676712	
678.81	0.15463801	0.13632599	
679.01	0.15432475	0.13588627	
679.21	0.15342336	0.13544798	
679.41	0.15299152	0.1350111	
679.61	0.15290828	0.13457562	
679.81	0.15241481	0.13414156	
680.01	0.1516645	0.13370889	
680.21	0.15124407	0.13327762	
680.41	0.15127495	0.13284774	
680.61	0.15098936	0.13241924	
680.81	0.15048239	0.13199213	
681.01	0.15020723	0.1315664	
681.21	0.14957887	0.13114203	
681.41	0.14923018	0.13071904	
681.61	0.14846682	0.13029741	
681.81	0.14809542	0.12987714	
682.01	0.14753007	0.12945823	
682.21	0.1468066	0.12904067	
682.41	0.1465069	0.12862446	
682.61	0.1464689	0.12820958	
682.81	0.14603494	0.12779605	
683.01	0.14546057	0.12738385	
683.21	0.14484577	0.12697298	
683.41	0.14446483	0.12656343	
683.61	0.1442317	0.12615521	
683.81	0.14325281	0.1257483	
684.01	0.14253019	0.1253427	
684.21	0.14224339	0.12493842	
684.41	0.14211512	0.12453543	
684.61	0.14165553	0.12413375	
684.81	0.14121286	0.12373336	
685.01	0.14095477	0.12333427	
685.21	0.14034944	0.12293646	
685.41	0.13993459	0.12253993	
685.61	0.13978718	0.12214468	
685.81	0.13958857	0.12175071	
686.01	0.13903392	0.12135801	
686.21	0.13904715	0.12096658	
686.41	0.13940371	0.1205764	
686.61	0.13906241	0.12018749	
686.81	0.13838606	0.11979983	
687.01	0.13793461	0.11941342	
687.21	0.13773347	0.11902826	
687.41	0.13700394	0.11864434	
687.61	0.1366698	0.11826166	
687.81	0.13612535	0.11788021	
688.01	0.13567755	0.11749999	
688.21	0.13533862	0.117121	
688.41	0.13475474	0.11674323	
688.61	0.1338991	0.11636668	
688.81	0.13341873	0.11599135	
689.01	0.13321685	0.11561722	
689.21	0.13254931	0.11524431	
689.41	0.13230951	0.11487259	
689.61	0.1323719	0.11450207	
689.81	0.13157578	0.11413275	
690.01	0.13124815	0.11376462	
690.21	0.1312931	0.11339768	
690.41	0.13106168	0.11303192	
690.61	0.13050855	0.11266734	
690.81	0.13033387	0.11230394	
691.01	0.1298752	0.11194171	
691.21	0.12955777	0.11158064	
691.41	0.12852328	0.11122075	
691.61	0.12821078	0.11086201	
691.81	0.12785831	0.11050443	
692.01	0.12714235	0.110148	
692.21	0.12662513	0.10979272	
692.41	0.12617716	0.10943859	
692.61	0.12517408	0.1090856	
692.81	0.12495369	0.10873375	
693.01	0.124364	0.10838304	
693.21	0.12393508	0.10803345	
693.41	0.12390632	0.107685	
693.61	0.12367062	0.10733766	
693.81	0.12321173	0.10699145	
694.01	0.12324681	0.10664635	
694.21	0.12302665	0.10630237	
694.41	0.12295025	0.1059595	
694.61	0.12296438	0.10561773	
694.81	0.12287092	0.10527706	
695.01	0.12246434	0.1049375	
695.21	0.12208368	0.10459903	
695.41	0.12146422	0.10426165	
695.61	0.12108396	0.10392536	
695.81	0.1204732	0.10359015	
696.01	0.12021913	0.10325602	
696.21	0.11982525	0.10292298	
696.41	0.1192826	0.102591	
696.61	0.11888756	0.1022601	
696.81	0.11911026	0.10193027	
697.01	0.11881681	0.10160149	
697.21	0.11876568	0.10127378	
697.41	0.11854149	0.10094713	
697.61	0.1184469	0.10062153	
697.81	0.11821862	0.10029698	
698.01	0.11821051	0.09997348	
698.21	0.11790273	0.09965102	
698.41	0.11823045	0.0993296	
698.61	0.11766964	0.09900921	
698.81	0.11685196	0.09868986	
699.01	0.11622004	0.09837154	
699.21	0.11526591	0.09805425	
699.41	0.11451092	0.09773798	
699.61	0.11351277	0.09742273	
699.81	0.1128586	0.0971085	
700.01	0.11262455	0.09679528	
700.21	0.11196894	0.09648307	
700.41	0.11198795	0.09617187	
700.61	0.11218867	0.09586167	
700.81	0.11183178	0.09555247	
701.01	0.11141484	0.09524427	
701.21	0.11103846	0.09493707	
701.41	0.11083995	0.09463085	
701.61	0.1103251	0.09432563	
701.81	0.1097815	0.09402138	
702.01	0.10946057	0.09371812	
702.21	0.10927448	0.09341584	
702.41	0.10917048	0.09311453	
702.61	0.10824366	0.09281419	
702.81	0.10784507	0.09251482	
703.01	0.10771664	0.09221642	
703.21	0.10740701	0.09191898	
703.41	0.10672973	0.0916225	
703.61	0.10609131	0.09132698	
703.81	0.10596958	0.09103241	
704.01	0.10593005	0.09073879	
704.21	0.10538604	0.09044611	
704.41	0.10564229	0.09015438	
704.61	0.1054866	0.08986359	
704.81	0.10538843	0.08957374	
705.01	0.10518486	0.08928483	
705.21	0.10477477	0.08899684	
705.41	0.10422255	0.08870979	
705.61	0.10343576	0.08842366	
705.81	0.10303284	0.08813845	
706.01	0.10248923	0.08785416	
706.21	0.10236667	0.08757079	
706.41	0.10219775	0.08728834	
706.61	0.102187	0.08700679	
706.81	0.10199382	0.08672616	
707.01	0.101714	0.08644643	
707.21	0.10085903	0.0861676	
707.41	0.09997808	0.08588967	
707.61	0.09973966	0.08561264	
707.81	0.09973605	0.0853365	
708.01	0.09917979	0.08506125	
708.21	0.0984416	0.08478689	
708.41	0.0987196	0.08451341	
708.61	0.09862134	0.08424082	
708.81	0.09872946	0.0839691	
709.01	0.09842004	0.08369826	
709.21	0.09827051	0.0834283	
709.41	0.09783557	0.0831592	
709.61	0.09728179	0.08289098	
709.81	0.09705343	0.08262362	
710.01	0.09679201	0.08235712	
710.21	0.09693221	0.08209148	
710.41	0.09644946	0.0818267	
710.61	0.09612444	0.08156277	
710.81	0.0954695	0.08129969	
711.01	0.09483222	0.08103746	
711.21	0.09404847	0.08077608	
711.41	0.0936578	0.08051554	
711.61	0.09341245	0.08025584	
711.81	0.09307376	0.07999698	
712.01	0.09237331	0.07973895	
712.21	0.09185726	0.07948176	
712.41	0.09189479	0.07922539	
712.61	0.09167542	0.07896986	
712.81	0.09196773	0.07871514	
713.01	0.0919591	0.07846125	
713.21	0.0922052	0.07820818	
713.41	0.09163045	0.07795592	
713.61	0.09151519	0.07770448	
713.81	0.09166079	0.07745384	
714.01	0.0921709	0.07720402	
714.21	0.09196135	0.076955	
714.41	0.09118049	0.07670679	
714.61	0.09092762	0.07645937	
714.81	0.09026743	0.07621276	
715.01	0.08946759	0.07596694	
715.21	0.0886995	0.07572191	
715.41	0.08838274	0.07547767	
715.61	0.08799967	0.07523422	
715.81	0.08749266	0.07499156	
716.01	0.08706658	0.07474967	
716.21	0.08644203	0.07450857	
716.41	0.0862464	0.07426825	
716.61	0.08593196	0.0740287	
716.81	0.08586142	0.07378992	
717.01	0.08542458	0.07355192	
717.21	0.08539111	0.07331468	
717.41	0.0848781	0.07307821	
717.61	0.0849819	0.0728425	
717.81	0.08505681	0.07260755	
718.01	0.08537656	0.07237335	
718.21	0.08462693	0.07213992	
718.41	0.08396844	0.07190723	
718.61	0.08339566	0.0716753	
718.81	0.08265445	0.07144411	
719.01	0.08220593	0.07121367	
719.21	0.08185941	0.07098398	
719.41	0.08225116	0.07075502	
719.61	0.08168164	0.0705268	
719.81	0.08144798	0.07029932	
720.01	0.08150573	0.07007258	
720.21	0.08101418	0.06984656	
720.41	0.08037333	0.06962127	
720.61	0.07964627	0.06939671	
720.81	0.07948088	0.06917288	
721.01	0.07917793	0.06894976	
721.21	0.078809	0.06872737	
721.41	0.07838479	0.06850569	
721.61	0.07818451	0.06828473	
721.81	0.07792396	0.06806448	
722.01	0.07797182	0.06784494	
722.21	0.07753679	0.06762611	
722.41	0.07707833	0.06740799	
722.61	0.07681473	0.06719056	
722.81	0.0767818	0.06697384	
723.01	0.07735301	0.06675782	
723.21	0.07775384	0.0665425	
723.41	0.07833768	0.06632787	
723.61	0.07823595	0.06611393	
723.81	0.07864495	0.06590068	
724.01	0.07856826	0.06568812	
724.21	0.07817234	0.06547625	
724.41	0.07795261	0.06526506	
724.61	0.07747004	0.06505455	
724.81	0.0777121	0.06484472	
725.01	0.07704942	0.06463557	
725.21	0.07654041	0.06442709	
725.41	0.07584978	0.06421928	
725.61	0.07561853	0.06401214	
725.81	0.07500831	0.06380568	
726.01	0.07467005	0.06359987	
726.21	0.07400175	0.06339474	
726.41	0.07341806	0.06319026	
726.61	0.07313361	0.06298644	
726.81	0.07267981	0.06278328	
727.01	0.07259742	0.06258078	
727.21	0.07225743	0.06237893	
727.41	0.07183706	0.06217773	
727.61	0.07153597	0.06197717	
727.81	0.07133604	0.06177727	
728.01	0.07072539	0.06157801	
728.21	0.07061079	0.06137939	
728.41	0.0704988	0.06118142	
728.61	0.07003213	0.06098408	
728.81	0.07021403	0.06078738	
729.01	0.06977324	0.06059131	
729.21	0.0693738	0.06039588	
729.41	0.06871759	0.06020107	
729.61	0.06901013	0.0600069	
729.81	0.06871674	0.05981335	
730.01	0.06862037	0.05962042	
730.21	0.06833226	0.05942812	
730.41	0.0682922	0.05923644	
730.61	0.06798406	0.05904537	
730.81	0.06772421	0.05885492	
731.01	0.06801664	0.05866509	
731.21	0.06815662	0.05847587	
731.41	0.06817963	0.05828726	
731.61	0.06850328	0.05809925	
731.81	0.06871541	0.05791186	
732.01	0.06871542	0.05772506	
732.21	0.06862426	0.05753887	
732.41	0.06808584	0.05735329	
732.61	0.06760438	0.0571683	
732.81	0.06738361	0.0569839	
733.01	0.06667826	0.0568001	
733.21	0.06601131	0.0566169	
733.41	0.06529744	0.05643428	
733.61	0.0649637	0.05625226	
733.81	0.06420895	0.05607082	
734.01	0.06385787	0.05588996	
734.21	0.06343347	0.05570969	
734.41	0.06323297	0.05553	
734.61	0.06352118	0.05535089	
734.81	0.06367967	0.05517236	
735.01	0.0636193	0.05499441	
735.21	0.06374538	0.05481702	
735.41	0.06369458	0.05464021	
735.61	0.06400613	0.05446397	
735.81	0.06384988	0.0542883	
736.01	0.06369324	0.0541132	
736.21	0.06270074	0.05393866	
736.41	0.06219604	0.05376468	
736.61	0.06232236	0.05359127	
736.81	0.06217992	0.05341841	
737.01	0.06148408	0.05324611	
737.21	0.06125275	0.05307437	
737.41	0.06077333	0.05290318	
737.61	0.06039385	0.05273254	
737.81	0.06004713	0.05256246	
738.01	0.05974493	0.05239292	
738.21	0.05968343	0.05222393	
738.41	0.05984948	0.05205548	
738.61	0.05982424	0.05188758	
738.81	0.05919358	0.05172022	
739.01	0.05854766	0.0515534	
739.21	0.05835645	0.05138711	
739.41	0.05773976	0.05122137	
739.61	0.05769697	0.05105616	
739.81	0.05731695	0.05089148	
740.01	0.0568628	0.05072733	
740.21	0.05622661	0.05056371	
740.41	0.05608889	0.05040062	
740.61	0.05586445	0.05023805	
740.81	0.05544965	0.05007601	
741.01	0.05553899	0.0499145	
741.21	0.05582588	0.0497535	
741.41	0.05568889	0.04959302	
741.61	0.05565391	0.04943306	
741.81	0.0555438	0.04927362	
742.01	0.05562416	0.04911469	
742.21	0.05595279	0.04895627	
742.41	0.05530913	0.04879836	
742.61	0.05513513	0.04864097	
742.81	0.05470879	0.04848408	
743.01	0.05424994	0.04832769	
743.21	0.05437558	0.04817182	
743.41	0.05435066	0.04801644	
743.61	0.0544289	0.04786156	
743.81	0.05425664	0.04770719	
744.01	0.05384236	0.04755331	
744.21	0.05375625	0.04739993	
744.41	0.05355322	0.04724704	
744.61	0.05342275	0.04709465	
744.81	0.05356544	0.04694275	
745.01	0.05354475	0.04679134	
745.21	0.05311725	0.04664041	
745.41	0.05252626	0.04648998	
745.61	0.05221388	0.04634003	
745.81	0.05155837	0.04619056	
746.01	0.0511785	0.04604157	
746.21	0.05024127	0.04589307	
746.41	0.0494467	0.04574504	
746.61	0.04921093	0.04559749	
746.81	0.04853672	0.04545042	
747.01	0.04814548	0.04530382	
747.21	0.04786187	0.0451577	
747.41	0.04728127	0.04501204	
747.61	0.04710008	0.04486686	
747.81	0.04654489	0.04472214	
748.01	0.04657899	0.04457789	
748.21	0.04679621	0.04443411	
748.41	0.04722191	0.04429079	
748.61	0.04732754	0.04414793	
748.81	0.04748976	0.04400553	
749.01	0.0472067	0.0438636	
749.21	0.047773	0.04372212	
749.41	0.04732583	0.04358109	
749.61	0.04766638	0.04344052	
749.81	0.04765562	0.04330041	
750.01	0.04769381	0.04316075	
750.21	0.04736352	0.04302153	
750.41	0.04674365	0.04288277	
750.61	0.04644209	0.04274445	
750.81	0.04622064	0.04260658	
751.01	0.04554214	0.04246916	
751.21	0.04494908	0.04233217	
751.41	0.04479174	0.04219563	
751.61	0.04447934	0.04205953	
751.81	0.04423302	0.04192387	
752.01	0.04437126	0.04178865	
752.21	0.04439721	0.04165386	
752.41	0.04449352	0.04151951	
752.61	0.04393917	0.04138559	
752.81	0.04415221	0.0412521	
753.01	0.04413201	0.04111905	
753.21	0.04436134	0.04098642	
753.41	0.04401937	0.04085422	
753.61	0.04412554	0.04072244	
753.81	0.04392288	0.0405911	
754.01	0.04350122	0.04046017	
754.21	0.04258954	0.04032967	
754.41	0.0417737	0.04019959	
754.61	0.04200177	0.04006993	
754.81	0.04175161	0.03994068	
755.01	0.04110692	0.03981186	
755.21	0.04055545	0.03968344	
755.41	0.04029979	0.03955545	
755.61	0.03981932	0.03942786	
755.81	0.03978929	0.03930069	
756.01	0.03925474	0.03917393	
756.21	0.03942401	0.03904757	
756.41	0.03928295	0.03892163	
756.61	0.03963784	0.03879609	
756.81	0.03994656	0.03867095	
757.01	0.0400396	0.03854622	
757.21	0.03998585	0.03842189	
757.41	0.04037657	0.03829796	
757.61	0.03996177	0.03817444	
757.81	0.04023585	0.03805131	
758.01	0.03991796	0.03792857	
758.21	0.03966087	0.03780624	
758.41	0.03950823	0.03768429	
758.61	0.03983994	0.03756274	
758.81	0.03960381	0.03744159	
759.01	0.03903167	0.03732082	
759.21	0.03842644	0.03720044	
759.41	0.03804124	0.03708046	
759.61	0.03739954	0.03696086	
759.81	0.0373639	0.03684164	
760.01	0.03694611	0.03672281	
760.21	0.03748255	0.03660436	
760.41	0.03725184	0.0364863	
760.61	0.03736975	0.03636861	
760.81	0.03672759	0.03625131	
761.01	0.03640885	0.03613438	
761.21	0.03612743	0.03601783	
761.41	0.03630559	0.03590165	
761.61	0.03581943	0.03578586	
761.81	0.03575296	0.03567043	
762.01	0.03566782	0.03555538	
762.21	0.03583805	0.03544069	
762.41	0.03550557	0.03532638	
762.61	0.03552539	0.03521244	
762.81	0.03538563	0.03509886	
763.01	0.03489776	0.03498565	
763.21	0.03423052	0.03487281	
763.41	0.03409575	0.03476033	
763.61	0.03365531	0.03464821	
763.81	0.03387919	0.03453645	
764.01	0.03366341	0.03442506	
764.21	0.03374562	0.03431402	
764.41	0.03295246	0.03420334	
764.61	0.03267159	0.03409302	
764.81	0.03243104	0.03398306	
765.01	0.0320345	0.03387344	
765.21	0.03202883	0.03376419	
765.41	0.03174986	0.03365528	
765.61	0.03183429	0.03354673	
765.81	0.03152111	0.03343853	
766.01	0.03143677	0.03333067	
766.21	0.03119919	0.03322316	
766.41	0.03088172	0.033116	
766.61	0.03117426	0.03300919	
766.81	0.03108521	0.03290272	
767.01	0.03052695	0.03279659	
767.21	0.03017839	0.03269081	
767.41	0.03006689	0.03258537	
767.61	0.02943396	0.03248027	
767.81	0.02954082	0.0323755	
768.01	0.02911426	0.03227108	
768.21	0.02872304	0.03216699	
768.41	0.02833225	0.03206323	
768.61	0.02837634	0.03195982	
768.81	0.0284366	0.03185673	
769.01	0.02803309	0.03175398	
769.21	0.02823546	0.03165156	
769.41	0.02877662	0.03154947	
769.61	0.02912575	0.03144771	
769.81	0.02879216	0.03134627	
770.01	0.02865342	0.03124517	
770.21	0.02848791	0.03114439	
770.41	0.02857333	0.03104393	
770.61	0.02840084	0.0309438	
770.81	0.02762205	0.03084399	
771.01	0.02721973	0.03074451	
771.21	0.02698113	0.03064534	
771.41	0.02652092	0.0305465	
771.61	0.02647848	0.03044797	
771.81	0.02614588	0.03034976	
772.01	0.02585508	0.03025187	
772.21	0.02555031	0.03015429	
772.41	0.02519618	0.03005703	
772.61	0.0250188	0.02996009	
772.81	0.02483104	0.02986345	
773.01	0.02481278	0.02976713	
773.21	0.02539339	0.02967111	
773.41	0.02573631	0.02957541	
773.61	0.02568878	0.02948002	
773.81	0.02563021	0.02938493	
774.01	0.02553141	0.02929015	
774.21	0.02568536	0.02919568	
774.41	0.02560986	0.02910151	
774.61	0.02538692	0.02900764	
774.81	0.02525324	0.02891408	
775.01	0.02533797	0.02882082	
775.21	0.02495287	0.02872786	
775.41	0.02414551	0.0286352	
775.61	0.02376021	0.02854284	
775.81	0.02301739	0.02845077	
776.01	0.02296091	0.02835901	
776.21	0.02229836	0.02826754	
776.41	0.02159177	0.02817636	
776.61	0.02127761	0.02808548	
776.81	0.02086878	0.02799489	
777.01	0.02080217	0.02790459	
777.21	0.02073025	0.02781459	
777.41	0.02061213	0.02772487	
777.61	0.02069013	0.02763545	
777.81	0.02026163	0.02754631	
778.01	0.02012337	0.02745746	
778.21	0.01989242	0.0273689	
778.41	0.01958092	0.02728062	
778.61	0.01951687	0.02719263	
778.81	0.01944101	0.02710492	
779.01	0.01928019	0.0270175	
779.21	0.01888632	0.02693035	
779.41	0.01871799	0.02684349	
779.61	0.01899123	0.02675691	
779.81	0.01927403	0.0266706	
