Conc1	2.5E-07	
Start1	420	
Stop1	779.81	
Kobs	0.0023044491822067	
Error Kobs	1.95701090638712E-05	
Koff	0	
Error Koff	0	
Time1	Data1	Fit1	
420	-0.00047807	0	
420.2	0.00265629	0.00523545	
420.4	0.00645929	0.01042682	
420.6	0.01087957	0.01557448	
420.8	0.01564375	0.02067881	
421	0.02141812	0.02574016	
421.2	0.02700226	0.03075891	
421.4	0.03290176	0.0357354	
421.6	0.03914877	0.04066999	
421.8	0.04533222	0.04556304	
422	0.05135062	0.0504149	
422.2	0.05721875	0.0552259	
422.4	0.06282783	0.05999641	
422.6	0.06836397	0.06472675	
422.8	0.07393863	0.06941727	
423	0.07917784	0.07406829	
423.2	0.0841	0.07868017	
423.4	0.08915442	0.08325321	
423.6	0.09414306	0.08778775	
423.8	0.0995295	0.09228412	
424	0.104644	0.09674264	
424.2	0.10964827	0.10116361	
424.4	0.11488487	0.10554737	
424.6	0.11982493	0.10989422	
424.8	0.12472064	0.11420448	
425	0.12980496	0.11847845	
425.2	0.13397619	0.12271643	
425.4	0.13857118	0.12691874	
425.6	0.14336765	0.13108566	
425.8	0.14745241	0.13521751	
426	0.15194699	0.13931457	
426.2	0.15639785	0.14337714	
426.4	0.16111458	0.1474055	
426.6	0.16556379	0.15139995	
426.8	0.16989728	0.15536078	
427	0.17410474	0.15928825	
427.2	0.17807461	0.16318266	
427.4	0.18208716	0.16704428	
427.6	0.18598742	0.1708734	
427.8	0.19019436	0.17467027	
428	0.19397591	0.17843518	
428.2	0.19743971	0.1821684	
428.4	0.20144199	0.18587018	
428.6	0.20459909	0.1895408	
428.8	0.20836899	0.19318052	
429	0.21201052	0.19678959	
429.2	0.21561309	0.20036828	
429.4	0.2190467	0.20391684	
429.6	0.22241377	0.20743552	
429.8	0.2253878	0.21092459	
430	0.22915986	0.21438427	
430.2	0.23257549	0.21781483	
430.4	0.23631981	0.22121651	
430.6	0.23944085	0.22458955	
430.8	0.24271681	0.2279342	
431	0.24603583	0.23125068	
431.2	0.24866998	0.23453924	
431.4	0.25150016	0.23780012	
431.6	0.25444447	0.24103355	
431.8	0.25733179	0.24423975	
432	0.25993812	0.24741896	
432.2	0.26244599	0.2505714	
432.4	0.26560418	0.2536973	
432.6	0.26827654	0.25679689	
432.8	0.27162157	0.25987038	
433	0.27447123	0.262918	
433.2	0.27739972	0.26593996	
433.4	0.28027192	0.26893647	
433.6	0.28367204	0.27190776	
433.8	0.2867331	0.27485404	
434	0.28978257	0.27777551	
434.2	0.29264606	0.28067238	
434.4	0.2956719	0.28354487	
434.6	0.29818534	0.28639317	
434.8	0.30059779	0.28921749	
435	0.30265841	0.29201804	
435.2	0.30472622	0.294795	
435.4	0.30714982	0.29754859	
435.6	0.30952725	0.300279	
435.8	0.31196454	0.30298641	
436	0.314405	0.30567104	
436.2	0.31649456	0.30833306	
436.4	0.31885644	0.31097268	
436.6	0.32087003	0.31359006	
436.8	0.32327993	0.31618542	
437	0.32570074	0.31875892	
437.2	0.32811586	0.32131076	
437.4	0.33050488	0.32384111	
437.6	0.33317433	0.32635016	
437.8	0.33523796	0.32883809	
438	0.33770395	0.33130507	
438.2	0.34013351	0.33375128	
438.4	0.34241565	0.3361769	
438.6	0.34432857	0.3385821	
438.8	0.34614762	0.34096705	
439	0.34820665	0.34333191	
439.2	0.35046125	0.34567687	
439.4	0.35253115	0.34800209	
439.6	0.35436644	0.35030773	
439.8	0.35644244	0.35259396	
440	0.35786597	0.35486094	
440.2	0.3593909	0.35710884	
440.4	0.36132493	0.35933781	
440.6	0.36304235	0.36154802	
440.8	0.36488628	0.36373962	
441	0.36632515	0.36591277	
441.2	0.36795302	0.36806762	
441.4	0.36973383	0.37020433	
441.6	0.37164131	0.37232305	
441.8	0.37339186	0.37442394	
442	0.37516488	0.37650713	
442.2	0.37677511	0.37857279	
442.4	0.37850981	0.38062106	
442.6	0.38033759	0.38265208	
442.8	0.38185767	0.38466601	
443	0.38355373	0.38666298	
443.2	0.38496048	0.38864314	
443.4	0.38677646	0.39060662	
443.6	0.38823822	0.39255358	
443.8	0.38976982	0.39448414	
444	0.39113358	0.39639846	
444.2	0.39280694	0.39829665	
444.4	0.39445525	0.40017887	
444.6	0.39594777	0.40204523	
444.8	0.39727548	0.40389589	
445	0.39863571	0.40573096	
445.2	0.40058293	0.40755059	
445.4	0.40266037	0.4093549	
445.6	0.40451123	0.41114401	
445.8	0.40609776	0.41291807	
446	0.40746754	0.41467718	
446.2	0.40911353	0.41642149	
446.4	0.41079815	0.41815111	
446.6	0.41224617	0.41986618	
446.8	0.41335154	0.4215668	
447	0.41456143	0.4232531	
447.2	0.41572334	0.42492521	
447.4	0.41710983	0.42658324	
447.6	0.41800417	0.42822731	
447.8	0.41888204	0.42985754	
448	0.42018387	0.43147405	
448.2	0.42111669	0.43307694	
448.4	0.42191513	0.43466635	
448.6	0.42288087	0.43624237	
448.8	0.42392105	0.43780512	
449	0.42494686	0.43935471	
449.2	0.42657665	0.44089126	
449.4	0.42841825	0.44241488	
449.6	0.42926028	0.44392566	
449.8	0.43012193	0.44542373	
450	0.43122737	0.44690918	
450.2	0.43244786	0.44838213	
450.4	0.4336574	0.44984268	
450.6	0.43500265	0.45129093	
450.8	0.43607865	0.45272699	
451	0.43770201	0.45415096	
451.2	0.43902054	0.45556294	
451.4	0.44022706	0.45696304	
451.6	0.44165257	0.45835134	
451.8	0.4430039	0.45972796	
452	0.44462548	0.46109299	
452.2	0.44570476	0.46244652	
452.4	0.44704498	0.46378867	
452.6	0.44830901	0.46511951	
452.8	0.44951067	0.46643914	
453	0.4508173	0.46774767	
453.2	0.45225976	0.46904518	
453.4	0.4530927	0.47033177	
453.6	0.4538567	0.47160753	
453.8	0.45468005	0.47287254	
454	0.45538766	0.47412691	
454.2	0.45610349	0.47537071	
454.4	0.45657475	0.47660404	
454.6	0.45756158	0.47782699	
454.8	0.45825243	0.47903965	
455	0.45920984	0.48024209	
455.2	0.45977022	0.48143441	
455.4	0.46092787	0.4826167	
455.6	0.46224689	0.48378903	
455.8	0.46310529	0.48495149	
456	0.46413122	0.48610416	
456.2	0.46517051	0.48724713	
456.4	0.46626764	0.48838047	
456.6	0.46705134	0.48950428	
456.8	0.46776242	0.49061862	
457	0.46897227	0.49172358	
457.2	0.47000599	0.49281924	
457.4	0.47070204	0.49390568	
457.6	0.47173756	0.49498297	
457.8	0.47213166	0.49605119	
458	0.47256192	0.49711041	
458.2	0.47301763	0.49816072	
458.4	0.47374358	0.49920219	
458.6	0.47487537	0.50023488	
458.8	0.47543718	0.50125889	
459	0.47624474	0.50227427	
459.2	0.47734884	0.5032811	
459.4	0.47845738	0.50427946	
459.6	0.4791801	0.50526941	
459.8	0.47986974	0.50625103	
460	0.48103877	0.50722438	
460.2	0.48197742	0.50818954	
460.4	0.48287845	0.50914658	
460.6	0.4837959	0.51009555	
460.8	0.48462087	0.51103654	
461	0.48595139	0.51196961	
461.2	0.48667154	0.51289481	
461.4	0.48748865	0.51381223	
461.6	0.48830683	0.51472193	
461.8	0.48867614	0.51562397	
462	0.48958069	0.51651841	
462.2	0.49039514	0.51740533	
462.4	0.49140535	0.51828477	
462.6	0.4919142	0.51915682	
462.8	0.49248557	0.52002152	
463	0.49349386	0.52087894	
463.2	0.49423234	0.52172914	
463.4	0.49479192	0.52257218	
463.6	0.49565072	0.52340813	
463.8	0.49669677	0.52423704	
464	0.4976252	0.52505897	
464.2	0.49834728	0.52587398	
464.4	0.49896962	0.52668213	
464.6	0.49983314	0.52748348	
464.8	0.50062887	0.52827808	
465	0.50161074	0.52906599	
465.2	0.50237505	0.52984726	
465.4	0.50333175	0.53062196	
465.6	0.50366691	0.53139014	
465.8	0.50420984	0.53215185	
466	0.50476878	0.53290714	
466.2	0.50538697	0.53365608	
466.4	0.50584293	0.53439871	
466.6	0.50598754	0.53513509	
466.8	0.50657284	0.53586527	
467	0.50714678	0.53658931	
467.2	0.50755954	0.53730725	
467.4	0.50789172	0.53801914	
467.6	0.50830218	0.53872504	
467.8	0.5087478	0.539425	
468	0.50904441	0.54011906	
468.2	0.50940853	0.54080728	
468.4	0.50980569	0.54148971	
468.6	0.51059427	0.54216639	
468.8	0.51152019	0.54283738	
469	0.51200144	0.54350271	
469.2	0.51246028	0.54416245	
469.4	0.51265038	0.54481663	
469.6	0.51332304	0.5454653	
469.8	0.51409402	0.54610851	
470	0.51486569	0.54674631	
470.2	0.51576563	0.54737873	
470.4	0.5161434	0.54800584	
470.6	0.51643768	0.54862766	
470.8	0.5172483	0.54924425	
471	0.51787985	0.54985564	
471.2	0.51861416	0.55046189	
471.4	0.51894203	0.55106304	
471.6	0.51944297	0.55165912	
471.8	0.52033403	0.55225019	
472	0.52103108	0.55283628	
472.2	0.52195366	0.55341743	
472.4	0.52277515	0.5539937	
472.6	0.52318127	0.55456511	
472.8	0.52355876	0.55513171	
473	0.52398914	0.55569354	
473.2	0.52418795	0.55625064	
473.4	0.52428907	0.55680305	
473.6	0.5251077	0.55735081	
473.8	0.52546572	0.55789396	
474	0.52602273	0.55843253	
474.2	0.52643723	0.55896658	
474.4	0.52693146	0.55949612	
474.6	0.52742571	0.56002121	
474.8	0.5281257	0.56054187	
475	0.52841869	0.56105816	
475.2	0.5290657	0.56157009	
475.4	0.52921825	0.56207772	
475.6	0.53015528	0.56258107	
475.8	0.53108929	0.56308019	
476	0.53178917	0.5635751	
476.2	0.5323841	0.56406585	
476.4	0.53271824	0.56455246	
476.6	0.5332339	0.56503498	
476.8	0.53372889	0.56551343	
477	0.53451792	0.56598786	
477.2	0.53448981	0.56645829	
477.4	0.53523555	0.56692477	
477.6	0.535993	0.56738731	
477.8	0.53650067	0.56784596	
478	0.53719334	0.56830075	
478.2	0.53747244	0.56875172	
478.4	0.53768789	0.56919888	
478.6	0.53774441	0.56964228	
478.8	0.53794459	0.57008195	
479	0.53791631	0.57051791	
479.2	0.53845443	0.57095021	
479.4	0.53901114	0.57137886	
479.6	0.53923915	0.57180391	
479.8	0.53964518	0.57222538	
480	0.53966738	0.5726433	
480.2	0.54005745	0.5730577	
480.4	0.54056237	0.57346861	
480.6	0.541276	0.57387607	
480.8	0.541805	0.57428009	
481	0.54227518	0.57468071	
481.2	0.54286545	0.57507796	
481.4	0.54367568	0.57547187	
481.6	0.54392912	0.57586245	
481.8	0.54462535	0.57624975	
482	0.5451866	0.57663379	
482.2	0.54540309	0.5770146	
482.4	0.54579293	0.5773922	
482.6	0.54628885	0.57776662	
482.8	0.54693244	0.57813789	
483	0.54725075	0.57850603	
483.2	0.54763707	0.57887108	
483.4	0.54783762	0.57923305	
483.6	0.54756295	0.57959197	
483.8	0.54813862	0.57994787	
484	0.54803203	0.58030078	
484.2	0.54856475	0.58065071	
484.4	0.54871822	0.5809977	
484.6	0.54907869	0.58134176	
484.8	0.54927304	0.58168293	
485	0.54954955	0.58202123	
485.2	0.55019932	0.58235668	
485.4	0.55072114	0.58268931	
485.6	0.55151671	0.58301913	
485.8	0.5525067	0.58334618	
486	0.55311481	0.58367047	
486.2	0.55374442	0.58399204	
486.4	0.55411191	0.5843109	
486.6	0.5546484	0.58462707	
486.8	0.55509955	0.58494058	
487	0.55532033	0.58525145	
487.2	0.55564904	0.58555971	
487.4	0.55595049	0.58586537	
487.6	0.55617812	0.58616845	
487.8	0.55620562	0.58646899	
488	0.55646001	0.58676699	
488.2	0.55698234	0.58706249	
488.4	0.55712412	0.58735549	
488.6	0.55740018	0.58764603	
488.8	0.55769363	0.58793413	
489	0.55820059	0.5882198	
489.2	0.55853106	0.58850306	
489.4	0.55912679	0.58878394	
489.6	0.55940114	0.58906246	
489.8	0.55982727	0.58933863	
490	0.56016992	0.58961247	
490.2	0.56038693	0.58988401	
490.4	0.56068742	0.59015326	
490.6	0.56094454	0.59042025	
490.8	0.56111711	0.59068499	
491	0.56117128	0.5909475	
491.2	0.56131322	0.5912078	
491.4	0.56145551	0.59146591	
491.6	0.56190374	0.59172184	
491.8	0.56221115	0.59197562	
492	0.56284609	0.59222727	
492.2	0.5631422	0.59247679	
492.4	0.56336951	0.59272422	
492.6	0.56371059	0.59296956	
492.8	0.56415013	0.59321284	
493	0.56438965	0.59345406	
493.2	0.56460553	0.59369326	
493.4	0.56502041	0.59393044	
493.6	0.56496156	0.59416563	
493.8	0.56537716	0.59439884	
494	0.56535275	0.59463008	
494.2	0.56532239	0.59485938	
494.4	0.56545706	0.59508674	
494.6	0.5655528	0.59531219	
494.8	0.56557831	0.59553575	
495	0.56580472	0.59575742	
495.2	0.56649836	0.59597723	
495.4	0.56723672	0.59619518	
495.6	0.56809665	0.5964113	
495.8	0.56834403	0.5966256	
496	0.56901344	0.5968381	
496.2	0.56942153	0.5970488	
496.4	0.56989578	0.59725774	
496.6	0.57016758	0.59746491	
496.8	0.57061239	0.59767034	
497	0.57074443	0.59787404	
497.2	0.57117147	0.59807603	
497.4	0.5712714	0.59827631	
497.6	0.57130656	0.59847491	
497.8	0.57145952	0.59867184	
498	0.57156948	0.59886711	
498.2	0.57176984	0.59906073	
498.4	0.5719161	0.59925273	
498.6	0.57221984	0.59944311	
498.8	0.57255358	0.59963188	
499	0.57299525	0.59981907	
499.2	0.5732147	0.60000468	
499.4	0.57394061	0.60018873	
499.6	0.57454123	0.60037123	
499.8	0.57491679	0.60055219	
500	0.57560553	0.60073163	
500.2	0.57562985	0.60090956	
500.4	0.57541116	0.60108599	
500.6	0.57534785	0.60126093	
500.8	0.57551111	0.6014344	
501	0.57540504	0.60160641	
501.2	0.57577718	0.60177698	
501.4	0.57590046	0.6019461	
501.6	0.57631406	0.60211381	
501.8	0.57614735	0.6022801	
502	0.57653919	0.60244499	
502.2	0.57655119	0.60260849	
502.4	0.57677733	0.60277062	
502.6	0.57736079	0.60293138	
502.8	0.57755199	0.60309079	
503	0.57794301	0.60324886	
503.2	0.57795592	0.60340559	
503.4	0.57869378	0.60356101	
503.6	0.57881231	0.60371512	
503.8	0.57916266	0.60386793	
504	0.57924214	0.60401945	
504.2	0.57923959	0.6041697	
504.4	0.57926233	0.60431868	
504.6	0.57964929	0.60446641	
504.8	0.58042949	0.60461289	
505	0.58092418	0.60475815	
505.2	0.58148649	0.60490218	
505.4	0.58182682	0.60504499	
505.6	0.58203384	0.60518661	
505.8	0.58207471	0.60532703	
506	0.58301675	0.60546627	
506.2	0.58308797	0.60560433	
506.4	0.58330813	0.60574124	
506.6	0.5835112	0.60587699	
506.8	0.58351451	0.6060116	
507	0.58339607	0.60614508	
507.2	0.58326022	0.60627743	
507.4	0.58314695	0.60640867	
507.6	0.58346956	0.6065388	
507.8	0.5838507	0.60666784	
508	0.58375627	0.60679579	
508.2	0.58408646	0.60692266	
508.4	0.58441473	0.60704847	
508.6	0.58491557	0.60717322	
508.8	0.58540475	0.60729691	
509	0.58538333	0.60741957	
509.2	0.58554671	0.60754119	
509.4	0.58570743	0.60766179	
509.6	0.58585015	0.60778137	
509.8	0.58636206	0.60789995	
510	0.58669841	0.60801753	
510.2	0.58638791	0.60813412	
510.4	0.58643247	0.60824972	
510.6	0.58635843	0.60836436	
510.8	0.58648667	0.60847803	
511	0.58653879	0.60859074	
511.2	0.58685496	0.6087025	
511.4	0.58690693	0.60881332	
511.6	0.58741394	0.60892321	
511.8	0.58746116	0.60903217	
512	0.58733094	0.60914022	
512.2	0.58795361	0.60924736	
512.4	0.58835239	0.60935359	
512.6	0.58856151	0.60945893	
512.8	0.58901189	0.60956338	
513	0.58964092	0.60966696	
513.2	0.59019954	0.60976966	
513.4	0.59066365	0.6098715	
513.6	0.590865	0.60997248	
513.8	0.59120509	0.61007261	
514	0.59184849	0.61017189	
514.2	0.59206767	0.61027035	
514.4	0.59211977	0.61036797	
514.6	0.59180872	0.61046477	
514.8	0.59187025	0.61056075	
515	0.5920037	0.61065593	
515.2	0.59213081	0.61075031	
515.4	0.59221041	0.61084389	
515.6	0.59213486	0.61093668	
515.8	0.59224627	0.61102869	
516	0.59238036	0.61111993	
516.2	0.59271881	0.6112104	
516.4	0.59267111	0.61130011	
516.6	0.59289695	0.61138906	
516.8	0.59350266	0.61147726	
517	0.59379866	0.61156473	
517.2	0.59390951	0.61165145	
517.4	0.5944328	0.61173744	
517.6	0.59461217	0.61182272	
517.8	0.59491481	0.61190727	
518	0.59516054	0.61199111	
518.2	0.5946683	0.61207424	
518.4	0.59463913	0.61215668	
518.6	0.59461545	0.61223842	
518.8	0.59463253	0.61231947	
519	0.59502038	0.61239984	
519.2	0.59521984	0.61247954	
519.4	0.59500928	0.61255856	
519.6	0.59480276	0.61263692	
519.8	0.59505072	0.61271462	
520	0.59484846	0.61279166	
520.2	0.59509021	0.61286806	
520.4	0.59492384	0.61294381	
520.6	0.59519879	0.61301892	
520.8	0.59551199	0.6130934	
521	0.59586396	0.61316726	
521.2	0.59609021	0.61324049	
521.4	0.59672124	0.61331311	
521.6	0.59633814	0.61338511	
521.8	0.59629463	0.61345651	
522	0.59633358	0.61352731	
522.2	0.59678714	0.61359751	
522.4	0.59710935	0.61366712	
522.6	0.59732432	0.61373615	
522.8	0.59734337	0.61380459	
523	0.59770213	0.61387246	
523.2	0.59784158	0.61393976	
523.4	0.59795497	0.61400649	
523.6	0.5981295	0.61407265	
523.8	0.59864074	0.61413826	
524	0.59926866	0.61420332	
524.2	0.59944845	0.61426783	
524.4	0.5996732	0.6143318	
524.6	0.60027321	0.61439523	
524.8	0.60097582	0.61445813	
525	0.60107923	0.61452049	
525.2	0.60140769	0.61458233	
525.4	0.60195429	0.61464365	
525.6	0.60218686	0.61470445	
525.8	0.60236952	0.61476475	
526	0.60261491	0.61482453	
526.2	0.60305149	0.61488381	
526.4	0.60310045	0.61494259	
526.6	0.6032365	0.61500088	
526.8	0.60339866	0.61505867	
527	0.6037326	0.61511598	
527.2	0.60359929	0.61517281	
527.4	0.60356597	0.61522916	
527.6	0.60375495	0.61528503	
527.8	0.60397556	0.61534044	
528	0.60413088	0.61539538	
528.2	0.60370549	0.61544985	
528.4	0.60416432	0.61550387	
528.6	0.60438276	0.61555743	
528.8	0.60406122	0.61561054	
529	0.60373483	0.6156632	
529.2	0.60402588	0.61571542	
529.4	0.60384539	0.6157672	
529.6	0.60369723	0.61581855	
529.8	0.60328291	0.61586946	
530	0.60384288	0.61591994	
530.2	0.6038698	0.61597	
530.4	0.60373029	0.61601964	
530.6	0.60360788	0.61606886	
530.8	0.60398553	0.61611766	
531	0.60410173	0.61616606	
531.2	0.60416863	0.61621404	
531.4	0.60480619	0.61626162	
531.6	0.60564361	0.61630881	
531.8	0.60581759	0.61635559	
532	0.60618025	0.61640198	
532.2	0.60658023	0.61644798	
532.4	0.60721652	0.6164936	
532.6	0.60709248	0.61653882	
532.8	0.607008	0.61658367	
533	0.60702158	0.61662814	
533.2	0.60685816	0.61667224	
533.4	0.60646235	0.61671596	
533.6	0.60654372	0.61675932	
533.8	0.60653396	0.61680231	
534	0.60668725	0.61684494	
534.2	0.60654893	0.61688721	
534.4	0.60654521	0.61692913	
534.6	0.60698216	0.61697069	
534.8	0.60750658	0.6170119	
535	0.60754498	0.61705277	
535.2	0.60768863	0.61709329	
535.4	0.60800384	0.61713347	
535.6	0.60844821	0.61717331	
535.8	0.60865922	0.61721282	
536	0.60860334	0.61725199	
536.2	0.60865576	0.61729084	
536.4	0.60888623	0.61732935	
536.6	0.60862792	0.61736755	
536.8	0.60849697	0.61740542	
537	0.60782096	0.61744297	
537.2	0.60753113	0.61748021	
537.4	0.60730931	0.61751713	
537.6	0.60735356	0.61755374	
537.8	0.6073996	0.61759004	
538	0.60767887	0.61762604	
538.2	0.60814284	0.61766174	
538.4	0.60844093	0.61769713	
538.6	0.60907216	0.61773223	
538.8	0.6092355	0.61776703	
539	0.60896831	0.61780154	
539.2	0.60941573	0.61783575	
539.4	0.61004629	0.61786968	
539.6	0.61051216	0.61790333	
539.8	0.6106411	0.61793669	
540	0.61024809	0.61796977	
540.2	0.61048437	0.61800257	
540.4	0.61085304	0.61803509	
540.6	0.61081001	0.61806735	
540.8	0.61095664	0.61809933	
541	0.61147011	0.61813104	
541.2	0.61158042	0.61816248	
541.4	0.61169843	0.61819366	
541.6	0.61211384	0.61822457	
541.8	0.61258923	0.61825523	
542	0.61315602	0.61828563	
542.2	0.61378062	0.61831577	
542.4	0.61411282	0.61834566	
542.6	0.61400211	0.61837529	
542.8	0.61359118	0.61840468	
543	0.61319809	0.61843382	
543.2	0.61335678	0.61846272	
543.4	0.61281725	0.61849137	
543.6	0.61250431	0.61851978	
543.8	0.61209422	0.61854795	
544	0.61160674	0.61857588	
544.2	0.61149079	0.61860358	
544.4	0.61151659	0.61863104	
544.6	0.61133045	0.61865828	
544.8	0.61143473	0.61868528	
545	0.61137438	0.61871206	
545.2	0.61133723	0.61873861	
545.4	0.61154976	0.61876494	
545.6	0.61221493	0.61879105	
545.8	0.61278673	0.61881693	
546	0.61336189	0.6188426	
546.2	0.61380055	0.61886806	
546.4	0.61383283	0.61889329	
546.6	0.61397919	0.61891832	
546.8	0.61442999	0.61894314	
547	0.61454349	0.61896774	
547.2	0.61495666	0.61899214	
547.4	0.61505562	0.61901634	
547.6	0.61527117	0.61904033	
547.8	0.61536139	0.61906411	
548	0.61539469	0.6190877	
548.2	0.6159271	0.61911109	
548.4	0.61609467	0.61913428	
548.6	0.61604561	0.61915728	
548.8	0.61611774	0.61918008	
549	0.61600913	0.6192027	
549.2	0.61631232	0.61922512	
549.4	0.61624538	0.61924735	
549.6	0.61613508	0.61926939	
549.8	0.61620244	0.61929125	
550	0.61608425	0.61931293	
550.2	0.61610289	0.61933442	
550.4	0.61610127	0.61935574	
550.6	0.61630762	0.61937687	
550.8	0.61631732	0.61939782	
551	0.61638197	0.6194186	
551.2	0.61638146	0.6194392	
551.4	0.61611034	0.61945964	
551.6	0.61612134	0.61947989	
551.8	0.61658536	0.61949998	
552	0.61656201	0.6195199	
552.2	0.61687261	0.61953965	
552.4	0.6167315	0.61955923	
552.6	0.61698682	0.61957865	
552.8	0.61739401	0.61959791	
553	0.61749544	0.619617	
553.2	0.61786801	0.61963594	
553.4	0.61786869	0.61965471	
553.6	0.61799962	0.61967333	
553.8	0.61845483	0.61969179	
554	0.61867573	0.61971009	
554.2	0.6188261	0.61972824	
554.4	0.6189873	0.61974624	
554.6	0.61909626	0.61976408	
554.8	0.61912883	0.61978178	
555	0.61915846	0.61979932	
555.2	0.61856203	0.61981672	
555.4	0.61852321	0.61983397	
555.6	0.6185526	0.61985108	
555.8	0.61845583	0.61986804	
556	0.61823056	0.61988486	
556.2	0.61821981	0.61990154	
556.4	0.61829709	0.61991808	
556.6	0.61835956	0.61993447	
556.8	0.6184153	0.61995074	
557	0.61853195	0.61996686	
557.2	0.6186259	0.61998285	
557.4	0.61880509	0.6199987	
557.6	0.61908743	0.62001442	
557.8	0.61913284	0.62003001	
558	0.61938348	0.62004546	
558.2	0.61929493	0.62006079	
558.4	0.61905228	0.62007599	
558.6	0.61884193	0.62009105	
558.8	0.61884144	0.620106	
559	0.61887223	0.62012081	
559.2	0.61876218	0.62013551	
559.4	0.6192981	0.62015007	
559.6	0.61960476	0.62016452	
559.8	0.6196739	0.62017884	
560	0.61973372	0.62019305	
560.2	0.61987877	0.62020713	
560.4	0.61993112	0.62022109	
560.6	0.61981658	0.62023494	
560.8	0.62046752	0.62024867	
561	0.62032748	0.62026229	
561.2	0.62041687	0.62027579	
561.4	0.62058723	0.62028917	
561.6	0.62076856	0.62030245	
561.8	0.62078786	0.62031561	
562	0.62095478	0.62032866	
562.2	0.62095881	0.6203416	
562.4	0.62062337	0.62035444	
562.6	0.62098955	0.62036716	
562.8	0.62116755	0.62037978	
563	0.62094952	0.62039229	
563.2	0.62110861	0.6204047	
563.4	0.62140223	0.620417	
563.6	0.62137613	0.6204292	
563.8	0.62123412	0.62044129	
564	0.62142685	0.62045329	
564.2	0.62165061	0.62046518	
564.4	0.62159994	0.62047697	
564.6	0.62192662	0.62048866	
564.8	0.62213887	0.62050026	
565	0.62202452	0.62051176	
565.2	0.62212854	0.62052316	
565.4	0.62183781	0.62053446	
565.6	0.62185453	0.62054567	
565.8	0.62182526	0.62055679	
566	0.62201013	0.62056781	
566.2	0.62237492	0.62057873	
566.4	0.6222245	0.62058957	
566.6	0.62260787	0.62060032	
566.8	0.62239506	0.62061097	
567	0.6221409	0.62062154	
567.2	0.62264306	0.62063201	
567.4	0.622696	0.6206424	
567.6	0.6227626	0.6206527	
567.8	0.62306973	0.62066291	
568	0.62314992	0.62067304	
568.2	0.62319009	0.62068308	
568.4	0.62367519	0.62069304	
568.6	0.62392538	0.62070292	
568.8	0.62380966	0.62071271	
569	0.62361557	0.62072242	
569.2	0.62315269	0.62073204	
569.4	0.62314076	0.62074159	
569.6	0.62335814	0.62075105	
569.8	0.62348256	0.62076044	
570	0.62342049	0.62076975	
570.2	0.62345227	0.62077897	
570.4	0.62321314	0.62078813	
570.6	0.62354984	0.6207972	
570.8	0.62335742	0.6208062	
571	0.62333669	0.62081512	
571.2	0.62355665	0.62082396	
571.4	0.62349565	0.62083274	
571.6	0.62343451	0.62084143	
571.8	0.62358843	0.62085006	
572	0.62371319	0.62085861	
572.2	0.62392116	0.62086709	
572.4	0.62442657	0.6208755	
572.6	0.62450687	0.62088384	
572.8	0.62464643	0.62089211	
573	0.62465697	0.6209003	
573.2	0.62502093	0.62090843	
573.4	0.62525856	0.62091649	
573.6	0.62539642	0.62092449	
573.8	0.62567088	0.62093241	
574	0.62544637	0.62094027	
574.2	0.62555668	0.62094806	
574.4	0.62549014	0.62095579	
574.6	0.62567581	0.62096345	
574.8	0.62556728	0.62097105	
575	0.62549422	0.62097858	
575.2	0.62520924	0.62098605	
575.4	0.62521494	0.62099346	
575.6	0.6251355	0.62100081	
575.8	0.62489579	0.62100809	
576	0.62472618	0.62101531	
576.2	0.62457329	0.62102247	
576.4	0.62471717	0.62102957	
576.6	0.62478963	0.62103661	
576.8	0.62484833	0.6210436	
577	0.62524422	0.62105052	
577.2	0.62547001	0.62105738	
577.4	0.62582493	0.62106419	
577.6	0.6261763	0.62107094	
577.8	0.62647967	0.62107763	
578	0.6265072	0.62108427	
578.2	0.62702855	0.62109085	
578.4	0.62729495	0.62109737	
578.6	0.62777476	0.62110384	
578.8	0.62793068	0.62111026	
579	0.62795734	0.62111662	
579.2	0.62787578	0.62112293	
579.4	0.62808993	0.62112918	
579.6	0.62775297	0.62113539	
579.8	0.62688572	0.62114154	
580	0.62683963	0.62114763	
580.2	0.62649637	0.62115368	
580.4	0.62614944	0.62115968	
580.6	0.62600229	0.62116562	
580.8	0.62580409	0.62117152	
581	0.62548942	0.62117736	
581.2	0.62519236	0.62118316	
581.4	0.62520411	0.62118891	
581.6	0.62506539	0.62119461	
581.8	0.625098	0.62120026	
582	0.62551996	0.62120586	
582.2	0.62586471	0.62121142	
582.4	0.62654676	0.62121693	
582.6	0.62668017	0.62122239	
582.8	0.62676812	0.62122781	
583	0.62717607	0.62123318	
583.2	0.6276775	0.62123851	
583.4	0.62771946	0.62124379	
583.6	0.62751926	0.62124903	
583.8	0.62743815	0.62125422	
584	0.62817873	0.62125937	
584.2	0.62796665	0.62126448	
584.4	0.62780291	0.62126954	
584.6	0.6279094	0.62127456	
584.8	0.62783215	0.62127954	
585	0.62767715	0.62128448	
585.2	0.62796183	0.62128937	
585.4	0.62815555	0.62129422	
585.6	0.62811934	0.62129904	
585.8	0.62850171	0.62130381	
586	0.62868759	0.62130854	
586.2	0.62890061	0.62131323	
586.4	0.62948404	0.62131789	
586.6	0.62911624	0.6213225	
586.8	0.62893263	0.62132707	
587	0.6289994	0.62133161	
587.2	0.62924359	0.62133611	
587.4	0.62899316	0.62134057	
587.6	0.62877536	0.62134499	
587.8	0.62916555	0.62134938	
588	0.62936258	0.62135373	
588.2	0.62900856	0.62135804	
588.4	0.62863135	0.62136231	
588.6	0.62897521	0.62136655	
588.8	0.62916678	0.62137076	
589	0.62920647	0.62137492	
589.2	0.62937695	0.62137906	
589.4	0.62972202	0.62138316	
589.6	0.62982059	0.62138722	
589.8	0.63027031	0.62139125	
590	0.63034224	0.62139525	
590.2	0.63092121	0.62139921	
590.4	0.63122491	0.62140314	
590.6	0.63071689	0.62140703	
590.8	0.63062223	0.6214109	
591	0.63085018	0.62141473	
591.2	0.63132393	0.62141853	
591.4	0.63097173	0.62142229	
591.6	0.63088408	0.62142603	
591.8	0.63071009	0.62142973	
592	0.63010858	0.6214334	
592.2	0.62945306	0.62143704	
592.4	0.62890706	0.62144065	
592.6	0.62886871	0.62144423	
592.8	0.62860875	0.62144778	
593	0.62832645	0.6214513	
593.2	0.62834443	0.62145479	
593.4	0.62837103	0.62145825	
593.6	0.62849889	0.62146169	
593.8	0.62903559	0.62146509	
594	0.6291537	0.62146846	
594.2	0.62952437	0.62147181	
594.4	0.62946646	0.62147513	
594.6	0.62954232	0.62147842	
594.8	0.62989115	0.62148168	
595	0.63032003	0.62148491	
595.2	0.63049547	0.62148812	
595.4	0.63011141	0.6214913	
595.6	0.63054894	0.62149445	
595.8	0.63051381	0.62149758	
596	0.63053092	0.62150068	
596.2	0.63041074	0.62150376	
596.4	0.63040215	0.62150681	
596.6	0.63041609	0.62150983	
596.8	0.6304949	0.62151283	
597	0.63071461	0.6215158	
597.2	0.63055331	0.62151875	
597.4	0.63046451	0.62152167	
597.6	0.63083221	0.62152457	
597.8	0.63097167	0.62152744	
598	0.63072779	0.62153029	
598.2	0.63076065	0.62153312	
598.4	0.63064853	0.62153592	
598.6	0.6306135	0.62153869	
598.8	0.63046122	0.62154145	
599	0.6304695	0.62154418	
599.2	0.63023348	0.62154689	
599.4	0.6302549	0.62154957	
599.6	0.63060161	0.62155224	
599.8	0.63057551	0.62155488	
600.01	0.63057551	0.62155751	
600.21	0.63069982	0.62127111	
600.41	0.6310355	0.62098484	
600.61	0.63108883	0.6206987	
600.81	0.63135254	0.62041269	
601.01	0.63134866	0.62012681	
601.21	0.63167438	0.61984107	
601.41	0.63145894	0.61955545	
601.61	0.63115008	0.61926997	
601.81	0.63090587	0.61898462	
602.01	0.63072329	0.61869941	
602.21	0.63042407	0.61841432	
602.41	0.62982806	0.61812936	
602.61	0.62982411	0.61784454	
602.81	0.62990617	0.61755985	
603.01	0.62922131	0.61727529	
603.21	0.62863732	0.61699086	
603.41	0.6282832	0.61670656	
603.61	0.62800898	0.61642239	
603.81	0.62814013	0.61613835	
604.01	0.62773944	0.61585444	
604.21	0.62733447	0.61557067	
604.41	0.62761012	0.61528702	
604.61	0.62756175	0.61500351	
604.81	0.62772724	0.61472013	
605.01	0.62721872	0.61443687	
605.21	0.62730909	0.61415375	
605.41	0.62678142	0.61387076	
605.61	0.6264176	0.6135879	
605.81	0.62619266	0.61330517	
606.01	0.62581372	0.61302257	
606.21	0.62533829	0.61274009	
606.41	0.62482917	0.61245775	
606.61	0.62466161	0.61217554	
606.81	0.6243776	0.61189346	
607.01	0.62329085	0.61161151	
607.21	0.62285526	0.61132969	
607.41	0.62258231	0.611048	
607.61	0.62216912	0.61076644	
607.81	0.62230827	0.61048501	
608.01	0.62219396	0.61020371	
608.21	0.62198195	0.60992254	
608.41	0.62222444	0.60964149	
608.61	0.62175919	0.60936058	
608.81	0.62164339	0.6090798	
609.01	0.62113196	0.60879914	
609.21	0.6213192	0.60851862	
609.41	0.62094699	0.60823822	
609.61	0.62045358	0.60795796	
609.81	0.62016736	0.60767782	
610.01	0.62002947	0.60739781	
610.21	0.61963331	0.60711793	
610.41	0.619171	0.60683818	
610.61	0.61852284	0.60655856	
610.81	0.61817003	0.60627907	
611.01	0.61763517	0.60599971	
611.21	0.61781611	0.60572047	
611.41	0.61765309	0.60544136	
611.61	0.61744056	0.60516239	
611.81	0.6172755	0.60488354	
612.01	0.61705123	0.60460482	
612.21	0.61667125	0.60432623	
612.41	0.61639862	0.60404776	
612.61	0.61604039	0.60376943	
612.81	0.61602888	0.60349122	
613.01	0.61582916	0.60321314	
613.21	0.61586028	0.60293519	
613.41	0.61547285	0.60265737	
613.61	0.61544033	0.60237967	
613.81	0.6152465	0.60210211	
614.01	0.61502837	0.60182467	
614.21	0.61452382	0.60154736	
614.41	0.61427971	0.60127017	
614.61	0.61400117	0.60099312	
614.81	0.61377526	0.60071619	
615.01	0.61386189	0.60043939	
615.21	0.61365096	0.60016272	
615.41	0.61307009	0.59988617	
615.61	0.61251293	0.59960975	
615.81	0.61219473	0.59933346	
616.01	0.61212302	0.5990573	
616.21	0.61165551	0.59878127	
616.41	0.61133204	0.59850536	
616.61	0.6110399	0.59822957	
616.81	0.61091539	0.59795392	
617.01	0.6104369	0.59767839	
617.21	0.61036804	0.59740299	
617.41	0.61007864	0.59712772	
617.61	0.61018488	0.59685257	
617.81	0.60977949	0.59657755	
618.01	0.60954429	0.59630266	
618.21	0.60938373	0.59602789	
618.41	0.60902207	0.59575325	
618.61	0.60854326	0.59547874	
618.81	0.6080526	0.59520435	
619.01	0.60783806	0.59493009	
619.21	0.60727035	0.59465596	
619.41	0.60693926	0.59438195	
619.61	0.6063769	0.59410807	
619.81	0.60628425	0.59383431	
620.01	0.60581326	0.59356068	
620.21	0.60537949	0.59328718	
620.41	0.60494041	0.5930138	
620.61	0.60471169	0.59274055	
620.81	0.60462979	0.59246743	
621.01	0.6039966	0.59219443	
621.21	0.6041702	0.59192156	
621.41	0.60399814	0.59164881	
621.61	0.60385454	0.59137619	
621.81	0.60361941	0.59110369	
622.01	0.60355678	0.59083132	
622.21	0.60347353	0.59055907	
622.41	0.60340858	0.59028695	
622.61	0.60322029	0.59001496	
622.81	0.60289557	0.58974309	
623.01	0.60315717	0.58947135	
623.21	0.60345231	0.58919973	
623.41	0.60344206	0.58892823	
623.61	0.60342459	0.58865686	
623.81	0.60337664	0.58838562	
624.01	0.60284772	0.5881145	
624.21	0.60226108	0.58784351	
624.41	0.60174167	0.58757264	
624.61	0.60155538	0.5873019	
624.81	0.60080685	0.58703128	
625.01	0.60008922	0.58676078	
625.21	0.59953774	0.58649041	
625.41	0.59918923	0.58622017	
625.61	0.59832443	0.58595005	
625.81	0.59796351	0.58568005	
626.01	0.59754206	0.58541018	
626.21	0.59709647	0.58514043	
626.41	0.59678105	0.58487081	
626.61	0.5966067	0.58460131	
626.81	0.59679709	0.58433194	
627.01	0.59710401	0.58406268	
627.21	0.59741242	0.58379356	
627.41	0.59726621	0.58352456	
627.61	0.5970703	0.58325568	
627.81	0.59689116	0.58298692	
628.01	0.59661001	0.58271829	
628.21	0.59621936	0.58244978	
628.41	0.59628459	0.5821814	
628.61	0.59601337	0.58191314	
628.81	0.5954574	0.58164501	
629.01	0.5951841	0.58137699	
629.21	0.59471539	0.5811091	
629.41	0.59455579	0.58084134	
629.61	0.59374036	0.5805737	
629.81	0.59353939	0.58030618	
630.01	0.59308591	0.58003878	
630.21	0.59262485	0.57977151	
630.41	0.59236186	0.57950436	
630.61	0.59224346	0.57923733	
630.81	0.59231372	0.57897043	
631.01	0.59190001	0.57870365	
631.21	0.59181498	0.57843699	
631.41	0.5911661	0.57817046	
631.61	0.59103091	0.57790405	
631.81	0.59095672	0.57763776	
632.01	0.59071725	0.57737159	
632.21	0.59045057	0.57710555	
632.41	0.59017993	0.57683963	
632.61	0.58993349	0.57657383	
632.81	0.58942614	0.57630815	
633.01	0.58893134	0.5760426	
633.21	0.58840482	0.57577717	
633.41	0.58826724	0.57551186	
633.61	0.5877166	0.57524668	
633.81	0.58774585	0.57498161	
634.01	0.5873231	0.57471667	
634.21	0.58712553	0.57445185	
634.41	0.5869997	0.57418715	
634.61	0.58701103	0.57392257	
634.81	0.5873185	0.57365812	
635.01	0.58697945	0.57339379	
635.21	0.58676543	0.57312958	
635.41	0.58650142	0.57286549	
635.61	0.58626611	0.57260152	
635.81	0.58574794	0.57233768	
636.01	0.58556466	0.57207395	
636.21	0.58509432	0.57181035	
636.41	0.58503988	0.57154687	
636.61	0.58486605	0.57128351	
636.81	0.58389608	0.57102027	
637.01	0.58365671	0.57075716	
637.21	0.58333658	0.57049416	
637.41	0.58312236	0.57023129	
637.61	0.58261846	0.56996853	
637.81	0.58231388	0.5697059	
638.01	0.58174031	0.56944339	
638.21	0.58128822	0.569181	
638.41	0.58071	0.56891873	
638.61	0.58065356	0.56865658	
638.81	0.58040209	0.56839455	
639.01	0.58005323	0.56813265	
639.21	0.57956506	0.56787086	
639.41	0.57924117	0.56760919	
639.61	0.57881014	0.56734765	
639.81	0.57897559	0.56708622	
640.01	0.57904785	0.56682492	
640.21	0.57896187	0.56656374	
640.41	0.57912613	0.56630267	
640.61	0.5787421	0.56604173	
640.81	0.57864604	0.56578091	
641.01	0.57873032	0.56552021	
641.21	0.57868424	0.56525962	
641.41	0.57877018	0.56499916	
641.61	0.57877808	0.56473882	
641.81	0.57850001	0.5644786	
642.01	0.57793246	0.56421849	
642.21	0.57733109	0.56395851	
642.41	0.57692693	0.56369865	
642.61	0.57708405	0.5634389	
642.81	0.5766301	0.56317928	
643.01	0.57619254	0.56291978	
643.21	0.57553489	0.56266039	
643.41	0.57529308	0.56240113	
643.61	0.57475007	0.56214198	
643.81	0.57433185	0.56188296	
644.01	0.57347988	0.56162405	
644.21	0.57331047	0.56136526	
644.41	0.57311549	0.5611066	
644.61	0.57272142	0.56084805	
644.81	0.57263319	0.56058962	
645.01	0.57224452	0.56033131	
645.21	0.57253709	0.56007312	
645.41	0.57234575	0.55981504	
645.61	0.57224371	0.55955709	
645.81	0.57166414	0.55929925	
646.01	0.57138243	0.55904154	
646.21	0.57139352	0.55878394	
646.41	0.57144964	0.55852646	
646.61	0.57135531	0.5582691	
646.81	0.57079172	0.55801186	
647.01	0.57060931	0.55775474	
647.21	0.57065683	0.55749773	
647.41	0.57069293	0.55724085	
647.61	0.57016023	0.55698408	
647.81	0.56985496	0.55672743	
648.01	0.5696984	0.5564709	
648.21	0.56938776	0.55621449	
648.41	0.56879146	0.55595819	
648.61	0.56835007	0.55570202	
648.81	0.56791287	0.55544596	
649.01	0.5677709	0.55519002	
649.21	0.56722907	0.5549342	
649.41	0.56689618	0.55467849	
649.61	0.56681588	0.5544229	
649.81	0.56630098	0.55416744	
650.01	0.56635092	0.55391208	
650.21	0.56636092	0.55365685	
650.41	0.56631254	0.55340174	
650.61	0.56624617	0.55314674	
650.81	0.56635339	0.55289186	
651.01	0.56647338	0.55263709	
651.21	0.56639586	0.55238245	
651.41	0.56656811	0.55212792	
651.61	0.5659809	0.55187351	
651.81	0.56594385	0.55161921	
652.01	0.56566703	0.55136503	
652.21	0.56491827	0.55111097	
652.41	0.56476653	0.55085703	
652.61	0.5645315	0.55060321	
652.81	0.56402659	0.5503495	
653.01	0.56382876	0.5500959	
653.21	0.56274923	0.54984243	
653.41	0.56230827	0.54958907	
653.61	0.5619442	0.54933583	
653.81	0.56161325	0.5490827	
654.01	0.56177849	0.5488297	
654.21	0.5615775	0.5485768	
654.41	0.56141302	0.54832403	
654.61	0.56121055	0.54807137	
654.81	0.56104231	0.54781883	
655.01	0.56085645	0.5475664	
655.21	0.56072614	0.54731409	
655.41	0.5607515	0.5470619	
655.61	0.5604185	0.54680982	
655.81	0.56037099	0.54655786	
656.01	0.56012995	0.54630602	
656.21	0.55968655	0.54605429	
656.41	0.55934272	0.54580267	
656.61	0.5587089	0.54555118	
656.81	0.55830913	0.5452998	
657.01	0.55758121	0.54504853	
657.21	0.55706971	0.54479738	
657.41	0.5567123	0.54454635	
657.61	0.55626508	0.54429543	
657.81	0.55592016	0.54404463	
658.01	0.55560626	0.54379394	
658.21	0.55537923	0.54354337	
658.41	0.55497835	0.54329291	
658.61	0.55484058	0.54304257	
658.81	0.55473188	0.54279235	
659.01	0.55471626	0.54254224	
659.21	0.55447313	0.54229224	
659.41	0.55413311	0.54204236	
659.61	0.55409914	0.5417926	
659.81	0.55372615	0.54154295	
660.01	0.55375468	0.54129342	
660.21	0.55369877	0.541044	
660.41	0.55375046	0.54079469	
660.61	0.55396634	0.5405455	
660.81	0.55369299	0.54029643	
661.01	0.55310834	0.54004747	
661.21	0.55282377	0.53979862	
661.41	0.55221839	0.53954989	
661.61	0.55158205	0.53930128	
661.81	0.5511641	0.53905278	
662.01	0.55042669	0.53880439	
662.21	0.55026952	0.53855612	
662.41	0.54960774	0.53830796	
662.61	0.54918786	0.53805992	
662.81	0.5490966	0.53781199	
663.01	0.54896959	0.53756417	
663.21	0.54871956	0.53731647	
663.41	0.54825928	0.53706888	
663.61	0.54847284	0.53682141	
663.81	0.54855514	0.53657405	
664.01	0.54882935	0.53632681	
664.21	0.549224	0.53607968	
664.41	0.54920683	0.53583266	
664.61	0.54916253	0.53558576	
664.81	0.54855391	0.53533897	
665.01	0.54813823	0.53509229	
665.21	0.54788357	0.53484573	
665.41	0.54771921	0.53459928	
665.61	0.54739621	0.53435295	
665.81	0.54680738	0.53410673	
666.01	0.54639393	0.53386062	
666.21	0.5456301	0.53361463	
666.41	0.54497879	0.53336875	
666.61	0.54464171	0.53312298	
666.81	0.54464985	0.53287732	
667.01	0.54393645	0.53263178	
667.21	0.54355834	0.53238635	
667.41	0.54321629	0.53214104	
667.61	0.54322386	0.53189584	
667.81	0.54294455	0.53165075	
668.01	0.54269999	0.53140577	
668.21	0.5425182	0.53116091	
668.41	0.54235817	0.53091616	
668.61	0.5426299	0.53067152	
668.81	0.54226528	0.530427	
669.01	0.54244433	0.53018259	
669.21	0.54260576	0.52993829	
669.41	0.54263365	0.5296941	
669.61	0.54255047	0.52945002	
669.81	0.5423682	0.52920606	
670.01	0.54221971	0.52896221	
670.21	0.54174791	0.52871848	
670.41	0.54191933	0.52847485	
670.61	0.54184291	0.52823134	
670.81	0.54123016	0.52798794	
671.01	0.54085525	0.52774465	
671.21	0.54060782	0.52750147	
671.41	0.54063905	0.52725841	
671.61	0.54058709	0.52701546	
671.81	0.53997697	0.52677262	
672.01	0.53955891	0.52652989	
672.21	0.53923744	0.52628727	
672.41	0.53887649	0.52604477	
672.61	0.538428	0.52580238	
672.81	0.53744193	0.52556009	
673.01	0.53705081	0.52531793	
673.21	0.53630154	0.52507587	
673.41	0.53576967	0.52483392	
673.61	0.53571293	0.52459209	
673.81	0.53562153	0.52435036	
674.01	0.53559984	0.52410875	
674.21	0.53572717	0.52386725	
674.41	0.53528517	0.52362586	
674.61	0.53554492	0.52338458	
674.81	0.53524949	0.52314341	
675.01	0.53562981	0.52290236	
675.21	0.53605294	0.52266141	
675.41	0.53612577	0.52242058	
675.61	0.53568839	0.52217986	
675.81	0.53499622	0.52193925	
676.01	0.53488679	0.52169874	
676.21	0.53480576	0.52145835	
676.41	0.53415539	0.52121807	
676.61	0.53362371	0.52097791	
676.81	0.53311364	0.52073785	
677.01	0.53268576	0.5204979	
677.21	0.53247816	0.52025806	
677.41	0.53225951	0.52001834	
677.61	0.53256244	0.51977872	
677.81	0.53226204	0.51953922	
678.01	0.53213129	0.51929982	
678.21	0.53178361	0.51906054	
678.41	0.53120596	0.51882136	
678.61	0.53097227	0.5185823	
678.81	0.5304004	0.51834334	
679.01	0.53048739	0.5181045	
679.21	0.53037677	0.51786576	
679.41	0.52959793	0.51762714	
679.61	0.52907456	0.51738863	
679.81	0.52883054	0.51715022	
680.01	0.52892993	0.51691193	
680.21	0.52853547	0.51667374	
680.41	0.5279083	0.51643567	
680.61	0.52747957	0.5161977	
680.81	0.52731131	0.51595985	
681.01	0.52699146	0.5157221	
681.21	0.52672707	0.51548447	
681.41	0.52650294	0.51524694	
681.61	0.52656273	0.51500952	
681.81	0.52623127	0.51477221	
682.01	0.52563267	0.51453501	
682.21	0.52517955	0.51429793	
682.41	0.52455642	0.51406095	
682.61	0.52434436	0.51382407	
682.81	0.52432809	0.51358731	
683.01	0.52445266	0.51335066	
683.21	0.52427086	0.51311412	
683.41	0.52410687	0.51287768	
683.61	0.52396447	0.51264136	
683.81	0.52400252	0.51240514	
684.01	0.52396363	0.51216903	
684.21	0.52350341	0.51193303	
684.41	0.52344728	0.51169714	
684.61	0.52346781	0.51146136	
684.81	0.52333763	0.51122569	
685.01	0.52321761	0.51099012	
685.21	0.52314832	0.51075467	
685.41	0.52297717	0.51051932	
685.61	0.52301013	0.51028408	
685.81	0.52287399	0.51004895	
686.01	0.52247146	0.50981393	
686.21	0.52225867	0.50957901	
686.41	0.52182628	0.50934421	
686.61	0.52177299	0.50910951	
686.81	0.52167806	0.50887492	
687.01	0.52134553	0.50864044	
687.21	0.52152083	0.50840607	
687.41	0.52140806	0.5081718	
687.61	0.52127472	0.50793764	
687.81	0.5209744	0.5077036	
688.01	0.52061984	0.50746965	
688.21	0.52041829	0.50723582	
688.41	0.52024254	0.50700209	
688.61	0.52003027	0.50676848	
688.81	0.51928946	0.50653497	
689.01	0.51892764	0.50630156	
689.21	0.51849515	0.50606827	
689.41	0.51807024	0.50583508	
689.61	0.51753384	0.505602	
689.81	0.516727	0.50536902	
690.01	0.51636263	0.50513616	
690.21	0.51588868	0.5049034	
690.41	0.51567224	0.50467075	
690.61	0.51547478	0.50443821	
690.81	0.51551076	0.50420577	
691.01	0.51516224	0.50397344	
691.21	0.51541211	0.50374122	
691.41	0.51517841	0.5035091	
691.61	0.51499825	0.50327709	
691.81	0.51473261	0.50304519	
692.01	0.51474019	0.50281339	
692.21	0.51493964	0.50258171	
692.41	0.51499335	0.50235013	
692.61	0.51472366	0.50211865	
692.81	0.5140536	0.50188728	
693.01	0.51403901	0.50165602	
693.21	0.51391739	0.50142487	
693.41	0.51337975	0.50119382	
693.61	0.51273678	0.50096288	
693.81	0.51227769	0.50073204	
694.01	0.51253152	0.50050131	
694.21	0.51262919	0.50027069	
694.41	0.51242683	0.50004017	
694.61	0.51223475	0.49980976	
694.81	0.51202196	0.49957946	
695.01	0.51192183	0.49934926	
695.21	0.51183687	0.49911917	
695.41	0.51182964	0.49888918	
695.61	0.51118572	0.4986593	
695.81	0.51120576	0.49842953	
696.01	0.51113745	0.49819986	
696.21	0.51109582	0.4979703	
696.41	0.51071329	0.49774084	
696.61	0.50992504	0.49751149	
696.81	0.50958597	0.49728224	
697.01	0.50939313	0.4970531	
697.21	0.5089645	0.49682407	
697.41	0.50826589	0.49659514	
697.61	0.50793226	0.49636632	
697.81	0.50760401	0.4961376	
698.01	0.50718161	0.49590899	
698.21	0.50684916	0.49568048	
698.41	0.50607117	0.49545208	
698.61	0.5062008	0.49522379	
698.81	0.50585272	0.49499559	
699.01	0.5057271	0.49476751	
699.21	0.50556988	0.49453953	
699.41	0.50537257	0.49431165	
699.61	0.50536223	0.49408388	
699.81	0.5058133	0.49385622	
700.01	0.5058221	0.49362865	
700.21	0.50588495	0.4934012	
700.41	0.50591687	0.49317385	
700.61	0.50589814	0.4929466	
700.81	0.50623445	0.49271946	
701.01	0.50611024	0.49249242	
701.21	0.50601136	0.49226549	
701.41	0.50554611	0.49203866	
701.61	0.50522475	0.49181194	
701.81	0.50471656	0.49158532	
702.01	0.50366526	0.49135881	
702.21	0.50365366	0.49113239	
702.41	0.50321365	0.49090609	
702.61	0.50302573	0.49067989	
702.81	0.50230588	0.49045379	
703.01	0.50224317	0.4902278	
703.21	0.50164631	0.49000191	
703.41	0.50127863	0.48977612	
703.61	0.50122774	0.48955044	
703.81	0.50104048	0.48932487	
704.01	0.50076334	0.48909939	
704.21	0.50056968	0.48887402	
704.41	0.50058817	0.48864876	
704.61	0.50023666	0.4884236	
704.81	0.50015354	0.48819854	
705.01	0.49959359	0.48797359	
705.21	0.4988422	0.48774874	
705.41	0.49814103	0.48752399	
705.61	0.49781737	0.48729935	
705.81	0.49719638	0.48707481	
706.01	0.49696703	0.48685037	
706.21	0.49685814	0.48662604	
706.41	0.49645037	0.48640181	
706.61	0.49628472	0.48617768	
706.81	0.49626442	0.48595366	
707.01	0.49620723	0.48572974	
707.21	0.49577797	0.48550592	
707.41	0.49571727	0.48528221	
707.61	0.49597379	0.4850586	
707.81	0.49580017	0.48483509	
708.01	0.49586585	0.48461169	
708.21	0.49564977	0.48438839	
708.41	0.49601863	0.48416519	
708.61	0.49594658	0.48394209	
708.81	0.49616928	0.4837191	
709.01	0.49571952	0.48349621	
709.21	0.49537935	0.48327342	
709.41	0.49508472	0.48305074	
709.61	0.49512554	0.48282816	
709.81	0.49451736	0.48260568	
710.01	0.49430128	0.4823833	
710.21	0.49371021	0.48216103	
710.41	0.49332137	0.48193886	
710.61	0.49287475	0.48171679	
710.81	0.49271877	0.48149482	
711.01	0.49242395	0.48127295	
711.21	0.49185878	0.48105119	
711.41	0.49147926	0.48082953	
711.61	0.4914468	0.48060797	
711.81	0.49125627	0.48038652	
712.01	0.49071601	0.48016516	
712.21	0.49029853	0.47994391	
712.41	0.49072714	0.47972276	
712.61	0.49047378	0.47950171	
712.81	0.49041254	0.47928076	
713.01	0.49006392	0.47905992	
713.21	0.49001468	0.47883918	
713.41	0.48988392	0.47861854	
713.61	0.48998297	0.478398	
713.81	0.4897394	0.47817756	
714.01	0.48947198	0.47795722	
714.21	0.48928343	0.47773699	
714.41	0.48899187	0.47751685	
714.61	0.48851468	0.47729682	
714.81	0.48837916	0.47707689	
715.01	0.48799596	0.47685706	
715.21	0.48749547	0.47663733	
715.41	0.48741492	0.47641771	
715.61	0.48675815	0.47619818	
715.81	0.48635402	0.47597876	
716.01	0.4854047	0.47575943	
716.21	0.48537573	0.47554021	
716.41	0.48517066	0.47532109	
716.61	0.48451781	0.47510207	
716.81	0.48470865	0.47488315	
717.01	0.48447871	0.47466433	
717.21	0.48464125	0.47444562	
717.41	0.48497919	0.474227	
717.61	0.48544148	0.47400848	
717.81	0.48548056	0.47379007	
718.01	0.48528831	0.47357175	
718.21	0.48566373	0.47335354	
718.41	0.48562279	0.47313542	
718.61	0.48564742	0.47291741	
718.81	0.48546078	0.4726995	
719.01	0.48526797	0.47248169	
719.21	0.48479437	0.47226398	
719.41	0.48459089	0.47204636	
719.61	0.48416696	0.47182885	
719.81	0.48402403	0.47161144	
720.01	0.48348326	0.47139413	
720.21	0.48283903	0.47117692	
720.41	0.4823494	0.47095981	
720.61	0.48191037	0.4707428	
720.81	0.48191468	0.47052589	
721.01	0.4809807	0.47030908	
721.21	0.48082502	0.47009237	
721.41	0.48061184	0.46987576	
721.61	0.48030862	0.46965924	
721.81	0.47986108	0.46944283	
722.01	0.47982615	0.46922652	
722.21	0.47957296	0.46901031	
722.41	0.47936878	0.4687942	
722.61	0.47919951	0.46857819	
722.81	0.47849064	0.46836227	
723.01	0.47831568	0.46814646	
723.21	0.47790961	0.46793074	
723.41	0.47813331	0.46771513	
723.61	0.47847763	0.46749961	
723.81	0.47857876	0.4672842	
724.01	0.47844115	0.46706888	
724.21	0.47834943	0.46685366	
724.41	0.47860984	0.46663854	
724.61	0.47852294	0.46642352	
724.81	0.47856896	0.4662086	
725.01	0.47818499	0.46599378	
725.21	0.47797913	0.46577906	
725.41	0.47768267	0.46556444	
725.61	0.47749313	0.46534991	
725.81	0.47731177	0.46513549	
726.01	0.47712608	0.46492116	
726.21	0.47659069	0.46470693	
726.41	0.47653936	0.4644928	
726.61	0.47609016	0.46427877	
726.81	0.4754879	0.46406484	
727.01	0.4750878	0.46385101	
727.21	0.47487784	0.46363727	
727.41	0.47481293	0.46342364	
727.61	0.47473991	0.4632101	
727.81	0.47448138	0.46299666	
728.01	0.47405381	0.46278332	
728.21	0.47374235	0.46257007	
728.41	0.47329294	0.46235693	
728.61	0.47278513	0.46214388	
728.81	0.47258113	0.46193093	
729.01	0.47208305	0.46171808	
729.21	0.47144454	0.46150533	
729.41	0.47108561	0.46129268	
729.61	0.47101404	0.46108012	
729.81	0.47097576	0.46086766	
730.01	0.47123941	0.4606553	
730.21	0.47120115	0.46044304	
730.41	0.47139643	0.46023088	
730.61	0.47130601	0.46001881	
730.81	0.47118921	0.45980684	
731.01	0.47115681	0.45959497	
731.21	0.47120932	0.45938319	
731.41	0.47092214	0.45917152	
731.61	0.47074697	0.45895994	
731.81	0.47069211	0.45874846	
732.01	0.47016472	0.45853707	
732.21	0.46963321	0.45832579	
732.41	0.46879343	0.4581146	
732.61	0.46864893	0.45790351	
732.81	0.46829592	0.45769251	
733.01	0.46790973	0.45748162	
733.21	0.46759841	0.45727082	
733.41	0.46740167	0.45706011	
733.61	0.46742003	0.45684951	
733.81	0.46746098	0.456639	
734.01	0.46771918	0.45642859	
734.21	0.4675044	0.45621827	
734.41	0.46730208	0.45600805	
734.61	0.46681824	0.45579793	
734.81	0.46637438	0.45558791	
735.01	0.46605543	0.45537798	
735.21	0.46571089	0.45516815	
735.41	0.46534226	0.45495842	
735.61	0.46483257	0.45474878	
735.81	0.46477627	0.45453924	
736.01	0.46454249	0.45432979	
736.21	0.46415087	0.45412045	
736.41	0.46391217	0.45391119	
736.61	0.46419385	0.45370204	
736.81	0.46407158	0.45349298	
737.01	0.4641573	0.45328402	
737.21	0.46428132	0.45307515	
737.41	0.46415344	0.45286638	
737.61	0.4641024	0.45265771	
737.81	0.46403707	0.45244913	
738.01	0.46379899	0.45224065	
738.21	0.46350185	0.45203227	
738.41	0.46325709	0.45182398	
738.61	0.46278173	0.45161578	
738.81	0.46250076	0.45140769	
739.01	0.4623884	0.45119969	
739.21	0.46198765	0.45099178	
739.41	0.4620303	0.45078397	
739.61	0.4623344	0.45057626	
739.81	0.46255879	0.45036864	
740.01	0.46229662	0.45016112	
740.21	0.46205896	0.44995369	
740.41	0.46229058	0.44974636	
740.61	0.46244261	0.44953912	
740.81	0.46248092	0.44933198	
741.01	0.46223635	0.44912494	
741.21	0.46195795	0.44891799	
741.41	0.46168461	0.44871113	
741.61	0.46110226	0.44850438	
741.81	0.46036631	0.44829771	
742.01	0.45986056	0.44809114	
742.21	0.45961032	0.44788467	
742.41	0.45913634	0.44767829	
742.61	0.45843731	0.44747201	
742.81	0.45825612	0.44726582	
743.01	0.45795057	0.44705973	
743.21	0.45769447	0.44685373	
743.41	0.45761017	0.44664783	
743.61	0.45755848	0.44644202	
743.81	0.45721307	0.44623631	
744.01	0.45678292	0.44603069	
744.21	0.45721595	0.44582517	
744.41	0.45756472	0.44561974	
744.61	0.45785022	0.4454144	
744.81	0.45773011	0.44520916	
745.01	0.45735769	0.44500402	
745.21	0.45704007	0.44479897	
745.41	0.45659135	0.44459401	
745.61	0.45602796	0.44438915	
745.81	0.4558014	0.44418438	
746.01	0.45517635	0.44397971	
746.21	0.4547988	0.44377513	
746.41	0.45437622	0.44357065	
746.61	0.45374144	0.44336626	
746.81	0.45324255	0.44316196	
747.01	0.45273222	0.44295776	
747.21	0.45240598	0.44275365	
747.41	0.45196123	0.44254964	
747.61	0.45204364	0.44234572	
747.81	0.45192443	0.44214189	
748.01	0.45177381	0.44193816	
748.21	0.45208009	0.44173452	
748.41	0.4523985	0.44153098	
748.61	0.45278448	0.44132753	
748.81	0.45271826	0.44112417	
749.01	0.45283801	0.44092091	
749.21	0.4528457	0.44071774	
749.41	0.45261311	0.44051466	
749.61	0.45250522	0.44031168	
749.81	0.45209126	0.44010879	
750.01	0.45146821	0.439906	
750.21	0.45135443	0.4397033	
750.41	0.45072399	0.43950069	
750.61	0.44997632	0.43929817	
750.81	0.4496946	0.43909575	
751.01	0.4496725	0.43889342	
751.21	0.44945978	0.43869119	
751.41	0.4490994	0.43848905	
751.61	0.44875258	0.438287	
751.81	0.44815507	0.43808504	
752.01	0.44767439	0.43788318	
752.21	0.44750473	0.43768141	
752.41	0.44763655	0.43747974	
752.61	0.44780701	0.43727815	
752.81	0.44752468	0.43707666	
753.01	0.4476082	0.43687526	
753.21	0.44718624	0.43667396	
753.41	0.44670622	0.43647275	
753.61	0.44636978	0.43627163	
753.81	0.4460872	0.4360706	
754.01	0.44597804	0.43586967	
754.21	0.4457406	0.43566882	
754.41	0.44529055	0.43546808	
754.61	0.44522382	0.43526742	
754.81	0.44566556	0.43506685	
755.01	0.44594496	0.43486638	
755.21	0.446083	0.434666	
755.41	0.44584961	0.43446572	
755.61	0.4456713	0.43426552	
755.81	0.44549943	0.43406542	
756.01	0.44519831	0.43386541	
756.21	0.44521641	0.43366549	
756.41	0.44523765	0.43346567	
756.61	0.44497275	0.43326593	
756.81	0.44450753	0.43306629	
757.01	0.44439669	0.43286674	
757.21	0.44372197	0.43266728	
757.41	0.44296601	0.43246792	
757.61	0.44242957	0.43226864	
757.81	0.4416599	0.43206946	
758.01	0.44121061	0.43187037	
758.21	0.44103415	0.43167137	
758.41	0.44077433	0.43147246	
758.61	0.44044562	0.43127365	
758.81	0.44078803	0.43107492	
759.01	0.44058282	0.43087629	
759.21	0.4406572	0.43067775	
759.41	0.44059532	0.4304793	
759.61	0.44095293	0.43028094	
759.81	0.44082249	0.43008268	
760.01	0.44055717	0.4298845	
760.21	0.44075876	0.42968642	
760.41	0.44047411	0.42948843	
760.61	0.43971825	0.42929052	
760.81	0.43951661	0.42909271	
761.01	0.43897304	0.428895	
761.21	0.43826014	0.42869737	
761.41	0.43776237	0.42849983	
761.61	0.43752733	0.42830239	
761.81	0.43714012	0.42810503	
762.01	0.43710068	0.42790777	
762.21	0.43697804	0.42771059	
762.41	0.436749	0.42751351	
762.61	0.43632479	0.42731652	
762.81	0.43649564	0.42711962	
763.01	0.43609034	0.42692281	
763.21	0.4365174	0.42672609	
763.41	0.43656948	0.42652946	
763.61	0.43641363	0.42633293	
763.81	0.43614368	0.42613648	
764.01	0.43588045	0.42594012	
764.21	0.43612206	0.42574385	
764.41	0.43595576	0.42554768	
764.61	0.43566764	0.42535159	
764.81	0.43565918	0.4251556	
765.01	0.43502544	0.42495969	
765.21	0.43517448	0.42476388	
765.41	0.435413	0.42456816	
765.61	0.43529214	0.42437252	
765.81	0.43523925	0.42417698	
766.01	0.43513256	0.42398152	
766.21	0.43494283	0.42378616	
766.41	0.43468933	0.42359089	
766.61	0.43446934	0.4233957	
766.81	0.43419629	0.42320061	
767.01	0.43355064	0.4230056	
767.21	0.43369267	0.42281069	
767.41	0.43308965	0.42261587	
767.61	0.43275968	0.42242113	
767.81	0.43212748	0.42222649	
768.01	0.43156703	0.42203193	
768.21	0.43171098	0.42183747	
768.41	0.43128097	0.42164309	
768.61	0.43075624	0.4214488	
768.81	0.4304891	0.42125461	
769.01	0.42974303	0.4210605	
769.21	0.42956568	0.42086648	
769.41	0.42962397	0.42067255	
769.61	0.42982393	0.42047872	
769.81	0.42985468	0.42028497	
770.01	0.42979068	0.4200913	
770.21	0.42968632	0.41989773	
770.41	0.42991531	0.41970425	
770.61	0.430374	0.41951086	
770.81	0.43034759	0.41931756	
771.01	0.43072459	0.41912434	
771.21	0.43127735	0.41893121	
771.41	0.43111753	0.41873818	
771.61	0.43104436	0.41854523	
771.81	0.43052637	0.41835237	
772.01	0.43025044	0.4181596	
772.21	0.43017807	0.41796692	
772.41	0.42968107	0.41777433	
772.61	0.42915237	0.41758182	
772.81	0.42845584	0.41738941	
773.01	0.42790712	0.41719708	
773.21	0.42748285	0.41700485	
773.41	0.42725971	0.4168127	
773.61	0.42688291	0.41662064	
773.81	0.42615853	0.41642866	
774.01	0.42576723	0.41623678	
774.21	0.42549009	0.41604499	
774.41	0.42559608	0.41585328	
774.61	0.42572907	0.41566166	
774.81	0.42585593	0.41547013	
775.01	0.42626754	0.41527869	
775.21	0.42620384	0.41508734	
775.41	0.42577329	0.41489607	
775.61	0.42540041	0.41470489	
775.81	0.42521225	0.4145138	
776.01	0.42483297	0.4143228	
776.21	0.42462431	0.41413189	
776.41	0.42439988	0.41394106	
776.61	0.4239494	0.41375033	
776.81	0.42361942	0.41355968	
777.01	0.42358642	0.41336912	
777.21	0.42273198	0.41317864	
777.41	0.42239163	0.41298826	
777.61	0.42211692	0.41279796	
777.81	0.42170414	0.41260775	
778.01	0.42156236	0.41241762	
778.21	0.4214714	0.41222759	
778.41	0.42160698	0.41203764	
778.61	0.42183379	0.41184778	
778.81	0.42203765	0.41165801	
779.01	0.42215898	0.41146832	
779.21	0.42217762	0.41127873	
779.41	0.42213289	0.41108921	
779.61	0.42235088	0.41089979	
779.81	0.42267323	0.41071046	
