Conc1	6.25E-08	
Start1	420	
Stop1	779.8	
Kobs	0.0023044491822067	
Error Kobs	1.95701090638712E-05	
Koff	0	
Error Koff	0	
Time1	Data1	Fit1	
420	-0.00375511	0	
420.2	-0.00242653	0.00114645	
420.4	-0.00108022	0.00229008	
420.6	0.00002011	0.0034309	
420.8	0.00135311	0.00456892	
421	0.00285009	0.00570414	
421.2	0.00408638	0.00683657	
421.4	0.00508071	0.00796623	
421.6	0.00615638	0.00909311	
421.8	0.00702254	0.01021722	
422	0.00777295	0.01133857	
422.2	0.0084655	0.01245716	
422.4	0.0092952	0.01357301	
422.6	0.01047402	0.01468612	
422.8	0.01169129	0.01579649	
423	0.01335234	0.01690413	
423.2	0.01514358	0.01800906	
423.4	0.01692399	0.01911127	
423.6	0.01854886	0.02021077	
423.8	0.02034623	0.02130757	
424	0.02170442	0.02240168	
424.2	0.0232104	0.0234931	
424.4	0.0246277	0.02458184	
424.6	0.02594412	0.02566791	
424.8	0.02738729	0.02675131	
425	0.02918163	0.02783204	
425.2	0.03032052	0.02891013	
425.4	0.0312737	0.02998556	
425.6	0.03237557	0.03105835	
425.8	0.03351029	0.03212851	
426	0.03454773	0.03319604	
426.2	0.03563221	0.03426095	
426.4	0.03683606	0.03532324	
426.6	0.03834156	0.03638292	
426.8	0.03978058	0.03744	
427	0.04128279	0.03849448	
427.2	0.04284796	0.03954637	
427.4	0.04420184	0.04059568	
427.6	0.04540105	0.04164241	
427.8	0.04682175	0.04268657	
428	0.04759154	0.04372817	
428.2	0.04931487	0.04476721	
428.4	0.05056092	0.04580369	
428.6	0.05215736	0.04683763	
428.8	0.05352942	0.04786903	
429	0.05522988	0.0488979	
429.2	0.05622083	0.04992423	
429.4	0.05709843	0.05094805	
429.6	0.05831989	0.05196936	
429.8	0.05956664	0.05298815	
430	0.06061413	0.05400444	
430.2	0.06172869	0.05501824	
430.4	0.06305976	0.05602954	
430.6	0.06445193	0.05703836	
430.8	0.0656797	0.05804471	
431	0.06690617	0.05904858	
431.2	0.06811856	0.06004998	
431.4	0.06942522	0.06104893	
431.6	0.07061411	0.06204542	
431.8	0.07143681	0.06303947	
432	0.07267006	0.06403107	
432.2	0.07449661	0.06502024	
432.4	0.07605748	0.06600697	
432.6	0.07735666	0.06699129	
432.8	0.07882309	0.06797318	
433	0.07989845	0.06895267	
433.2	0.081023	0.06992975	
433.4	0.08243973	0.07090442	
433.6	0.08357044	0.07187671	
433.8	0.0845508	0.0728466	
434	0.08553364	0.07381412	
434.2	0.0864832	0.07477925	
434.4	0.08773581	0.07574202	
434.6	0.08910191	0.07670242	
434.8	0.09004424	0.07766047	
435	0.09123207	0.07861616	
435.2	0.09250608	0.0795695	
435.4	0.09371275	0.0805205	
435.6	0.09458118	0.08146916	
435.8	0.09561709	0.0824155	
436	0.09719587	0.08335951	
436.2	0.09849082	0.0843012	
436.4	0.09966947	0.08524057	
436.6	0.10042404	0.08617764	
436.8	0.10188406	0.08711241	
437	0.10260064	0.08804489	
437.2	0.10372474	0.08897507	
437.4	0.10470439	0.08990297	
437.6	0.10535531	0.09082858	
437.8	0.10629569	0.09175193	
438	0.10737929	0.09267301	
438.2	0.10844854	0.09359182	
438.4	0.10949319	0.09450838	
438.6	0.11073621	0.09542268	
438.8	0.11193838	0.09633474	
439	0.11309103	0.09724456	
439.2	0.11403996	0.09815215	
439.4	0.11483415	0.09905751	
439.6	0.11573588	0.09996064	
439.8	0.11706583	0.10086155	
440	0.11823822	0.10176025	
440.2	0.11943701	0.10265675	
440.4	0.12057726	0.10355104	
440.6	0.12159567	0.10444313	
440.8	0.12271929	0.10533303	
441	0.12386743	0.10622075	
441.2	0.12490377	0.10710629	
441.4	0.12601429	0.10798965	
441.6	0.12704272	0.10887084	
441.8	0.12762606	0.10974987	
442	0.12863367	0.11062674	
442.2	0.12948836	0.11150145	
442.4	0.13016365	0.11237402	
442.6	0.1313097	0.11324444	
442.8	0.13197417	0.11411273	
443	0.1325397	0.11497888	
443.2	0.13331021	0.11584291	
443.4	0.13435842	0.11670481	
443.6	0.13596414	0.11756459	
443.8	0.13696496	0.11842227	
444	0.13789297	0.11927783	
444.2	0.13890619	0.1201313	
444.4	0.13997786	0.12098267	
444.6	0.14084826	0.12183194	
444.8	0.14191731	0.12267914	
445	0.14346968	0.12352425	
445.2	0.14463286	0.12436728	
445.4	0.14578351	0.12520825	
445.6	0.14658247	0.12604714	
445.8	0.14710656	0.12688398	
446	0.14825868	0.12771876	
446.2	0.1490779	0.1285515	
446.4	0.14962983	0.12938218	
446.6	0.15032654	0.13021083	
446.8	0.15083315	0.13103744	
447	0.15181431	0.13186202	
447.2	0.15296373	0.13268457	
447.4	0.15430001	0.13350511	
447.6	0.15550474	0.13432363	
447.8	0.15640727	0.13514013	
448	0.15764253	0.13595464	
448.2	0.15820396	0.13676714	
448.4	0.15906949	0.13757765	
448.6	0.1599825	0.13838616	
448.8	0.16095633	0.13919269	
449	0.16230311	0.13999724	
449.2	0.16321756	0.14079981	
449.4	0.16424726	0.14160041	
449.6	0.16503665	0.14239905	
449.8	0.16582799	0.14319572	
450	0.16664097	0.14399044	
450.2	0.16707412	0.1447832	
450.4	0.1679851	0.14557402	
450.6	0.16901792	0.14636289	
450.8	0.17021246	0.14714983	
451	0.17137255	0.14793483	
451.2	0.17230911	0.14871791	
451.4	0.17336893	0.14949906	
451.6	0.17474065	0.15027829	
451.8	0.17573877	0.15105561	
452	0.17638445	0.15183102	
452.2	0.17674415	0.15260452	
452.4	0.17736189	0.15337613	
452.6	0.17822395	0.15414584	
452.8	0.17880962	0.15491366	
453	0.17969793	0.15567959	
453.2	0.18050266	0.15644364	
453.4	0.18158118	0.15720582	
453.6	0.18207158	0.15796612	
453.8	0.18251805	0.15872456	
454	0.18274711	0.15948113	
454.2	0.18352608	0.16023584	
454.4	0.18432168	0.16098871	
454.6	0.18495098	0.16173972	
454.8	0.18574581	0.16248888	
455	0.18610839	0.16323621	
455.2	0.18691025	0.1639817	
455.4	0.18716738	0.16472536	
455.6	0.18869103	0.16546719	
455.8	0.18987672	0.1662072	
456	0.19104379	0.1669454	
456.2	0.19205385	0.16768178	
456.4	0.19336091	0.16841635	
456.6	0.19473927	0.16914911	
456.8	0.19585809	0.16988008	
457	0.19724545	0.17060925	
457.2	0.19822829	0.17133663	
457.4	0.19934589	0.17206223	
457.6	0.20006084	0.17278604	
457.8	0.20069166	0.17350807	
458	0.20140348	0.17422833	
458.2	0.20209133	0.17494682	
458.4	0.20237741	0.17566355	
458.6	0.2025859	0.17637851	
458.8	0.20355597	0.17709172	
459	0.20415073	0.17780318	
459.2	0.20524668	0.17851289	
459.4	0.20569911	0.17922086	
459.6	0.20712828	0.17992708	
459.8	0.20751354	0.18063158	
460	0.20844486	0.18133434	
460.2	0.20974803	0.18203538	
460.4	0.21088219	0.18273469	
460.6	0.21159791	0.18343229	
460.8	0.21224594	0.18412817	
461	0.21325856	0.18482235	
461.2	0.21390834	0.18551481	
461.4	0.21485301	0.18620558	
461.6	0.21544216	0.18689465	
461.8	0.21589349	0.18758203	
462	0.21641887	0.18826772	
462.2	0.21676743	0.18895173	
462.4	0.21695928	0.18963405	
462.6	0.21715823	0.1903147	
462.8	0.21803249	0.19099368	
463	0.21868848	0.19167099	
463.2	0.21911808	0.19234664	
463.4	0.21945225	0.19302063	
463.6	0.21982464	0.19369296	
463.8	0.22061571	0.19436364	
464	0.2219356	0.19503267	
464.2	0.2228599	0.19570006	
464.4	0.22356481	0.19636581	
464.6	0.22451613	0.19702992	
464.8	0.22523435	0.19769241	
465	0.22629692	0.19835326	
465.2	0.22696088	0.1990125	
465.4	0.22752487	0.19967011	
465.6	0.22803863	0.20032611	
465.8	0.2287553	0.2009805	
466	0.22924573	0.20163328	
466.2	0.22981252	0.20228445	
466.4	0.23012151	0.20293403	
466.6	0.23067665	0.20358201	
466.8	0.2312423	0.2042284	
467	0.23222573	0.2048732	
467.2	0.23289305	0.20551642	
467.4	0.23342113	0.20615806	
467.6	0.23418428	0.20679812	
467.8	0.23496094	0.20743661	
468	0.23519541	0.20807353	
468.2	0.2358039	0.20870889	
468.4	0.23661672	0.20934269	
468.6	0.23713577	0.20997493	
468.8	0.23765402	0.21060561	
469	0.23802048	0.21123475	
469.2	0.23850917	0.21186234	
469.4	0.2388269	0.2124884	
469.6	0.239309	0.21311291	
469.8	0.23988109	0.21373589	
470	0.24030301	0.21435734	
470.2	0.24068235	0.21497726	
470.4	0.24111242	0.21559566	
470.6	0.24201062	0.21621254	
470.8	0.24291933	0.2168279	
471	0.24387614	0.21744176	
471.2	0.24435928	0.2180541	
471.4	0.24502733	0.21866495	
471.6	0.24581312	0.21927429	
471.8	0.24654597	0.21988213	
472	0.24716905	0.22048849	
472.2	0.24808016	0.22109335	
472.4	0.24890851	0.22169672	
472.6	0.2496902	0.22229862	
472.8	0.25059062	0.22289904	
473	0.25137651	0.22349798	
473.2	0.25211979	0.22409545	
473.4	0.25297916	0.22469145	
473.6	0.25363255	0.22528599	
473.8	0.25435997	0.22587907	
474	0.25477678	0.22647069	
474.2	0.25508192	0.22706086	
474.4	0.25580545	0.22764958	
474.6	0.25637022	0.22823685	
474.8	0.25687633	0.22882268	
475	0.257501	0.22940707	
475.2	0.25791582	0.22999003	
475.4	0.25851395	0.23057155	
475.6	0.25842112	0.23115165	
475.8	0.25896586	0.23173032	
476	0.25955566	0.23230757	
476.2	0.26004547	0.2328834	
476.4	0.2604941	0.23345782	
476.6	0.26090176	0.23403082	
476.8	0.26141936	0.23460242	
477	0.26201216	0.23517262	
477.2	0.26212965	0.23574141	
477.4	0.26282004	0.23630881	
477.6	0.26347265	0.23687481	
477.8	0.26388118	0.23743942	
478	0.26437589	0.23800265	
478.2	0.26457545	0.23856449	
478.4	0.26516899	0.23912495	
478.6	0.26598658	0.23968404	
478.8	0.26722502	0.24024175	
479	0.26818585	0.2407981	
479.2	0.26888032	0.24135307	
479.4	0.26942485	0.24190668	
479.6	0.26982975	0.24245894	
479.8	0.27075664	0.24300983	
480	0.27152803	0.24355938	
480.2	0.27143372	0.24410757	
480.4	0.27187526	0.24465442	
480.6	0.27256353	0.24519992	
480.8	0.27292056	0.24574409	
481	0.27330683	0.24628691	
481.2	0.27363858	0.24682841	
481.4	0.27442761	0.24736857	
481.6	0.2748762	0.24790741	
481.8	0.2750269	0.24844492	
482	0.27538627	0.24898112	
482.2	0.27534317	0.24951599	
482.4	0.27617062	0.25004956	
482.6	0.27704451	0.25058181	
482.8	0.27734972	0.25111275	
483	0.27760322	0.25164239	
483.2	0.27801787	0.25217073	
483.4	0.27852256	0.25269778	
483.6	0.27870106	0.25322352	
483.8	0.27914538	0.25374798	
484	0.27922334	0.25427115	
484.2	0.27904904	0.25479303	
484.4	0.27993775	0.25531363	
484.6	0.28012696	0.25583295	
484.8	0.28057293	0.256351	
485	0.28117583	0.25686777	
485.2	0.28197237	0.25738328	
485.4	0.28240112	0.25789751	
485.6	0.28245786	0.25841049	
485.8	0.28281515	0.2589222	
486	0.28308269	0.25943266	
486.2	0.28359228	0.25994187	
486.4	0.28447006	0.26044982	
486.6	0.2851806	0.26095653	
486.8	0.28581513	0.26146199	
487	0.28649443	0.26196621	
487.2	0.28726936	0.26246919	
487.4	0.28749617	0.26297093	
487.6	0.28754024	0.26347145	
487.8	0.28827471	0.26397073	
488	0.28869549	0.26446879	
488.2	0.28900805	0.26496562	
488.4	0.28966618	0.26546124	
488.6	0.2897418	0.26595563	
488.8	0.29039767	0.26644882	
489	0.29079061	0.26694079	
489.2	0.29118539	0.26743155	
489.4	0.29124222	0.26792111	
489.6	0.29123662	0.26840946	
489.8	0.29174087	0.26889661	
490	0.29239051	0.26938257	
490.2	0.29267243	0.26986734	
490.4	0.29321142	0.27035091	
490.6	0.29369225	0.2708333	
490.8	0.29428585	0.2713145	
491	0.29468681	0.27179452	
491.2	0.294994	0.27227336	
491.4	0.29529149	0.27275102	
491.6	0.29602377	0.27322751	
491.8	0.2970171	0.27370283	
492	0.29753449	0.27417699	
492.2	0.29787815	0.27464997	
492.4	0.29857036	0.2751218	
492.6	0.29911053	0.27559247	
492.8	0.29979814	0.27606198	
493	0.29999755	0.27653034	
493.2	0.30012666	0.27699754	
493.4	0.30008649	0.2774636	
493.6	0.30028405	0.27792852	
493.8	0.30076038	0.27839229	
494	0.30088357	0.27885493	
494.2	0.30137861	0.27931642	
494.4	0.30166882	0.27977679	
494.6	0.30237299	0.28023602	
494.8	0.30302146	0.28069413	
495	0.30355662	0.28115111	
495.2	0.30331986	0.28160696	
495.4	0.30454616	0.2820617	
495.6	0.30522436	0.28251532	
495.8	0.30620745	0.28296783	
496	0.30694267	0.28341923	
496.2	0.30804721	0.28386951	
496.4	0.30877883	0.28431869	
496.6	0.30948141	0.28476677	
496.8	0.30976527	0.28521375	
497	0.30988886	0.28565962	
497.2	0.3102123	0.28610441	
497.4	0.31047171	0.2865481	
497.6	0.31116645	0.2869907	
497.8	0.31162742	0.28743221	
498	0.31200343	0.28787264	
498.2	0.31264719	0.28831199	
498.4	0.31261244	0.28875026	
498.6	0.31317801	0.28918745	
498.8	0.31329211	0.28962357	
499	0.31332572	0.29005862	
499.2	0.31320279	0.29049259	
499.4	0.31412513	0.29092551	
499.6	0.31421148	0.29135735	
499.8	0.31511938	0.29178814	
500	0.31542188	0.29221787	
500.2	0.31575204	0.29264655	
500.4	0.31613801	0.29307417	
500.6	0.31678786	0.29350074	
500.8	0.31697335	0.29392626	
501	0.31745831	0.29435074	
501.2	0.31785352	0.29477418	
501.4	0.31823278	0.29519657	
501.6	0.31848516	0.29561793	
501.8	0.31858086	0.29603825	
502	0.31869795	0.29645754	
502.2	0.31898472	0.2968758	
502.4	0.31932263	0.29729304	
502.6	0.3197393	0.29770925	
502.8	0.31953534	0.29812443	
503	0.31934106	0.2985386	
503.2	0.3197177	0.29895175	
503.4	0.32015068	0.29936388	
503.6	0.32099781	0.299775	
503.8	0.32194896	0.30018511	
504	0.32224934	0.30059422	
504.2	0.32279329	0.30100232	
504.4	0.32387421	0.30140942	
504.6	0.32450386	0.30181551	
504.8	0.32501549	0.30222061	
505	0.32579911	0.30262472	
505.2	0.32591665	0.30302783	
505.4	0.32633592	0.30342995	
505.6	0.3263744	0.30383109	
505.8	0.32660956	0.30423124	
506	0.32682988	0.3046304	
506.2	0.3269879	0.30502859	
506.4	0.32735602	0.3054258	
506.6	0.32738451	0.30582203	
506.8	0.32721067	0.30621729	
507	0.32721577	0.30661157	
507.2	0.32784626	0.30700489	
507.4	0.32786718	0.30739725	
507.6	0.32818324	0.30778864	
507.8	0.32867839	0.30817906	
508	0.32891757	0.30856853	
508.2	0.32947078	0.30895705	
508.4	0.32985125	0.3093446	
508.6	0.33046531	0.30973121	
508.8	0.33077622	0.31011687	
509	0.33075956	0.31050158	
509.2	0.33071783	0.31088534	
509.4	0.33123283	0.31126816	
509.6	0.33091484	0.31165004	
509.8	0.33115566	0.31203099	
510	0.33140625	0.312411	
510.2	0.33164595	0.31279007	
510.4	0.33195933	0.31316821	
510.6	0.33192934	0.31354543	
510.8	0.33173254	0.31392171	
511	0.33161046	0.31429708	
511.2	0.33216571	0.31467152	
511.4	0.33268666	0.31504504	
511.6	0.33365765	0.31541765	
511.8	0.33461794	0.31578933	
512	0.3348363	0.31616011	
512.2	0.33564343	0.31652998	
512.4	0.33610701	0.31689893	
512.6	0.33672057	0.31726698	
512.8	0.33691432	0.31763413	
513	0.33681738	0.31800038	
513.2	0.33717925	0.31836572	
513.4	0.33728056	0.31873017	
513.6	0.33740489	0.31909372	
513.8	0.33816673	0.31945638	
514	0.33822748	0.31981815	
514.2	0.33821072	0.32017903	
514.4	0.3382106	0.32053902	
514.6	0.33835706	0.32089813	
514.8	0.33833611	0.32125636	
515	0.33869421	0.32161371	
515.2	0.3391395	0.32197018	
515.4	0.33956647	0.32232577	
515.6	0.34019062	0.32268049	
515.8	0.34019474	0.32303434	
516	0.34044661	0.32338732	
516.2	0.34100721	0.32373944	
516.4	0.34102822	0.32409068	
516.6	0.34127953	0.32444107	
516.8	0.34178277	0.32479059	
517	0.3420143	0.32513926	
517.2	0.34243545	0.32548707	
517.4	0.34307212	0.32583403	
517.6	0.34355837	0.32618013	
517.8	0.34397749	0.32652538	
518	0.34396623	0.32686979	
518.2	0.34462171	0.32721335	
518.4	0.34483258	0.32755606	
518.6	0.34559597	0.32789794	
518.8	0.34595122	0.32823897	
519	0.34617533	0.32857917	
519.2	0.34650484	0.32891853	
519.4	0.34736686	0.32925705	
519.6	0.34785476	0.32959475	
519.8	0.34794323	0.32993162	
520	0.3484181	0.33026765	
520.2	0.34857861	0.33060287	
520.4	0.34858383	0.33093726	
520.6	0.34923047	0.33127083	
520.8	0.34976298	0.33160358	
521	0.34984178	0.33193551	
521.2	0.34984215	0.33226662	
521.4	0.35044841	0.33259693	
521.6	0.35037155	0.33292642	
521.8	0.35038436	0.3332551	
522	0.3510488	0.33358298	
522.2	0.35132953	0.33391005	
522.4	0.35159327	0.33423631	
522.6	0.35236159	0.33456178	
522.8	0.35251268	0.33488644	
523	0.35262436	0.33521031	
523.2	0.352767	0.33553338	
523.4	0.35360757	0.33585566	
523.6	0.35358977	0.33617715	
523.8	0.35396083	0.33649785	
524	0.35396706	0.33681776	
524.2	0.35405456	0.33713688	
524.4	0.3541356	0.33745522	
524.6	0.35463836	0.33777278	
524.8	0.35491965	0.33808956	
525	0.35498234	0.33840556	
525.2	0.35515774	0.33872078	
525.4	0.35537758	0.33903523	
525.6	0.35524611	0.33934891	
525.8	0.35562098	0.33966182	
526	0.35611386	0.33997396	
526.2	0.35592245	0.34028533	
526.4	0.35626742	0.34059593	
526.6	0.35643627	0.34090578	
526.8	0.35641883	0.34121486	
527	0.35663434	0.34152319	
527.2	0.35682181	0.34183075	
527.4	0.35749441	0.34213756	
527.6	0.35765371	0.34244362	
527.8	0.35739847	0.34274893	
528	0.35743082	0.34305348	
528.2	0.35756708	0.34335729	
528.4	0.35756554	0.34366035	
528.6	0.35799362	0.34396267	
528.8	0.35827901	0.34426424	
529	0.35855936	0.34456507	
529.2	0.35822608	0.34486517	
529.4	0.35826245	0.34516453	
529.6	0.35845856	0.34546315	
529.8	0.35878312	0.34576104	
530	0.35867395	0.34605819	
530.2	0.35891092	0.34635462	
530.4	0.35948357	0.34665032	
530.6	0.36010722	0.34694529	
530.8	0.36035703	0.34723954	
531	0.36106087	0.34753307	
531.2	0.36116756	0.34782587	
531.4	0.36158039	0.34811796	
531.6	0.36182599	0.34840932	
531.8	0.36213955	0.34869998	
532	0.36274091	0.34898991	
532.2	0.36307651	0.34927914	
532.4	0.36355842	0.34956765	
532.6	0.36396774	0.34985546	
532.8	0.36436377	0.35014256	
533	0.36458225	0.35042896	
533.2	0.36457706	0.35071465	
533.4	0.36520893	0.35099964	
533.6	0.36539751	0.35128393	
533.8	0.36574118	0.35156752	
534	0.36596984	0.35185041	
534.2	0.36638823	0.35213261	
534.4	0.36720582	0.35241412	
534.6	0.36731411	0.35269493	
534.8	0.36710466	0.35297506	
535	0.36708195	0.3532545	
535.2	0.36718046	0.35353325	
535.4	0.36746022	0.35381131	
535.6	0.36780369	0.3540887	
535.8	0.36819239	0.3543654	
536	0.36833899	0.35464142	
536.2	0.36857264	0.35491676	
536.4	0.36873821	0.35519143	
536.6	0.36894367	0.35546542	
536.8	0.36932459	0.35573875	
537	0.36960193	0.35601139	
537.2	0.3699019	0.35628337	
537.4	0.37036072	0.35655468	
537.6	0.37047724	0.35682533	
537.8	0.37058751	0.35709531	
538	0.37094189	0.35736463	
538.2	0.37114346	0.35763328	
538.4	0.37142066	0.35790128	
538.6	0.3711635	0.35816861	
538.8	0.37111359	0.35843529	
539	0.37123883	0.35870132	
539.2	0.37177468	0.35896669	
539.4	0.37187156	0.35923141	
539.6	0.37201585	0.35949548	
539.8	0.37192753	0.3597589	
540	0.37205461	0.36002168	
540.2	0.37222511	0.3602838	
540.4	0.37247714	0.36054529	
540.6	0.37248548	0.36080613	
540.8	0.37257113	0.36106633	
541	0.37272253	0.3613259	
541.2	0.3730257	0.36158482	
541.4	0.3734592	0.36184311	
541.6	0.37359566	0.36210077	
541.8	0.3742209	0.36235779	
542	0.37458884	0.36261418	
542.2	0.37507953	0.36286994	
542.4	0.37555434	0.36312507	
542.6	0.37591634	0.36337958	
542.8	0.37637591	0.36363346	
543	0.37655766	0.36388671	
543.2	0.37649866	0.36413935	
543.4	0.37654015	0.36439136	
543.6	0.37636655	0.36464276	
543.8	0.37615456	0.36489354	
544	0.37641025	0.3651437	
544.2	0.37663814	0.36539325	
544.4	0.37666567	0.36564218	
544.6	0.37669349	0.36589051	
544.8	0.37697697	0.36613822	
545	0.37695845	0.36638532	
545.2	0.37723408	0.36663182	
545.4	0.37762631	0.36687771	
545.6	0.37808203	0.367123	
545.8	0.37873009	0.36736769	
546	0.37883172	0.36761177	
546.2	0.37953362	0.36785526	
546.4	0.37985487	0.36809814	
546.6	0.38020222	0.36834043	
546.8	0.38036425	0.36858213	
547	0.38071583	0.36882323	
547.2	0.380766	0.36906374	
547.4	0.38096329	0.36930366	
547.6	0.38110011	0.36954299	
547.8	0.3812523	0.36978173	
548	0.38151641	0.37001989	
548.2	0.3813513	0.37025746	
548.4	0.38158746	0.37049444	
548.6	0.38170853	0.37073085	
548.8	0.38158755	0.37096667	
549	0.38115038	0.37120192	
549.2	0.3814528	0.37143658	
549.4	0.38202425	0.37167067	
549.6	0.3821757	0.37190419	
549.8	0.38221163	0.37213713	
550	0.38208564	0.3723695	
550.2	0.38246593	0.3726013	
550.4	0.38212484	0.37283253	
550.6	0.38226969	0.37306319	
550.8	0.38240947	0.37329329	
551	0.38277394	0.37352282	
551.2	0.38239726	0.37375178	
551.4	0.38282887	0.37398018	
551.6	0.38286899	0.37420803	
551.8	0.38296683	0.37443531	
552	0.38299997	0.37466204	
552.2	0.38319103	0.3748882	
552.4	0.38372476	0.37511381	
552.6	0.3840634	0.37533887	
552.8	0.38402405	0.37556338	
553	0.38401348	0.37578733	
553.2	0.38450112	0.37601074	
553.4	0.38439703	0.37623359	
553.6	0.38438458	0.3764559	
553.8	0.3847501	0.37667766	
554	0.38493635	0.37689888	
554.2	0.38514275	0.37711955	
554.4	0.3847958	0.37733968	
554.6	0.38544093	0.37755927	
554.8	0.38532421	0.37777832	
555	0.38558731	0.37799684	
555.2	0.38597249	0.37821481	
555.4	0.38651416	0.37843225	
555.6	0.38662054	0.37864916	
555.8	0.38678323	0.37886554	
556	0.38702773	0.37908138	
556.2	0.38732982	0.37929669	
556.4	0.38749206	0.37951147	
556.6	0.38770621	0.37972573	
556.8	0.38754574	0.37993946	
557	0.38772444	0.38015267	
557.2	0.3879613	0.38036535	
557.4	0.3882376	0.38057751	
557.6	0.38839526	0.38078914	
557.8	0.38869172	0.38100026	
558	0.3889861	0.38121086	
558.2	0.38923786	0.38142094	
558.4	0.38953509	0.38163051	
558.6	0.38975529	0.38183956	
558.8	0.38974715	0.3820481	
559	0.39008333	0.38225612	
559.2	0.39014222	0.38246364	
559.4	0.38994776	0.38267064	
559.6	0.38979423	0.38287714	
559.8	0.39023839	0.38308313	
560	0.39076651	0.38328861	
560.2	0.39115988	0.38349359	
560.4	0.39130653	0.38369806	
560.6	0.39171922	0.38390204	
560.8	0.3918344	0.38410551	
561	0.39233832	0.38430848	
561.2	0.39259441	0.38451095	
561.4	0.39245092	0.38471293	
561.6	0.39225464	0.38491441	
561.8	0.39290773	0.38511539	
562	0.39292061	0.38531588	
562.2	0.3932033	0.38551588	
562.4	0.39331189	0.38571539	
562.6	0.39322805	0.38591441	
562.8	0.39364169	0.38611294	
563	0.39385689	0.38631098	
563.2	0.39369109	0.38650853	
563.4	0.39350974	0.3867056	
563.6	0.39356592	0.38690219	
563.8	0.39431479	0.38709829	
564	0.39388657	0.38729391	
564.2	0.39331004	0.38748905	
564.4	0.39350333	0.38768371	
564.6	0.39383193	0.38787789	
564.8	0.3939564	0.3880716	
565	0.39334095	0.38826483	
565.2	0.39362869	0.38845759	
565.4	0.39344127	0.38864987	
565.6	0.39385418	0.38884168	
565.8	0.39418532	0.38903302	
566	0.39421511	0.38922388	
566.2	0.39458219	0.38941428	
566.4	0.39484478	0.38960422	
566.6	0.3953928	0.38979368	
566.8	0.39635616	0.38998268	
567	0.39677803	0.39017122	
567.2	0.39667058	0.39035929	
567.4	0.39664299	0.3905469	
567.6	0.39674363	0.39073405	
567.8	0.39714437	0.39092074	
568	0.39700279	0.39110697	
568.2	0.39700662	0.39129275	
568.4	0.39754494	0.39147806	
568.6	0.39730788	0.39166293	
568.8	0.39710692	0.39184734	
569	0.3967319	0.39203129	
569.2	0.39747862	0.3922148	
569.4	0.39755215	0.39239785	
569.6	0.39795084	0.39258045	
569.8	0.39754447	0.39276261	
570	0.39789486	0.39294431	
570.2	0.39805508	0.39312558	
570.4	0.39819009	0.39330639	
570.6	0.39892263	0.39348676	
570.8	0.3995733	0.39366669	
571	0.39969664	0.39384618	
571.2	0.40002201	0.39402522	
571.4	0.40044547	0.39420383	
571.6	0.4007923	0.394382	
571.8	0.40093025	0.39455973	
572	0.40103741	0.39473702	
572.2	0.40061804	0.39491388	
572.4	0.40058247	0.3950903	
572.6	0.40032039	0.39526629	
572.8	0.39986509	0.39544185	
573	0.39961002	0.39561698	
573.2	0.3994076	0.39579167	
573.4	0.39952075	0.39596594	
573.6	0.39919047	0.39613978	
573.8	0.39901065	0.39631319	
574	0.39978728	0.39648618	
574.2	0.40018501	0.39665874	
574.4	0.40016098	0.39683088	
574.6	0.40070435	0.39700259	
574.8	0.40096437	0.39717388	
575	0.40116116	0.39734476	
575.2	0.40198096	0.39751521	
575.4	0.40212667	0.39768524	
575.6	0.40211031	0.39785486	
575.8	0.40246453	0.39802406	
576	0.40260817	0.39819284	
576.2	0.40275344	0.39836121	
576.4	0.4027989	0.39852917	
576.6	0.40269804	0.39869671	
576.8	0.40269951	0.39886384	
577	0.40301218	0.39903056	
577.2	0.40321026	0.39919688	
577.4	0.40341862	0.39936278	
577.6	0.40345246	0.39952827	
577.8	0.40383693	0.39969336	
578	0.40430539	0.39985805	
578.2	0.40442873	0.40002233	
578.4	0.40396263	0.4001862	
578.6	0.40355064	0.40034967	
578.8	0.40381003	0.40051275	
579	0.40374274	0.40067542	
579.2	0.40389021	0.40083769	
579.4	0.40344005	0.40099956	
579.6	0.40314502	0.40116104	
579.8	0.40344522	0.40132211	
580	0.40331275	0.4014828	
580.2	0.40351119	0.40164309	
580.4	0.40348236	0.40180298	
580.6	0.403762	0.40196248	
580.8	0.40395115	0.40212159	
581	0.40405316	0.40228031	
581.2	0.40439414	0.40243864	
581.4	0.40481472	0.40259658	
581.6	0.40531082	0.40275413	
581.8	0.40581491	0.4029113	
582	0.40622439	0.40306808	
582.2	0.40610095	0.40322447	
582.4	0.40601207	0.40338048	
582.6	0.40641899	0.40353611	
582.8	0.40698859	0.40369135	
583	0.4070388	0.40384622	
583.2	0.40699567	0.4040007	
583.4	0.40700993	0.4041548	
583.6	0.40681908	0.40430853	
583.8	0.40715545	0.40446188	
584	0.40705246	0.40461485	
584.2	0.40687163	0.40476744	
584.4	0.40704451	0.40491966	
584.6	0.40712713	0.40507151	
584.8	0.4074068	0.40522298	
585	0.40770605	0.40537408	
585.2	0.4080672	0.40552481	
585.4	0.40816449	0.40567517	
585.6	0.40837253	0.40582516	
585.8	0.40807233	0.40597479	
586	0.40848819	0.40612404	
586.2	0.40866449	0.40627293	
586.4	0.40901283	0.40642145	
586.6	0.40938985	0.40656961	
586.8	0.40918188	0.4067174	
587	0.40946402	0.40686483	
587.2	0.40945535	0.4070119	
587.4	0.40963856	0.40715861	
587.6	0.40950537	0.40730495	
587.8	0.40955697	0.40745094	
588	0.40955219	0.40759657	
588.2	0.40955536	0.40774184	
588.4	0.40949586	0.40788676	
588.6	0.40934317	0.40803131	
588.8	0.40967296	0.40817552	
589	0.40974344	0.40831937	
589.2	0.40974349	0.40846286	
589.4	0.40977834	0.408606	
589.6	0.40960264	0.4087488	
589.8	0.40936157	0.40889124	
590	0.4100265	0.40903333	
590.2	0.41011199	0.40917507	
590.4	0.41040135	0.40931646	
590.6	0.41091723	0.40945751	
590.8	0.41095454	0.40959821	
591	0.41140437	0.40973856	
591.2	0.41137961	0.40987857	
591.4	0.41162693	0.41001824	
591.6	0.41160399	0.41015756	
591.8	0.41182263	0.41029654	
592	0.41200982	0.41043518	
592.2	0.41206977	0.41057348	
592.4	0.41184623	0.41071144	
592.6	0.41226698	0.41084906	
592.8	0.41273146	0.41098634	
593	0.41265218	0.41112329	
593.2	0.41276392	0.41125989	
593.4	0.41267171	0.41139617	
593.6	0.41219963	0.41153211	
593.8	0.41253125	0.41166771	
594	0.41286131	0.41180298	
594.2	0.41311503	0.41193792	
594.4	0.41338459	0.41207253	
594.6	0.41325377	0.4122068	
594.8	0.41315928	0.41234075	
595	0.41307327	0.41247437	
595.2	0.41327028	0.41260766	
595.4	0.41341365	0.41274062	
595.6	0.41377488	0.41287326	
595.8	0.41419006	0.41300557	
596	0.41412935	0.41313755	
596.2	0.41427126	0.41326921	
596.4	0.41401098	0.41340055	
596.6	0.4141093	0.41353156	
596.8	0.41408058	0.41366226	
597	0.41401149	0.41379263	
597.2	0.41430579	0.41392268	
597.4	0.41439017	0.41405241	
597.6	0.41451215	0.41418183	
597.8	0.41486726	0.41431092	
598	0.41480217	0.4144397	
598.2	0.41485714	0.41456816	
598.4	0.41475827	0.41469631	
598.6	0.41468195	0.41482414	
598.8	0.41495448	0.41495166	
599	0.41478232	0.41507887	
599.2	0.41506697	0.41520576	
599.4	0.41508465	0.41533234	
599.6	0.41528529	0.41545861	
599.8	0.41508505	0.41558457	
600	0.41508505	0.41571085	
600.2	0.41470433	0.4155193	
600.4	0.41434757	0.41532783	
600.6	0.41404404	0.41513646	
600.8	0.41363779	0.41494517	
601	0.4130858	0.41475397	
601.2	0.41293082	0.41456286	
601.4	0.41279526	0.41437183	
601.6	0.41244603	0.4141809	
601.8	0.4121234	0.41399005	
602	0.41221101	0.41379929	
602.2	0.41206021	0.41360862	
602.4	0.41229874	0.41341803	
602.6	0.41256597	0.41322754	
602.8	0.41255605	0.41303713	
603	0.41216331	0.41284681	
603.2	0.41178452	0.41265657	
603.4	0.41127635	0.41246643	
603.6	0.41081708	0.41227637	
603.8	0.4099516	0.4120864	
604	0.40991009	0.41189652	
604.2	0.40920414	0.41170672	
604.4	0.40918539	0.41151702	
604.6	0.40888281	0.41132739	
604.8	0.40851056	0.41113786	
605	0.40820716	0.41094842	
605.2	0.40833883	0.41075906	
605.4	0.40805443	0.41056979	
605.6	0.40763914	0.4103806	
605.8	0.40764029	0.41019151	
606	0.40800806	0.4100025	
606.2	0.40766677	0.40981357	
606.4	0.40753923	0.40962474	
606.6	0.40753337	0.40943599	
606.8	0.40728382	0.40924733	
607	0.40689353	0.40905875	
607.2	0.40639786	0.40887027	
607.4	0.40576335	0.40868187	
607.6	0.40522648	0.40849355	
607.8	0.40508664	0.40830533	
608	0.40532066	0.40811719	
608.2	0.40506387	0.40792913	
608.4	0.40545005	0.40774116	
608.6	0.40518045	0.40755328	
608.8	0.40511951	0.40736549	
609	0.40515171	0.40717778	
609.2	0.40499119	0.40699016	
609.4	0.40479206	0.40680263	
609.6	0.40479594	0.40661518	
609.8	0.40435612	0.40642782	
610	0.40416966	0.40624054	
610.2	0.40392519	0.40605335	
610.4	0.40386435	0.40586625	
610.6	0.40408768	0.40567923	
610.8	0.40354771	0.4054923	
611	0.40342674	0.40530546	
611.2	0.40261354	0.4051187	
611.4	0.40214463	0.40493203	
611.6	0.40215923	0.40474544	
611.8	0.4021686	0.40455894	
612	0.40202766	0.40437253	
612.2	0.40227893	0.4041862	
612.4	0.40243553	0.40399996	
612.6	0.40245903	0.4038138	
612.8	0.40230908	0.40362773	
613	0.4022326	0.40344175	
613.2	0.40181918	0.40325585	
613.4	0.4017156	0.40307003	
613.6	0.40078389	0.4028843	
613.8	0.39996461	0.40269866	
614	0.39992307	0.40251311	
614.2	0.39966086	0.40232763	
614.4	0.39915515	0.40214225	
614.6	0.39862652	0.40195695	
614.8	0.39799684	0.40177173	
615	0.39800334	0.4015866	
615.2	0.39737854	0.40140156	
615.4	0.39747983	0.4012166	
615.6	0.39767804	0.40103172	
615.8	0.39758258	0.40084694	
616	0.39775417	0.40066223	
616.2	0.39744349	0.40047761	
616.4	0.3971435	0.40029308	
616.6	0.39703361	0.40010863	
616.8	0.39672551	0.39992427	
617	0.39654731	0.39973999	
617.2	0.39621112	0.3995558	
617.4	0.39587395	0.39937169	
617.6	0.3953175	0.39918766	
617.8	0.39564799	0.39900372	
618	0.39582766	0.39881987	
618.2	0.39540071	0.3986361	
618.4	0.3952669	0.39845241	
618.6	0.39500322	0.39826881	
618.8	0.39495704	0.3980853	
619	0.3956018	0.39790187	
619.2	0.39554502	0.39771852	
619.4	0.39561052	0.39753526	
619.6	0.39523936	0.39735208	
619.8	0.39493897	0.39716899	
620	0.39483877	0.39698598	
620.2	0.39394609	0.39680305	
620.4	0.39391599	0.39662021	
620.6	0.39390531	0.39643746	
620.8	0.39362479	0.39625479	
621	0.39329731	0.3960722	
621.2	0.39289661	0.39588969	
621.4	0.39243658	0.39570727	
621.6	0.39229023	0.39552494	
621.8	0.39208253	0.39534269	
622	0.39173027	0.39516052	
622.2	0.39141012	0.39497844	
622.4	0.39139636	0.39479644	
622.6	0.39137977	0.39461452	
622.8	0.39153442	0.39443269	
623	0.39185354	0.39425094	
623.2	0.3915168	0.39406928	
623.4	0.39139183	0.3938877	
623.6	0.39095956	0.3937062	
623.8	0.3910136	0.39352479	
624	0.39097636	0.39334346	
624.2	0.39029986	0.39316221	
624.4	0.3905085	0.39298105	
624.6	0.39034512	0.39279997	
624.8	0.38986717	0.39261897	
625	0.38934855	0.39243806	
625.2	0.38862392	0.39225723	
625.4	0.38780455	0.39207649	
625.6	0.38758008	0.39189582	
625.8	0.38740062	0.39171524	
626	0.38707355	0.39153475	
626.2	0.38679344	0.39135433	
626.4	0.3865768	0.39117401	
626.6	0.38629591	0.39099376	
626.8	0.38587209	0.39081359	
627	0.38563309	0.39063351	
627.2	0.38531868	0.39045352	
627.4	0.38485115	0.3902736	
627.6	0.38451419	0.39009377	
627.8	0.38427872	0.38991402	
628	0.38414205	0.38973436	
628.2	0.38398849	0.38955477	
628.4	0.38383425	0.38937527	
628.6	0.38357393	0.38919585	
628.8	0.38337595	0.38901652	
629	0.38308126	0.38883727	
629.2	0.38303143	0.3886581	
629.4	0.38305301	0.38847901	
629.6	0.38338454	0.3883	
629.8	0.38322956	0.38812108	
630	0.3828717	0.38794224	
630.2	0.38274543	0.38776349	
630.4	0.38296388	0.38758481	
630.6	0.38302113	0.38740622	
630.8	0.38318966	0.38722771	
631	0.38338556	0.38704928	
631.2	0.38350815	0.38687093	
631.4	0.38334987	0.38669267	
631.6	0.38306855	0.38651449	
631.8	0.38271264	0.38633639	
632	0.38238013	0.38615837	
632.2	0.38188034	0.38598043	
632.4	0.38103107	0.38580258	
632.6	0.38048428	0.38562481	
632.8	0.38024803	0.38544712	
633	0.37950813	0.38526951	
633.2	0.37934945	0.38509199	
633.4	0.37870376	0.38491454	
633.6	0.37848652	0.38473718	
633.8	0.37840085	0.3845599	
634	0.37823519	0.3843827	
634.2	0.37823347	0.38420558	
634.4	0.3783682	0.38402855	
634.6	0.37852349	0.38385159	
634.8	0.37838722	0.38367472	
635	0.37827605	0.38349793	
635.2	0.37829998	0.38332122	
635.4	0.37810799	0.38314459	
635.6	0.37794182	0.38296805	
635.8	0.37754867	0.38279158	
636	0.37738514	0.3826152	
636.2	0.37705417	0.38243889	
636.4	0.37632758	0.38226267	
636.6	0.3760514	0.38208653	
636.8	0.37576652	0.38191047	
637	0.37536698	0.38173449	
637.2	0.37547277	0.3815586	
637.4	0.37555916	0.38138278	
637.6	0.37613888	0.38120705	
637.8	0.3763529	0.38103139	
638	0.37595307	0.38085582	
638.2	0.37586612	0.38068033	
638.4	0.37553713	0.38050492	
638.6	0.37537927	0.38032959	
638.8	0.37482947	0.38015434	
639	0.37458219	0.37997917	
639.2	0.37467793	0.37980408	
639.4	0.37456496	0.37962907	
639.6	0.37470779	0.37945414	
639.8	0.37398195	0.3792793	
640	0.37385485	0.37910453	
640.2	0.37310449	0.37892985	
640.4	0.37238734	0.37875524	
640.6	0.37208976	0.37858072	
640.8	0.37181593	0.37840627	
641	0.37216511	0.37823191	
641.2	0.37219092	0.37805763	
641.4	0.37205784	0.37788343	
641.6	0.3719426	0.3777093	
641.8	0.37190055	0.37753526	
642	0.37134974	0.3773613	
642.2	0.37109205	0.37718742	
642.4	0.37077985	0.37701361	
642.6	0.3704497	0.37683989	
642.8	0.36998125	0.37666625	
643	0.36972393	0.37649269	
643.2	0.36955188	0.37631921	
643.4	0.36963858	0.37614581	
643.6	0.3694377	0.37597248	
643.8	0.3685882	0.37579924	
644	0.36879589	0.37562608	
644.2	0.36846889	0.375453	
644.4	0.36838005	0.37528	
644.6	0.36850666	0.37510707	
644.8	0.36837042	0.37493423	
645	0.36860962	0.37476147	
645.2	0.36793246	0.37458878	
645.4	0.36760516	0.37441618	
645.6	0.36753071	0.37424365	
645.8	0.36782875	0.37407121	
646	0.36726276	0.37389884	
646.2	0.36734385	0.37372655	
646.4	0.36708181	0.37355435	
646.6	0.36666576	0.37338222	
646.8	0.36629229	0.37321017	
647	0.36591986	0.3730382	
647.2	0.36559035	0.37286631	
647.4	0.36567043	0.3726945	
647.6	0.36498965	0.37252277	
647.8	0.36485091	0.37235112	
648	0.36486029	0.37217954	
648.2	0.36463632	0.37200805	
648.4	0.36453265	0.37183664	
648.6	0.36442007	0.3716653	
648.8	0.36406232	0.37149404	
649	0.36388617	0.37132286	
649.2	0.36327607	0.37115176	
649.4	0.36340522	0.37098074	
649.6	0.36342704	0.3708098	
649.8	0.36353039	0.37063894	
650	0.36296177	0.37046815	
650.2	0.36315075	0.37029745	
650.4	0.36269371	0.37012682	
650.6	0.36228756	0.36995627	
650.8	0.36201079	0.3697858	
651	0.36161331	0.36961541	
651.2	0.3612823	0.3694451	
651.4	0.36121484	0.36927486	
651.6	0.36069384	0.36910471	
651.8	0.36074124	0.36893463	
652	0.36048969	0.36876463	
652.2	0.36052275	0.36859471	
652.4	0.36039957	0.36842487	
652.6	0.36042343	0.3682551	
652.8	0.36023531	0.36808542	
653	0.3600789	0.36791581	
653.2	0.35998584	0.36774628	
653.4	0.3599142	0.36757683	
653.6	0.35990894	0.36740746	
653.8	0.35960159	0.36723816	
654	0.35911197	0.36706894	
654.2	0.35893583	0.3668998	
654.4	0.35872091	0.36673074	
654.6	0.35824559	0.36656176	
654.8	0.35815997	0.36639285	
655	0.35768814	0.36622403	
655.2	0.35767696	0.36605528	
655.4	0.35754451	0.3658866	
655.6	0.3571761	0.36571801	
655.8	0.35727589	0.36554949	
656	0.35709359	0.36538105	
656.2	0.3571879	0.36521269	
656.4	0.35721794	0.36504441	
656.6	0.35702095	0.3648762	
656.8	0.35685693	0.36470807	
657	0.35666821	0.36454002	
657.2	0.35608416	0.36437205	
657.4	0.35564298	0.36420415	
657.6	0.35557892	0.36403633	
657.8	0.35535122	0.36386859	
658	0.35509165	0.36370092	
658.2	0.3553746	0.36353334	
658.4	0.35520867	0.36336583	
658.6	0.35498125	0.36319839	
658.8	0.35473407	0.36303104	
659	0.35456752	0.36286376	
659.2	0.35441416	0.36269656	
659.4	0.35428425	0.36252943	
659.6	0.3542464	0.36236238	
659.8	0.35455591	0.36219541	
660	0.35443983	0.36202852	
660.2	0.35422636	0.3618617	
660.4	0.35396158	0.36169496	
660.6	0.35371704	0.3615283	
660.8	0.3536859	0.36136171	
661	0.35342898	0.3611952	
661.2	0.35303734	0.36102877	
661.4	0.35279101	0.36086242	
661.6	0.3527283	0.36069614	
661.8	0.35249716	0.36052993	
662	0.3520902	0.36036381	
662.2	0.35171284	0.36019776	
662.4	0.35133288	0.36003178	
662.6	0.35137218	0.35986589	
662.8	0.35089145	0.35970007	
663	0.35123027	0.35953432	
663.2	0.35076123	0.35936866	
663.4	0.35089192	0.35920306	
663.6	0.35052157	0.35903755	
663.8	0.35045381	0.35887211	
664	0.3501737	0.35870675	
664.2	0.34998489	0.35854146	
664.4	0.34969729	0.35837625	
664.6	0.34963929	0.35821112	
664.8	0.34936247	0.35804606	
665	0.34901276	0.35788108	
665.2	0.34835101	0.35771617	
665.4	0.34799233	0.35755134	
665.6	0.34778563	0.35738659	
665.8	0.34735961	0.35722191	
666	0.34676264	0.35705731	
666.2	0.34627721	0.35689278	
666.4	0.34631698	0.35672833	
666.6	0.34629796	0.35656396	
666.8	0.34639752	0.35639966	
667	0.34664167	0.35623544	
667.2	0.34646048	0.35607129	
667.4	0.34642265	0.35590722	
667.6	0.34623582	0.35574322	
667.8	0.34648713	0.3555793	
668	0.34630174	0.35541545	
668.2	0.34644541	0.35525169	
668.4	0.34642629	0.35508799	
668.6	0.34644128	0.35492437	
668.8	0.34625042	0.35476083	
669	0.34630564	0.35459736	
669.2	0.34553856	0.35443397	
669.4	0.34556103	0.35427065	
669.6	0.34532043	0.35410741	
669.8	0.34473048	0.35394424	
670	0.3442119	0.35378115	
670.2	0.34386104	0.35361813	
670.4	0.3434584	0.35345519	
670.6	0.34342491	0.35329233	
670.8	0.34316886	0.35312953	
671	0.3433547	0.35296682	
671.2	0.3430423	0.35280418	
671.4	0.34303465	0.35264161	
671.6	0.34272023	0.35247912	
671.8	0.34260133	0.3523167	
672	0.34245464	0.35215436	
672.2	0.34244885	0.35199209	
672.4	0.34230386	0.3518299	
672.6	0.34193203	0.35166778	
672.8	0.34156254	0.35150574	
673	0.34082617	0.35134377	
673.2	0.34014538	0.35118188	
673.4	0.34030716	0.35102006	
673.6	0.34021068	0.35085832	
673.8	0.34015386	0.35069665	
674	0.33986677	0.35053505	
674.2	0.33970453	0.35037353	
674.4	0.33924473	0.35021208	
674.6	0.33940879	0.35005071	
674.8	0.33915564	0.34988941	
675	0.33974409	0.34972819	
675.2	0.33965748	0.34956704	
675.4	0.34006331	0.34940597	
675.6	0.33949219	0.34924497	
675.8	0.33969956	0.34908404	
676	0.3398216	0.34892319	
676.2	0.33955321	0.34876241	
676.4	0.3392442	0.34860171	
676.6	0.33862771	0.34844108	
676.8	0.3380045	0.34828052	
677	0.33756269	0.34812004	
677.2	0.33755944	0.34795963	
677.4	0.33721187	0.3477993	
677.6	0.33681183	0.34763904	
677.8	0.33686096	0.34747885	
678	0.33673257	0.34731874	
678.2	0.33644026	0.3471587	
678.4	0.33587355	0.34699873	
678.6	0.33585543	0.34683884	
678.8	0.33575783	0.34667902	
679	0.33580483	0.34651928	
679.2	0.33600437	0.34635961	
679.4	0.3358295	0.34620001	
679.6	0.33566469	0.34604049	
679.8	0.33581453	0.34588104	
680	0.3357705	0.34572166	
680.2	0.33548081	0.34556236	
680.4	0.33506223	0.34540313	
680.6	0.33500775	0.34524397	
680.8	0.33458268	0.34508489	
681	0.33466308	0.34492588	
681.2	0.33438046	0.34476695	
681.4	0.3341312	0.34460808	
681.6	0.33385284	0.34444929	
681.8	0.33415055	0.34429058	
682	0.33407817	0.34413193	
682.2	0.33338711	0.34397336	
682.4	0.33294257	0.34381487	
682.6	0.33306698	0.34365644	
682.8	0.33269696	0.34349809	
683	0.33200514	0.34333981	
683.2	0.33206844	0.34318161	
683.4	0.3314599	0.34302347	
683.6	0.33119594	0.34286541	
683.8	0.33124184	0.34270743	
684	0.33107182	0.34254951	
684.2	0.33087809	0.34239167	
684.4	0.33062107	0.3422339	
684.6	0.3303739	0.34207621	
684.8	0.32974423	0.34191859	
685	0.32989591	0.34176103	
685.2	0.32956406	0.34160356	
685.4	0.32930615	0.34144615	
685.6	0.32907253	0.34128882	
685.8	0.32919075	0.34113156	
686	0.32881603	0.34097437	
686.2	0.32853566	0.34081726	
686.4	0.32877773	0.34066021	
686.6	0.32885797	0.34050324	
686.8	0.32853588	0.34034634	
687	0.32824766	0.34018952	
687.2	0.32840018	0.34003276	
687.4	0.32815915	0.33987608	
687.6	0.32814863	0.33971947	
687.8	0.32809285	0.33956294	
688	0.32789714	0.33940647	
688.2	0.32801054	0.33925008	
688.4	0.32779032	0.33909376	
688.6	0.32738547	0.33893751	
688.8	0.32707781	0.33878133	
689	0.3271316	0.33862523	
689.2	0.3269798	0.33846919	
689.4	0.32669352	0.33831323	
689.6	0.32679778	0.33815734	
689.8	0.32664148	0.33800153	
690	0.32642049	0.33784578	
690.2	0.32664581	0.33769011	
690.4	0.32676176	0.3375345	
690.6	0.32647027	0.33737897	
690.8	0.32637075	0.33722351	
691	0.32623841	0.33706813	
691.2	0.32623278	0.33691281	
691.4	0.32577912	0.33675757	
691.6	0.32547752	0.3366024	
691.8	0.325055	0.3364473	
692	0.32498565	0.33629227	
692.2	0.32492549	0.33613731	
692.4	0.32439264	0.33598242	
692.6	0.32394623	0.33582761	
692.8	0.32359061	0.33567286	
693	0.32362592	0.33551819	
693.2	0.32339815	0.33536359	
693.4	0.32340994	0.33520906	
693.6	0.32354184	0.3350546	
693.8	0.32311097	0.33490021	
694	0.32273023	0.3347459	
694.2	0.32243447	0.33459165	
694.4	0.32237026	0.33443748	
694.6	0.32197297	0.33428337	
694.8	0.32158931	0.33412934	
695	0.32135832	0.33397538	
695.2	0.32094253	0.33382149	
695.4	0.3203858	0.33366767	
695.6	0.32006296	0.33351392	
695.8	0.31993217	0.33336024	
696	0.31999086	0.33320664	
696.2	0.32014942	0.3330531	
696.4	0.3195347	0.33289963	
696.6	0.31953791	0.33274624	
696.8	0.31937798	0.33259291	
697	0.3194767	0.33243966	
697.2	0.3193165	0.33228648	
697.4	0.31943032	0.33213337	
697.6	0.31941494	0.33198032	
697.8	0.3191658	0.33182735	
698	0.31867036	0.33167445	
698.2	0.31870314	0.33152162	
698.4	0.31866179	0.33136886	
698.6	0.31835455	0.33121617	
698.8	0.31821051	0.33106355	
699	0.31822404	0.33091101	
699.2	0.31836008	0.33075853	
699.4	0.31830869	0.33060612	
699.6	0.3183498	0.33045378	
699.8	0.31825333	0.33030151	
700	0.31807705	0.33014932	
700.2	0.31783433	0.32999719	
700.4	0.31738234	0.32984513	
700.6	0.31752802	0.32969314	
700.8	0.31716136	0.32954123	
701	0.31669706	0.32938938	
701.2	0.31632669	0.3292376	
701.4	0.31623575	0.3290859	
701.6	0.31589769	0.32893426	
701.8	0.31513277	0.32878269	
702	0.31481602	0.32863119	
702.2	0.31490379	0.32847977	
702.4	0.31463064	0.32832841	
702.6	0.31452972	0.32817712	
702.8	0.31475184	0.3280259	
703	0.31482402	0.32787475	
703.2	0.31456432	0.32772367	
703.4	0.31446256	0.32757266	
703.6	0.31433627	0.32742172	
703.8	0.31366089	0.32727085	
704	0.31394971	0.32712005	
704.2	0.3138367	0.32696932	
704.4	0.31369416	0.32681866	
704.6	0.31361882	0.32666806	
704.8	0.31316215	0.32651754	
705	0.31264784	0.32636709	
705.2	0.31251027	0.3262167	
705.4	0.31232541	0.32606639	
705.6	0.31222793	0.32591614	
705.8	0.31212202	0.32576596	
706	0.31214503	0.32561586	
706.2	0.31216335	0.32546582	
706.4	0.31210274	0.32531585	
706.6	0.31236361	0.32516595	
706.8	0.31225939	0.32501612	
707	0.31170114	0.32486636	
707.2	0.31118917	0.32471666	
707.4	0.31105835	0.32456704	
707.6	0.31051919	0.32441748	
707.8	0.30991275	0.324268	
708	0.310014	0.32411858	
708.2	0.30949621	0.32396923	
708.4	0.30906484	0.32381995	
708.6	0.30886073	0.32367074	
708.8	0.30856556	0.3235216	
709	0.3084478	0.32337252	
709.2	0.30838306	0.32322352	
709.4	0.3086682	0.32307458	
709.6	0.3089859	0.32292572	
709.8	0.30899709	0.32277692	
710	0.30922178	0.32262819	
710.2	0.30958968	0.32247952	
710.4	0.30958289	0.32233093	
710.6	0.30920274	0.32218241	
710.8	0.3088602	0.32203395	
711	0.30863816	0.32188556	
711.2	0.30835183	0.32173724	
711.4	0.30801052	0.32158899	
711.6	0.30767545	0.32144081	
711.8	0.30703717	0.32129269	
712	0.30691281	0.32114465	
712.2	0.30641987	0.32099667	
712.4	0.30596234	0.32084876	
712.6	0.30555346	0.32070092	
712.8	0.30529227	0.32055314	
713	0.30502945	0.32040544	
713.2	0.30493952	0.3202578	
713.4	0.30521989	0.32011023	
713.6	0.30560328	0.31996273	
713.8	0.30591208	0.3198153	
714	0.30588836	0.31966793	
714.2	0.30555577	0.31952063	
714.4	0.30523037	0.3193734	
714.6	0.3049029	0.31922624	
714.8	0.30532	0.31907915	
715	0.30490468	0.31893212	
715.2	0.30482408	0.31878516	
715.4	0.30469207	0.31863827	
715.6	0.30464589	0.31849145	
715.8	0.30428866	0.31834469	
716	0.30409837	0.318198	
716.2	0.30385572	0.31805138	
716.4	0.30377447	0.31790483	
716.6	0.30333819	0.31775834	
716.8	0.30334425	0.31761193	
717	0.30297848	0.31746558	
717.2	0.30289166	0.31731929	
717.4	0.30310071	0.31717308	
717.6	0.30312141	0.31702693	
717.8	0.30286103	0.31688085	
718	0.30224843	0.31673484	
718.2	0.3017543	0.31658889	
718.4	0.30123452	0.31644301	
718.6	0.30119009	0.3162972	
718.8	0.30084413	0.31615145	
719	0.3004546	0.31600578	
719.2	0.30048389	0.31586017	
719.4	0.30047043	0.31571462	
719.6	0.30041064	0.31556915	
719.8	0.3000292	0.31542374	
720	0.29977082	0.3152784	
720.2	0.2999335	0.31513312	
720.4	0.2999531	0.31498791	
720.6	0.29946152	0.31484277	
720.8	0.29948088	0.3146977	
721	0.29921831	0.31455269	
721.2	0.29930378	0.31440775	
721.4	0.29970083	0.31426287	
721.6	0.29931844	0.31411807	
721.8	0.29924374	0.31397333	
722	0.29891326	0.31382865	
722.2	0.29852568	0.31368405	
722.4	0.29813962	0.31353951	
722.6	0.29808678	0.31339503	
722.8	0.29813994	0.31325062	
723	0.29810699	0.31310628	
723.2	0.29791757	0.31296201	
723.4	0.29792317	0.3128178	
723.6	0.29766522	0.31267366	
723.8	0.29728857	0.31252958	
724	0.29699144	0.31238558	
724.2	0.29691135	0.31224163	
724.4	0.29702166	0.31209776	
724.6	0.29667298	0.31195395	
724.8	0.29670782	0.31181021	
725	0.29676027	0.31166653	
725.2	0.29677259	0.31152292	
725.4	0.29649504	0.31137937	
725.6	0.29588857	0.31123589	
725.8	0.2956172	0.31109248	
726	0.29510006	0.31094914	
726.2	0.29460049	0.31080586	
726.4	0.29467625	0.31066264	
726.6	0.29463216	0.31051949	
726.8	0.2948249	0.31037641	
727	0.29418795	0.31023339	
727.2	0.29407299	0.31009044	
727.4	0.29388694	0.30994756	
727.6	0.29359782	0.30980474	
727.8	0.2932066	0.30966199	
728	0.29314306	0.3095193	
728.2	0.29300241	0.30937668	
728.4	0.2930515	0.30923412	
728.6	0.29291427	0.30909163	
728.8	0.29286835	0.30894921	
729	0.29304776	0.30880685	
729.2	0.29248502	0.30866456	
729.4	0.29214216	0.30852233	
729.6	0.2920875	0.30838017	
729.8	0.29166032	0.30823807	
730	0.29141745	0.30809604	
730.2	0.29138109	0.30795407	
730.4	0.29137146	0.30781217	
730.6	0.29098927	0.30767034	
730.8	0.29065819	0.30752857	
731	0.29040145	0.30738687	
731.2	0.29030124	0.30724523	
731.4	0.2897773	0.30710365	
731.6	0.28953801	0.30696214	
731.8	0.28904184	0.3068207	
732	0.28878471	0.30667932	
732.2	0.28834077	0.30653801	
732.4	0.28834575	0.30639676	
732.6	0.28841516	0.30625558	
732.8	0.28834554	0.30611446	
733	0.28805093	0.30597341	
733.2	0.28778924	0.30583242	
733.4	0.28777643	0.3056915	
733.6	0.28752537	0.30555064	
733.8	0.28771811	0.30540985	
734	0.28804162	0.30526912	
734.2	0.28812858	0.30512846	
734.4	0.28805072	0.30498786	
734.6	0.28804338	0.30484733	
734.8	0.28807462	0.30470686	
735	0.28799186	0.30456645	
735.2	0.28796772	0.30442612	
735.4	0.2877257	0.30428584	
735.6	0.28781514	0.30414563	
735.8	0.28737478	0.30400549	
736	0.28726535	0.3038654	
736.2	0.28707208	0.30372539	
736.4	0.28727306	0.30358544	
736.6	0.28733182	0.30344555	
736.8	0.28676265	0.30330573	
737	0.28615721	0.30316597	
737.2	0.28606492	0.30302627	
737.4	0.28588024	0.30288665	
737.6	0.28589203	0.30274708	
737.8	0.28613516	0.30260758	
738	0.28602345	0.30246814	
738.2	0.28557016	0.30232877	
738.4	0.28537209	0.30218946	
738.6	0.28507914	0.30205022	
738.8	0.28492025	0.30191104	
739	0.28472647	0.30177192	
739.2	0.28450543	0.30163287	
739.4	0.2843302	0.30149388	
739.6	0.28400402	0.30135496	
739.8	0.28386792	0.3012161	
740	0.28382487	0.30107731	
740.2	0.28376772	0.30093857	
740.4	0.2838469	0.30079991	
740.6	0.28349272	0.3006613	
740.8	0.28312297	0.30052276	
741	0.2832976	0.30038429	
741.2	0.28333599	0.30024587	
741.4	0.28345657	0.30010753	
741.6	0.28320256	0.29996924	
741.8	0.2829788	0.29983102	
742	0.28281105	0.29969286	
742.2	0.28243754	0.29955477	
742.4	0.2823545	0.29941674	
742.6	0.282048	0.29927877	
742.8	0.28183944	0.29914087	
743	0.28147443	0.29900303	
743.2	0.28098701	0.29886526	
743.4	0.28093151	0.29872754	
743.6	0.28067844	0.29858989	
743.8	0.28039779	0.29845231	
744	0.28026757	0.29831479	
744.2	0.28000083	0.29817733	
744.4	0.27977851	0.29803993	
744.6	0.27962213	0.2979026	
744.8	0.27986704	0.29776533	
745	0.28003096	0.29762813	
745.2	0.27990881	0.29749099	
745.4	0.27950797	0.29735391	
745.6	0.27907709	0.29721689	
745.8	0.27896543	0.29707994	
746	0.278896	0.29694305	
746.2	0.27852632	0.29680622	
746.4	0.2780169	0.29666946	
746.6	0.27778592	0.29653276	
746.8	0.27727164	0.29639612	
747	0.27690124	0.29625955	
747.2	0.27657175	0.29612303	
747.4	0.27616164	0.29598659	
747.6	0.27595271	0.2958502	
747.8	0.27572568	0.29571388	
748	0.27553993	0.29557762	
748.2	0.27522566	0.29544142	
748.4	0.27522618	0.29530529	
748.6	0.275198	0.29516921	
748.8	0.27563123	0.2950332	
749	0.27585103	0.29489726	
749.2	0.27604497	0.29476137	
749.4	0.27568871	0.29462555	
749.6	0.2756287	0.29448979	
749.8	0.27554423	0.2943541	
750	0.27519008	0.29421846	
750.2	0.27465996	0.29408289	
750.4	0.27458279	0.29394738	
750.6	0.27475958	0.29381194	
750.8	0.2743451	0.29367655	
751	0.27351206	0.29354123	
751.2	0.27336082	0.29340597	
751.4	0.27326423	0.29327078	
751.6	0.27301889	0.29313564	
751.8	0.27270978	0.29300057	
752	0.27227201	0.29286556	
752.2	0.27202489	0.29273061	
752.4	0.27194118	0.29259573	
752.6	0.27187643	0.29246091	
752.8	0.27240979	0.29232614	
753	0.27267112	0.29219144	
753.2	0.27261255	0.29205681	
753.4	0.27230786	0.29192223	
753.6	0.27214645	0.29178772	
753.8	0.27215103	0.29165327	
754	0.27193025	0.29151888	
754.2	0.27187301	0.29138455	
754.4	0.27215758	0.29125029	
754.6	0.27184472	0.29111608	
754.8	0.27165931	0.29098194	
755	0.27125164	0.29084786	
755.2	0.27178034	0.29071384	
755.4	0.27156218	0.29057989	
755.6	0.27145939	0.29044599	
755.8	0.27144836	0.29031216	
756	0.27127579	0.29017839	
756.2	0.27115359	0.29004468	
756.4	0.271492	0.28991103	
756.6	0.271309	0.28977745	
756.8	0.27130056	0.28964392	
757	0.27095939	0.28951046	
757.2	0.27072705	0.28937706	
757.4	0.27035883	0.28924372	
757.6	0.26979196	0.28911044	
757.8	0.26954364	0.28897722	
758	0.26907677	0.28884406	
758.2	0.26857603	0.28871097	
758.4	0.26836571	0.28857794	
758.6	0.26784979	0.28844496	
758.8	0.2676994	0.28831205	
759	0.26746372	0.2881792	
759.2	0.26769617	0.28804642	
759.4	0.26738132	0.28791369	
759.6	0.26769655	0.28778102	
759.8	0.26727471	0.28764842	
760	0.26680214	0.28751587	
760.2	0.266867	0.28738339	
760.4	0.26675723	0.28725097	
760.6	0.26619753	0.28711861	
760.8	0.26624206	0.28698631	
761	0.26592988	0.28685407	
761.2	0.26573693	0.28672189	
761.4	0.26546159	0.28658978	
761.6	0.2652313	0.28645772	
761.8	0.26535413	0.28632573	
762	0.26484418	0.28619379	
762.2	0.26443345	0.28606192	
762.4	0.26446953	0.28593011	
762.6	0.26437568	0.28579835	
762.8	0.26394781	0.28566666	
763	0.26388007	0.28553503	
763.2	0.26390883	0.28540346	
763.4	0.26350215	0.28527195	
763.6	0.26393821	0.28514051	
763.8	0.26340229	0.28500912	
764	0.2634399	0.28487779	
764.2	0.26361251	0.28474652	
764.4	0.26344139	0.28461532	
764.6	0.26308399	0.28448417	
764.8	0.26319379	0.28435308	
765	0.2632417	0.28422206	
765.2	0.26329872	0.28409109	
765.4	0.2633477	0.28396019	
765.6	0.26326216	0.28382935	
765.8	0.26336132	0.28369856	
766	0.26312689	0.28356784	
766.2	0.2630487	0.28343717	
766.4	0.26275081	0.28330657	
766.6	0.26227689	0.28317603	
766.8	0.26159631	0.28304555	
767	0.26159947	0.28291512	
767.2	0.26187797	0.28278476	
767.4	0.26222239	0.28265446	
767.6	0.26244571	0.28252421	
767.8	0.2619834	0.28239403	
768	0.26190078	0.28226391	
768.2	0.26181667	0.28213385	
768.4	0.26155064	0.28200384	
768.6	0.26128707	0.2818739	
768.8	0.26145601	0.28174402	
769	0.26127616	0.2816142	
769.2	0.26101883	0.28148443	
769.4	0.26069724	0.28135473	
769.6	0.26063405	0.28122509	
769.8	0.26044512	0.2810955	
770	0.25985573	0.28096598	
770.2	0.25951678	0.28083651	
770.4	0.25905879	0.28070711	
770.6	0.25897328	0.28057776	
770.8	0.25877965	0.28044848	
771	0.25906053	0.28031925	
771.2	0.25931342	0.28019008	
771.4	0.2593837	0.28006098	
771.6	0.25897567	0.27993193	
771.8	0.25870545	0.27980294	
772	0.25849483	0.27967401	
772.2	0.25845761	0.27954514	
772.4	0.25839935	0.27941633	
772.6	0.25820533	0.27928758	
772.8	0.25829903	0.27915889	
773	0.25803682	0.27903026	
773.2	0.25779182	0.27890169	
773.4	0.2573464	0.27877317	
773.6	0.25720073	0.27864472	
773.8	0.25680896	0.27851633	
774	0.25657693	0.27838799	
774.2	0.25677787	0.27825971	
774.4	0.25656818	0.2781315	
774.6	0.25663468	0.27800334	
774.8	0.25637305	0.27787524	
775	0.25657765	0.2777472	
775.2	0.25638013	0.27761922	
775.4	0.25612768	0.27749129	
775.6	0.25599574	0.27736343	
775.8	0.25570507	0.27723563	
776	0.25563227	0.27710788	
776.2	0.25527329	0.27698019	
776.4	0.25522885	0.27685257	
776.6	0.25495889	0.276725	
776.8	0.25467482	0.27659749	
777	0.2541735	0.27647003	
777.2	0.25371827	0.27634264	
777.4	0.25332359	0.27621531	
777.6	0.2531593	0.27608803	
777.8	0.25304104	0.27596081	
778	0.25310102	0.27583366	
778.2	0.25302363	0.27570656	
778.4	0.25281451	0.27557952	
778.6	0.25277604	0.27545253	
778.8	0.25267215	0.27532561	
779	0.25277576	0.27519874	
779.2	0.25262526	0.27507194	
779.4	0.25255769	0.27494519	
779.6	0.25259864	0.2748185	
779.8	0.25225536	0.27469187	
