Conc1	2E-07	
Start1	180	
Stop1	299.8	
Kobs	0.119014237372356	
Error Kobs	0.0015832293296416	
Koff	0	
Error Koff	0	
Time1	Data1	Fit1	
180	0.01238284	0	
180.2	0.01392001	0.00344543	
180.4	0.01520435	0.00675435	
180.6	0.0172004	0.00993218	
180.8	0.01929482	0.01298409	
181	0.02123784	0.01591509	
181.2	0.02318397	0.01872996	
181.4	0.02534856	0.02143331	
181.6	0.02766898	0.02402954	
181.8	0.0300356	0.02652292	
182	0.03257931	0.02891751	
182.2	0.03460605	0.03121722	
182.4	0.03600138	0.03342582	
182.6	0.03774807	0.03554691	
182.8	0.03936363	0.03758396	
183	0.04097505	0.03954031	
183.2	0.04269133	0.04141914	
183.4	0.04396119	0.04322353	
183.6	0.04579014	0.04495644	
183.8	0.04743576	0.04662068	
184	0.04912998	0.04821899	
184.2	0.05082743	0.04975397	
184.4	0.0521944	0.05122814	
184.6	0.05359395	0.0526439	
184.8	0.0551278	0.05400357	
185	0.05593848	0.05530936	
185.2	0.05720412	0.05656342	
185.4	0.05864387	0.0577678	
185.6	0.05958847	0.05892445	
185.8	0.06022126	0.06003528	
186	0.06114221	0.0611021	
186.2	0.06133126	0.06212665	
186.4	0.0618675	0.06311061	
186.6	0.06255607	0.06405558	
186.8	0.06332075	0.06496311	
187	0.0635122	0.06583469	
187.2	0.06458914	0.06667173	
187.4	0.06506587	0.06747561	
187.6	0.06595319	0.06824764	
187.8	0.06616637	0.06898908	
188	0.0663697	0.06970115	
188.2	0.06723084	0.070385	
188.4	0.06807332	0.07104176	
188.6	0.06878688	0.0716725	
188.8	0.07008776	0.07227825	
189	0.07042295	0.07286	
189.2	0.07150956	0.0734187	
189.4	0.07214477	0.07395526	
189.6	0.07223154	0.07447057	
189.8	0.07238204	0.07496545	
190	0.07310579	0.07544073	
190.2	0.07362738	0.07589718	
190.4	0.07455571	0.07633555	
190.6	0.07461331	0.07675655	
190.8	0.07517931	0.07716086	
191	0.07520452	0.07754916	
191.2	0.07584201	0.07792208	
191.4	0.07583728	0.07828021	
191.6	0.07645767	0.07862416	
191.8	0.07583937	0.07895448	
192	0.0764466	0.07927172	
192.2	0.07774168	0.07957638	
192.4	0.0781925	0.07986898	
192.6	0.0789372	0.08014998	
192.8	0.07985692	0.08041985	
193	0.07997305	0.08067902	
193.2	0.08056675	0.08092793	
193.4	0.08119684	0.08116698	
193.6	0.08124362	0.08139655	
193.8	0.08126675	0.08161703	
194	0.08125722	0.08182877	
194.2	0.08140781	0.08203213	
194.4	0.08145403	0.08222743	
194.6	0.08150366	0.08241499	
194.8	0.08226037	0.08259511	
195	0.08251594	0.08276811	
195.2	0.08273887	0.08293424	
195.4	0.0825093	0.0830938	
195.6	0.08268741	0.08324703	
195.8	0.08228322	0.08339419	
196	0.08303529	0.08353553	
196.2	0.08310074	0.08367126	
196.4	0.08327837	0.08380161	
196.6	0.08404866	0.0839268	
196.8	0.08447813	0.08404703	
197	0.08392998	0.0841625	
197.2	0.08427767	0.08427339	
197.4	0.0840351	0.08437989	
197.6	0.08386484	0.08448217	
197.8	0.08357881	0.08458039	
198	0.08372582	0.08467473	
198.2	0.08457969	0.08476532	
198.4	0.08512091	0.08485233	
198.6	0.08564093	0.08493589	
198.8	0.08599593	0.08501614	
199	0.0859397	0.08509321	
199.2	0.08531561	0.08516723	
199.4	0.08485023	0.08523831	
199.6	0.08495525	0.08530658	
199.8	0.08478118	0.08537214	
200	0.08488113	0.0854351	
200.2	0.08464251	0.08549557	
200.4	0.08446309	0.08555365	
200.6	0.08475734	0.08560942	
200.8	0.08449123	0.08566299	
201	0.08395793	0.08571443	
201.2	0.08402974	0.08576383	
201.4	0.08370601	0.08581128	
201.6	0.08427011	0.08585684	
201.8	0.08417852	0.08590061	
202	0.08501677	0.08594263	
202.2	0.08517469	0.08598299	
202.4	0.08530786	0.08602176	
202.6	0.08541189	0.08605898	
202.8	0.08573688	0.08609474	
203	0.08573694	0.08612907	
203.2	0.08582406	0.08616205	
203.4	0.08601696	0.08619372	
203.6	0.08668847	0.08622413	
203.8	0.08636376	0.08625334	
204	0.08624654	0.08628139	
204.2	0.08601351	0.08630833	
204.4	0.08601054	0.0863342	
204.6	0.08647248	0.08635905	
204.8	0.08616884	0.08638291	
205	0.08610417	0.08640583	
205.2	0.08632266	0.08642784	
205.4	0.08619192	0.08644898	
205.6	0.08659294	0.08646928	
205.8	0.08599297	0.08648878	
206	0.08660091	0.0865075	
206.2	0.08640832	0.08652548	
206.4	0.08683067	0.08654275	
206.6	0.08660209	0.08655934	
206.8	0.08624919	0.08657526	
207	0.08620322	0.08659056	
207.2	0.0860513	0.08660525	
207.4	0.08589677	0.08661936	
207.6	0.08593595	0.08663291	
207.8	0.08528694	0.08664592	
208	0.08526764	0.08665842	
208.2	0.0855036	0.08667042	
208.4	0.08548046	0.08668195	
208.6	0.0856974	0.08669302	
208.8	0.08567298	0.08670365	
209	0.0859901	0.08671386	
209.2	0.08593402	0.08672367	
209.4	0.08635475	0.08673308	
209.6	0.0867914	0.08674213	
209.8	0.08644545	0.08675081	
210	0.08703945	0.08675916	
210.2	0.08719196	0.08676717	
210.4	0.08694848	0.08677486	
210.6	0.08675988	0.08678225	
210.8	0.08676162	0.08678935	
211	0.08692783	0.08679616	
211.2	0.08659774	0.08680271	
211.4	0.08674373	0.08680899	
211.6	0.08674354	0.08681503	
211.8	0.08665348	0.08682083	
212	0.08704122	0.08682639	
212.2	0.0870038	0.08683174	
212.4	0.0865937	0.08683688	
212.6	0.0866994	0.08684181	
212.8	0.08647858	0.08684654	
213	0.08574366	0.08685109	
213.2	0.0850952	0.08685546	
213.4	0.08510688	0.08685966	
213.6	0.08441443	0.08686369	
213.8	0.08411423	0.08686756	
214	0.08468438	0.08687127	
214.2	0.08498216	0.08687484	
214.4	0.08459986	0.08687827	
214.6	0.08516802	0.08688156	
214.8	0.08538817	0.08688472	
215	0.08601139	0.08688776	
215.2	0.0861213	0.08689067	
215.4	0.08726704	0.08689347	
215.6	0.0877923	0.08689616	
215.8	0.08787242	0.08689875	
216	0.08848036	0.08690123	
216.2	0.08877246	0.08690361	
216.4	0.0890696	0.0869059	
216.6	0.08930784	0.08690809	
216.8	0.08935831	0.0869102	
217	0.08868978	0.08691223	
217.2	0.08858459	0.08691418	
217.4	0.08880081	0.08691605	
217.6	0.08848003	0.08691784	
217.8	0.0887727	0.08691957	
218	0.08854806	0.08692122	
218.2	0.08826706	0.08692281	
218.4	0.08807092	0.08692434	
218.6	0.087978	0.0869258	
218.8	0.08799646	0.08692721	
219	0.0882308	0.08692857	
219.2	0.08826261	0.08692986	
219.4	0.08900118	0.08693111	
219.6	0.08894652	0.08693231	
219.8	0.08903517	0.08693346	
220	0.08933801	0.08693457	
220.2	0.08916217	0.08693563	
220.4	0.08837791	0.08693665	
220.6	0.08809898	0.08693763	
220.8	0.08785854	0.08693857	
221	0.0876672	0.08693947	
221.2	0.08746457	0.08694034	
221.4	0.08703904	0.08694117	
221.6	0.08605345	0.08694197	
221.8	0.08573592	0.08694274	
222	0.08490072	0.08694347	
222.2	0.08522443	0.08694418	
222.4	0.08501258	0.08694486	
222.6	0.0853161	0.08694552	
222.8	0.08568624	0.08694614	
223	0.08600288	0.08694675	
223.2	0.08643638	0.08694732	
223.4	0.08716734	0.08694788	
223.6	0.08769379	0.08694841	
223.8	0.08764107	0.08694893	
224	0.08709527	0.08694942	
224.2	0.08651778	0.08694989	
224.4	0.0858123	0.08695035	
224.6	0.08611253	0.08695078	
224.8	0.08571749	0.0869512	
225	0.08572461	0.0869516	
225.2	0.08484382	0.08695199	
225.4	0.08489282	0.08695236	
225.6	0.08502137	0.08695272	
225.8	0.08500396	0.08695306	
226	0.08538305	0.08695339	
226.2	0.08622487	0.0869537	
226.4	0.08722752	0.08695401	
226.6	0.08815514	0.0869543	
226.8	0.08812897	0.08695458	
227	0.08858042	0.08695485	
227.2	0.08897854	0.0869551	
227.4	0.08947651	0.08695535	
227.6	0.08972963	0.08695559	
227.8	0.08952322	0.08695582	
228	0.08905924	0.08695604	
228.2	0.08914746	0.08695625	
228.4	0.0888826	0.08695645	
228.6	0.08833149	0.08695664	
228.8	0.08827653	0.08695683	
229	0.08832905	0.08695701	
229.2	0.08863569	0.08695718	
229.4	0.08900913	0.08695735	
229.6	0.08888969	0.08695751	
229.8	0.08892678	0.08695766	
230	0.08923707	0.0869578	
230.2	0.08867975	0.08695795	
230.4	0.08909673	0.08695808	
230.6	0.0889907	0.08695821	
230.8	0.08852381	0.08695833	
231	0.08806998	0.08695845	
231.2	0.08760066	0.08695857	
231.4	0.08666166	0.08695868	
231.6	0.08646466	0.08695879	
231.8	0.08628429	0.08695889	
232	0.08637253	0.08695898	
232.2	0.0865903	0.08695908	
232.4	0.08610166	0.08695917	
232.6	0.08559276	0.08695926	
232.8	0.08630399	0.08695934	
233	0.08576021	0.08695942	
233.2	0.0858502	0.08695949	
233.4	0.08536073	0.08695957	
233.6	0.08554512	0.08695964	
233.8	0.08580999	0.08695971	
234	0.0857634	0.08695977	
234.2	0.08553127	0.08695983	
234.4	0.08662591	0.08695989	
234.6	0.08657309	0.08695995	
234.8	0.08609525	0.08696001	
235	0.08605743	0.08696006	
235.2	0.08651769	0.08696011	
235.4	0.08701673	0.08696016	
235.6	0.08863026	0.08696021	
235.8	0.08931335	0.08696025	
236	0.08937547	0.0869603	
236.2	0.08890552	0.08696034	
236.4	0.08889264	0.08696038	
236.6	0.08912419	0.08696042	
236.8	0.08932004	0.08696046	
237	0.08882339	0.08696049	
237.2	0.08891481	0.08696053	
237.4	0.08872572	0.08696056	
237.6	0.08881435	0.08696059	
237.8	0.08894035	0.08696062	
238	0.08877619	0.08696065	
238.2	0.08853236	0.08696068	
238.4	0.08851572	0.0869607	
238.6	0.08793647	0.08696073	
238.8	0.08779452	0.08696075	
239	0.08808958	0.08696078	
239.2	0.08830589	0.0869608	
239.4	0.08837504	0.08696082	
239.6	0.08816606	0.08696084	
239.8	0.08724214	0.08696086	
240	0.08724214	0.08696088	
240.2	0.0864092	0.08491541	
240.4	0.08562579	0.08291804	
240.6	0.08437934	0.08096766	
240.8	0.08291261	0.07906316	
241	0.0810933	0.07720345	
241.2	0.07873082	0.07538749	
241.4	0.07645882	0.07361424	
241.6	0.073854	0.0718827	
241.8	0.07157618	0.07019189	
242	0.06946157	0.06854085	
242.2	0.06683997	0.06692865	
242.4	0.06485801	0.06535436	
242.6	0.06281739	0.06381711	
242.8	0.06068258	0.06231602	
243	0.05900573	0.06085024	
243.2	0.05728725	0.05941893	
243.4	0.05624381	0.05802129	
243.6	0.0545658	0.05665652	
243.8	0.0536189	0.05532386	
244	0.05256732	0.05402254	
244.2	0.05158383	0.05275184	
244.4	0.0504942	0.05151102	
244.6	0.04929004	0.05029939	
244.8	0.0479899	0.04911626	
245	0.04714563	0.04796095	
245.2	0.04550184	0.04683283	
245.4	0.04446239	0.04573123	
245.6	0.04364391	0.04465555	
245.8	0.04261636	0.04360517	
246	0.04142631	0.0425795	
246.2	0.03994491	0.04157796	
246.4	0.03948514	0.04059997	
246.6	0.03812929	0.03964498	
246.8	0.03705147	0.03871246	
247	0.0364931	0.03780188	
247.2	0.03569109	0.03691271	
247.4	0.0351454	0.03604446	
247.6	0.03437925	0.03519662	
247.8	0.0342393	0.03436874	
248	0.03258171	0.03356032	
248.2	0.03213928	0.03277092	
248.4	0.03140477	0.03200009	
248.6	0.03149283	0.03124739	
248.8	0.03136181	0.0305124	
249	0.0311074	0.02979469	
249.2	0.03041148	0.02909387	
249.4	0.03012636	0.02840953	
249.6	0.0296971	0.02774128	
249.8	0.02838499	0.02708876	
250	0.02739056	0.02645158	
250.2	0.02683798	0.02582939	
250.4	0.02631832	0.02522184	
250.6	0.02586865	0.02462858	
250.8	0.02546911	0.02404927	
251	0.02523186	0.02348359	
251.2	0.02486945	0.02293121	
251.4	0.02454694	0.02239183	
251.6	0.02439604	0.02186513	
251.8	0.02388126	0.02135083	
252	0.02278833	0.02084862	
252.2	0.0230522	0.02035822	
252.4	0.02243096	0.01987936	
252.6	0.02276903	0.01941176	
252.8	0.02190675	0.01895516	
253	0.02120791	0.0185093	
253.2	0.02033581	0.01807393	
253.4	0.01949444	0.0176488	
253.6	0.01873719	0.01723367	
253.8	0.01775211	0.0168283	
254	0.0170827	0.01643247	
254.2	0.0167016	0.01604595	
254.4	0.0162784	0.01566852	
254.6	0.01612496	0.01529996	
254.8	0.01576661	0.01494008	
255	0.01515313	0.01458866	
255.2	0.01492815	0.01424551	
255.4	0.01446338	0.01391043	
255.6	0.01434223	0.01358323	
255.8	0.01432955	0.01326373	
256	0.01424312	0.01295175	
256.2	0.01442947	0.0126471	
256.4	0.01387659	0.01234962	
256.6	0.01457309	0.01205913	
256.8	0.01450247	0.01177548	
257	0.01443154	0.0114985	
257.2	0.01442129	0.01122803	
257.4	0.01496552	0.01096393	
257.6	0.01463311	0.01070604	
257.8	0.01456695	0.01045421	
258	0.01387924	0.01020831	
258.2	0.01376533	0.00996819	
258.4	0.01346929	0.00973372	
258.6	0.0134503	0.00950477	
258.8	0.01336004	0.0092812	
259	0.01270014	0.00906289	
259.2	0.0122695	0.00884971	
259.4	0.01213669	0.00864155	
259.6	0.01170699	0.00843829	
259.8	0.01128798	0.0082398	
260	0.01107175	0.00804599	
260.2	0.0112001	0.00785673	
260.4	0.01042614	0.00767193	
260.6	0.01049683	0.00749147	
260.8	0.01008388	0.00731526	
261	0.00959995	0.00714319	
261.2	0.0095739	0.00697517	
261.4	0.00916616	0.0068111	
261.6	0.00818074	0.00665089	
261.8	0.00792582	0.00649445	
262	0.00727464	0.00634169	
262.2	0.00756139	0.00619252	
262.4	0.0075212	0.00604686	
262.6	0.0075703	0.00590463	
262.8	0.00742091	0.00576574	
263	0.00735461	0.00563012	
263.2	0.00696487	0.00549769	
263.4	0.00734642	0.00536837	
263.6	0.00740313	0.0052421	
263.8	0.00790288	0.0051188	
264	0.00848335	0.00499839	
264.2	0.00857717	0.00488082	
264.4	0.00776284	0.00476602	
264.6	0.00776612	0.00465391	
264.8	0.00737064	0.00454444	
265	0.00739091	0.00443755	
265.2	0.00710475	0.00433317	
265.4	0.0067348	0.00423125	
265.6	0.00609073	0.00413172	
265.8	0.00517761	0.00403454	
266	0.00475079	0.00393964	
266.2	0.00451185	0.00384697	
266.4	0.00420933	0.00375648	
266.6	0.0038699	0.00366812	
266.8	0.00412265	0.00358184	
267	0.00408637	0.00349759	
267.2	0.00383145	0.00341532	
267.4	0.00398678	0.00333499	
267.6	0.00410324	0.00325654	
267.8	0.00413004	0.00317994	
268	0.00443548	0.00310514	
268.2	0.00432506	0.0030321	
268.4	0.00426764	0.00296078	
268.6	0.0045565	0.00289114	
268.8	0.00464077	0.00282314	
269	0.00562914	0.00275673	
269.2	0.0057845	0.00269189	
269.4	0.00598118	0.00262857	
269.6	0.00611568	0.00256674	
269.8	0.00609803	0.00250637	
270	0.00596955	0.00244741	
270.2	0.00591058	0.00238984	
270.4	0.00589815	0.00233363	
270.6	0.00560419	0.00227874	
270.8	0.00572201	0.00222514	
271	0.00542046	0.0021728	
271.2	0.00503284	0.00212169	
271.4	0.00429932	0.00207179	
271.6	0.00418498	0.00202305	
271.8	0.00412059	0.00197547	
272	0.0041011	0.001929	
272.2	0.00396441	0.00188363	
272.4	0.00452536	0.00183932	
272.6	0.00482742	0.00179606	
272.8	0.00502647	0.00175381	
273	0.00540804	0.00171256	
273.2	0.00529054	0.00167228	
273.4	0.00559026	0.00163294	
273.6	0.00581734	0.00159453	
273.8	0.00573968	0.00155703	
274	0.00506551	0.0015204	
274.2	0.00487724	0.00148464	
274.4	0.00444527	0.00144972	
274.6	0.00436655	0.00141562	
274.8	0.00429237	0.00138232	
275	0.00374673	0.0013498	
275.2	0.00337511	0.00131806	
275.4	0.00314201	0.00128705	
275.6	0.00308901	0.00125678	
275.8	0.00349343	0.00122722	
276	0.0032736	0.00119835	
276.2	0.00302702	0.00117016	
276.4	0.0031674	0.00114264	
276.6	0.00301059	0.00111576	
276.8	0.00269234	0.00108952	
277	0.00265225	0.00106389	
277.2	0.00255184	0.00103886	
277.4	0.0024849	0.00101443	
277.6	0.00215037	0.00099057	
277.8	0.001652	0.00096727	
278	0.00131405	0.00094452	
278.2	0.00119354	0.0009223	
278.4	0.00083551	0.00090061	
278.6	0.00078684	0.00087942	
278.8	0.00045183	0.00085874	
279	0.00083221	0.00083854	
279.2	0.00113736	0.00081881	
279.4	0.00127227	0.00079955	
279.6	0.00132553	0.00078075	
279.8	0.00115006	0.00076238	
280	0.00076446	0.00074445	
280.2	0.00032897	0.00072694	
280.4	0.00059029	0.00070984	
280.6	0.00097862	0.00069314	
280.8	0.00094405	0.00067684	
281	0.00101343	0.00066092	
281.2	0.00122598	0.00064537	
281.4	0.00104949	0.00063019	
281.6	0.00121565	0.00061537	
281.8	0.00121347	0.00060089	
282	0.00142321	0.00058676	
282.2	0.00161948	0.00057296	
282.4	0.00154197	0.00055948	
282.6	0.00157382	0.00054632	
282.8	0.00177925	0.00053347	
283	0.00170207	0.00052092	
283.2	0.0018456	0.00050867	
283.4	0.00173005	0.0004967	
283.6	0.00135432	0.00048502	
283.8	0.00106671	0.00047361	
284	0.00130847	0.00046247	
284.2	0.0008071	0.00045159	
284.4	0.00119766	0.00044097	
284.6	0.00100329	0.0004306	
284.8	0.00056293	0.00042047	
285	0.00091608	0.00041058	
285.2	0.00142058	0.00040092	
285.4	0.00134517	0.00039149	
285.6	0.00149877	0.00038228	
285.8	0.00129323	0.00037329	
286	0.00120698	0.00036451	
286.2	0.00174902	0.00035594	
286.4	0.00201246	0.00034757	
286.6	0.00186559	0.00033939	
286.8	0.0015213	0.00033141	
287	0.00157158	0.00032361	
287.2	0.00181586	0.000316	
287.4	0.00167422	0.00030857	
287.6	0.00179344	0.00030131	
287.8	0.00220003	0.00029422	
288	0.00236525	0.0002873	
288.2	0.00221933	0.00028054	
288.4	0.00249232	0.00027394	
288.6	0.00281976	0.0002675	
288.8	0.00247655	0.00026121	
289	0.00314183	0.00025506	
289.2	0.00323182	0.00024906	
289.4	0.00288695	0.00024321	
289.6	0.00297279	0.00023749	
289.8	0.00309402	0.0002319	
290	0.00334432	0.00022644	
290.2	0.0034509	0.00022112	
290.4	0.0025904	0.00021592	
290.6	0.00175013	0.00021084	
290.8	0.00150652	0.00020588	
291	0.00127611	0.00020104	
291.2	0.00091517	0.00019631	
291.4	0.00068566	0.00019169	
291.6	0.00044817	0.00018718	
291.8	-0.00025216	0.00018278	
292	-0.00030714	0.00017848	
292.2	-0.00068231	0.00017428	
292.4	-0.00084839	0.00017018	
292.6	-0.00110421	0.00016618	
292.8	-0.00183666	0.00016227	
293	-0.00197469	0.00015845	
293.2	-0.00211217	0.00015473	
293.4	-0.00223737	0.00015109	
293.6	-0.00203869	0.00014753	
293.8	-0.00219933	0.00014406	
294	-0.002187	0.00014067	
294.2	-0.00253242	0.00013737	
294.4	-0.00279367	0.00013413	
294.6	-0.0021068	0.00013098	
294.8	-0.00122335	0.0001279	
295	-0.00108912	0.00012489	
295.2	-0.00037917	0.00012195	
295.4	0.00039423	0.00011908	
295.6	0.00089583	0.00011628	
295.8	0.00059423	0.00011355	
296	0.00051998	0.00011088	
296.2	0.00005008	0.00010827	
296.4	0.00019287	0.00010572	
296.6	-0.00015049	0.00010323	
296.8	-0.00015341	0.00010081	
297	-0.00037241	0.00009844	
297.2	0.00016548	0.00009612	
297.4	-0.0002908	0.00009386	
297.6	-0.00059277	0.00009165	
297.8	-0.00065932	0.0000895	
298	-0.00051847	0.00008739	
298.2	-0.00057302	0.00008534	
298.4	-0.00057079	0.00008333	
298.6	-0.0003031	0.00008137	
298.8	-0.0001613	0.00007945	
299	-0.00007173	0.00007758	
299.2	0.00015781	0.00007576	
299.4	0.00014551	0.00007398	
299.6	-0.0005679	0.00007224	
299.8	-0.0014504	0.00007054	
